 32.0000	 32.0000	  0.9512	  0.1838	  1.0000	  1.0007
 64.0000	 32.0000	  0.8576	  0.2337	  1.0000	  1.0035
 96.0000	 32.0000	  0.7266	  0.3030	  1.0000	  0.0000
128.0000	 32.0000	  0.6276	  0.3705	  1.0000	  0.0000
160.0000	 32.0000	  0.6061	  0.4264	  1.0000	  1.0024
192.0000	 32.0000	  0.6834	  0.4810	  0.0000	  1.0278
224.0000	 32.0000	  0.7349	  0.5544	  0.0000	  1.0217
256.0000	 32.0000	  0.7540	  0.6186	  1.0000	  1.0023
288.0000	 32.0000	  0.8520	  0.6475	  1.0000	  0.0000
320.0000	 32.0000	  1.0725	  0.5584	  1.0000	  1.0001
352.0000	 32.0000	  1.4488	  0.2713	  1.0000	  1.0001
384.0000	 32.0000	  1.9763	 -0.2733	  1.0000	  1.0000
416.0000	 32.0000	  2.6204	 -1.1550	  1.0000	  1.0059
448.0000	 32.0000	  3.2047	 -2.2574	  1.0000	  1.0047
480.0000	 32.0000	  3.5496	 -3.2784	  1.0000	  1.0004
512.0000	 32.0000	  3.5131	 -3.7937	  1.0000	  1.0001
544.0000	 32.0000	  3.1448	 -3.7283	  1.0000	  1.0018
576.0000	 32.0000	  2.4317	 -3.0181	  1.0000	  1.0002
608.0000	 32.0000	  1.5773	 -1.8701	  1.0000	  0.0000
640.0000	 32.0000	  0.8382	 -0.8333	  1.0000	  1.0002
672.0000	 32.0000	  0.3652	 -0.1838	  1.0000	  1.0014
704.0000	 32.0000	  0.1406	  0.0894	  1.0000	  0.0000
736.0000	 32.0000	  0.0991	  0.1213	  1.0000	  1.0001
768.0000	 32.0000	  0.1520	  0.0767	  1.0000	  1.0001
800.0000	 32.0000	  0.2497	  0.0450	  1.0000	  1.0011
832.0000	 32.0000	  0.3659	  0.0632	  0.0000	  1.0082
864.0000	 32.0000	  0.4467	  0.1295	  0.0000	  1.0148
896.0000	 32.0000	  0.5013	  0.1058	  0.0000	  1.0263
928.0000	 32.0000	  0.5337	  0.0517	  0.0000	  1.0225
960.0000	 32.0000	  0.4824	  0.0135	  0.0000	  1.0088
992.0000	 32.0000	  0.3259	  0.0042	  0.0000	  1.0073
1024.0000	 32.0000	  0.2207	  0.0554	  0.0000	  1.0038
 32.0000	 64.0000	  1.0313	  0.1139	  1.0000	  0.0000
 64.0000	 64.0000	  0.9675	  0.1846	  1.0000	  1.0002
 96.0000	 64.0000	  0.8368	  0.2772	  1.0000	  1.0006
128.0000	 64.0000	  0.6958	  0.3585	  1.0000	  1.0039
160.0000	 64.0000	  0.6163	  0.4145	  1.0000	  1.0099
192.0000	 64.0000	  0.6423	  0.4603	  0.0000	  1.0310
224.0000	 64.0000	  0.6761	  0.5579	  0.0000	  1.0282
256.0000	 64.0000	  0.7152	  0.6589	  0.0000	  1.0361
288.0000	 64.0000	  0.8365	  0.7050	  1.0000	  1.0036
320.0000	 64.0000	  1.0583	  0.6356	  1.0000	  1.0001
352.0000	 64.0000	  1.4231	  0.3575	  1.0000	  1.0004
384.0000	 64.0000	  1.9590	 -0.1785	  1.0000	  1.0015
416.0000	 64.0000	  2.6307	 -1.0229	  1.0000	  1.0009
448.0000	 64.0000	  3.2113	 -2.0678	  1.0000	  1.0001
480.0000	 64.0000	  3.5018	 -2.9204	  1.0000	  1.0005
512.0000	 64.0000	  3.4012	 -3.3066	  1.0000	  1.0003
544.0000	 64.0000	  3.0094	 -3.2272	  1.0000	  0.0000
576.0000	 64.0000	  2.2565	 -2.5607	  1.0000	  1.0002
608.0000	 64.0000	  1.3968	 -1.4971	  1.0000	  1.0001
640.0000	 64.0000	  0.6673	 -0.5287	  0.0000	  1.0289
672.0000	 64.0000	  0.2432	  0.0022	  0.0000	  1.0289
704.0000	 64.0000	  0.0657	  0.1736	  0.0000	  1.0416
736.0000	 64.0000	  0.0596	  0.1456	  1.0000	  0.0000
768.0000	 64.0000	  0.1223	  0.0720	  1.0000	  1.0025
800.0000	 64.0000	  0.2109	  0.0266	  1.0000	  0.0000
832.0000	 64.0000	  0.3073	  0.0621	  0.0000	  1.0359
864.0000	 64.0000	  0.3856	  0.1000	  0.0000	  1.0218
896.0000	 64.0000	  0.4571	  0.0699	  0.0000	  1.0233
928.0000	 64.0000	  0.5064	  0.0227	  0.0000	  1.0199
960.0000	 64.0000	  0.4566	  0.0117	  0.0000	  1.0141
992.0000	 64.0000	  0.3171	  0.0452	  0.0000	  1.0070
1024.0000	 64.0000	  0.2263	  0.1058	  0.0000	  1.0182
 32.0000	 96.0000	  1.0985	 -0.0083	  0.0000	  1.0269
 64.0000	 96.0000	  1.1036	  0.1015	  0.0000	  1.0323
 96.0000	 96.0000	  0.9767	  0.2350	  0.0000	  1.0181
128.0000	 96.0000	  0.7436	  0.3387	  0.0000	  1.0342
160.0000	 96.0000	  0.5877	  0.4016	  0.0000	  1.0240
192.0000	 96.0000	  0.5985	  0.4457	  0.0000	  1.0491
224.0000	 96.0000	  0.6321	  0.5436	  0.0000	  1.0343
256.0000	 96.0000	  0.6739	  0.6753	  0.0000	  1.0324
288.0000	 96.0000	  0.7944	  0.7651	  0.0000	  1.0274
320.0000	 96.0000	  1.0050	  0.7474	  0.0000	  1.0356
352.0000	 96.0000	  1.3199	  0.5002	  1.0000	  1.0139
384.0000	 96.0000	  1.8335	 -0.0046	  1.0000	  1.0008
416.0000	 96.0000	  2.4773	 -0.7586	  1.0000	  1.0006
448.0000	 96.0000	  3.0118	 -1.6569	  1.0000	  1.0008
480.0000	 96.0000	  3.2527	 -2.3372	  1.0000	  1.0002
512.0000	 96.0000	  3.1456	 -2.6366	  1.0000	  0.0000
544.0000	 96.0000	  2.7019	 -2.4881	  1.0000	  0.0000
576.0000	 96.0000	  1.9335	 -1.8627	  1.0000	  1.0011
608.0000	 96.0000	  1.1099	 -0.9608	  1.0000	  1.0040
640.0000	 96.0000	  0.4533	 -0.1936	  0.0000	  1.0291
672.0000	 96.0000	  0.0988	  0.1652	  0.0000	  1.0265
704.0000	 96.0000	 -0.0107	  0.2265	  0.0000	  1.0281
736.0000	 96.0000	  0.0168	  0.1548	  1.0000	  0.0000
768.0000	 96.0000	  0.0850	  0.0552	  1.0000	  1.0007
800.0000	 96.0000	  0.1589	 -0.0232	  0.0000	  1.0006
832.0000	 96.0000	  0.2284	  0.0216	  0.0000	  1.0137
864.0000	 96.0000	  0.2987	  0.0507	  0.0000	  1.0224
896.0000	 96.0000	  0.3861	  0.0531	  0.0000	  1.0213
928.0000	 96.0000	  0.4476	  0.0654	  0.0000	  1.0121
960.0000	 96.0000	  0.3987	  0.1221	  0.0000	  1.0068
992.0000	 96.0000	  0.2645	  0.2229	  0.0000	  1.0349
1024.0000	 96.0000	  0.1894	  0.2930	  0.0000	  1.0239
 32.0000	128.0000	  1.0458	 -0.1463	  0.0000	  1.0198
 64.0000	128.0000	  1.0839	 -0.0185	  0.0000	  1.0320
 96.0000	128.0000	  0.9886	  0.1357	  0.0000	  1.0182
128.0000	128.0000	  0.7524	  0.2465	  0.0000	  1.0397
160.0000	128.0000	  0.5990	  0.3264	  0.0000	  1.0271
192.0000	128.0000	  0.5979	  0.3890	  0.0000	  1.0290
224.0000	128.0000	  0.6187	  0.4986	  0.0000	  1.0171
256.0000	128.0000	  0.6290	  0.6363	  0.0000	  1.0210
288.0000	128.0000	  0.7113	  0.7508	  0.0000	  1.0274
320.0000	128.0000	  0.8607	  0.7990	  0.0000	  1.0252
352.0000	128.0000	  1.0851	  0.6491	  0.0000	  1.0105
384.0000	128.0000	  1.5603	  0.2120	  1.0000	  1.0014
416.0000	128.0000	  2.1281	 -0.3903	  1.0000	  0.0000
448.0000	128.0000	  2.5740	 -1.0766	  1.0000	  1.0006
480.0000	128.0000	  2.7486	 -1.5612	  1.0000	  1.0008
512.0000	128.0000	  2.6542	 -1.7773	  1.0000	  1.0003
544.0000	128.0000	  2.2087	 -1.5882	  1.0000	  1.0000
576.0000	128.0000	  1.4791	 -1.0277	  1.0000	  1.0289
608.0000	128.0000	  0.7576	 -0.3797	  0.0000	  1.0382
640.0000	128.0000	  0.2610	  0.0562	  0.0000	  1.0247
672.0000	128.0000	  0.0043	  0.2404	  0.0000	  1.0199
704.0000	128.0000	 -0.0542	  0.2454	  0.0000	  1.0191
736.0000	128.0000	 -0.0098	  0.1582	  1.0000	  1.0006
768.0000	128.0000	  0.0556	  0.0692	  1.0000	  1.0002
800.0000	128.0000	  0.1157	  0.0166	  1.0000	  1.0011
832.0000	128.0000	  0.1682	  0.0407	  0.0000	  1.0184
864.0000	128.0000	  0.2367	  0.0878	  0.0000	  1.0180
896.0000	128.0000	  0.3187	  0.1497	  1.0000	  1.0016
928.0000	128.0000	  0.3657	  0.2329	  1.0000	  1.0006
960.0000	128.0000	  0.3335	  0.3578	  1.0000	  1.0005
992.0000	128.0000	  0.2338	  0.5252	  0.0000	  1.0172
1024.0000	128.0000	  0.1608	  0.5994	  0.0000	  1.0103
 32.0000	160.0000	  0.8395	 -0.1890	  0.0000	  1.0422
 64.0000	160.0000	  0.8760	 -0.0732	  0.0000	  1.0544
 96.0000	160.0000	  0.8285	  0.0814	  1.0000	  1.0119
128.0000	160.0000	  0.6985	  0.1991	  0.0000	  1.0350
160.0000	160.0000	  0.6180	  0.3060	  0.0000	  1.0247
192.0000	160.0000	  0.6158	  0.3842	  0.0000	  1.0318
224.0000	160.0000	  0.6075	  0.4555	  0.0000	  1.0278
256.0000	160.0000	  0.5620	  0.5358	  0.0000	  1.0409
288.0000	160.0000	  0.5784	  0.6225	  0.0000	  1.0299
320.0000	160.0000	  0.6538	  0.6834	  1.0000	  1.0008
352.0000	160.0000	  0.8299	  0.6186	  1.0000	  1.0018
384.0000	160.0000	  1.1955	  0.3702	  1.0000	  1.0002
416.0000	160.0000	  1.6258	 -0.0129	  1.0000	  1.0003
448.0000	160.0000	  1.9516	 -0.4538	  1.0000	  1.0003
480.0000	160.0000	  2.1142	 -0.7945	  1.0000	  1.0002
512.0000	160.0000	  2.0217	 -0.9080	  1.0000	  1.0010
544.0000	160.0000	  1.6211	 -0.7267	  1.0000	  1.0014
576.0000	160.0000	  1.0214	 -0.3158	  0.0000	  1.0131
608.0000	160.0000	  0.5052	  0.0103	  0.0000	  1.0206
640.0000	160.0000	  0.1703	  0.1615	  0.0000	  1.0115
672.0000	160.0000	 -0.0040	  0.2207	  0.0000	  1.0194
704.0000	160.0000	 -0.0450	  0.2141	  0.0000	  1.0207
736.0000	160.0000	 -0.0064	  0.1346	  1.0000	  1.0001
768.0000	160.0000	  0.0470	  0.0668	  1.0000	  1.0000
800.0000	160.0000	  0.0953	  0.0431	  1.0000	  1.0011
832.0000	160.0000	  0.1432	  0.0825	  1.0000	  1.0003
864.0000	160.0000	  0.2068	  0.1642	  1.0000	  1.0008
896.0000	160.0000	  0.2807	  0.2751	  1.0000	  1.0002
928.0000	160.0000	  0.3305	  0.4034	  1.0000	  1.0004
960.0000	160.0000	  0.3283	  0.5346	  1.0000	  0.0000
992.0000	160.0000	  0.2777	  0.6465	  1.0000	  1.0018
1024.0000	160.0000	  0.2270	  0.6911	  1.0000	  1.0003
 32.0000	192.0000	  0.6756	 -0.2456	  0.0000	  1.0241
 64.0000	192.0000	  0.7303	 -0.1073	  0.0000	  1.0328
 96.0000	192.0000	  0.7157	  0.0878	  0.0000	  1.0229
128.0000	192.0000	  0.6788	  0.2501	  0.0000	  1.0307
160.0000	192.0000	  0.6558	  0.3800	  0.0000	  1.0281
192.0000	192.0000	  0.6457	  0.4511	  0.0000	  1.0434
224.0000	192.0000	  0.5890	  0.4611	  0.0000	  1.0306
256.0000	192.0000	  0.4893	  0.4531	  0.0000	  1.0217
288.0000	192.0000	  0.4545	  0.4835	  0.0000	  1.0168
320.0000	192.0000	  0.4657	  0.5341	  0.0000	  1.0265
352.0000	192.0000	  0.5446	  0.5532	  0.0000	  1.0319
384.0000	192.0000	  0.8072	  0.4876	  1.0000	  1.0035
416.0000	192.0000	  1.0820	  0.2869	  1.0000	  1.0019
448.0000	192.0000	  1.2574	  0.0318	  0.0000	  1.0313
480.0000	192.0000	  1.4190	 -0.2139	  1.0000	  1.0205
512.0000	192.0000	  1.3930	 -0.2812	  1.0000	  1.0004
544.0000	192.0000	  1.0879	 -0.1614	  0.0000	  1.0244
576.0000	192.0000	  0.7034	  0.0618	  0.0000	  1.0334
608.0000	192.0000	  0.3759	  0.2055	  0.0000	  1.0326
640.0000	192.0000	  0.1591	  0.2106	  0.0000	  1.0287
672.0000	192.0000	  0.0410	  0.1750	  0.0000	  1.0273
704.0000	192.0000	  0.0111	  0.1330	  0.0000	  1.0281
736.0000	192.0000	  0.0371	  0.0599	  1.0000	  1.0007
768.0000	192.0000	  0.0709	  0.0083	  1.0000	  1.0000
800.0000	192.0000	  0.0987	  0.0116	  1.0000	  1.0010
832.0000	192.0000	  0.1313	  0.0867	  1.0000	  1.0006
864.0000	192.0000	  0.1874	  0.2169	  1.0000	  1.0000
896.0000	192.0000	  0.2670	  0.3768	  1.0000	  1.0004
928.0000	192.0000	  0.3370	  0.5463	  1.0000	  0.0000
960.0000	192.0000	  0.3682	  0.6808	  1.0000	  1.0001
992.0000	192.0000	  0.3441	  0.7348	  1.0000	  1.0001
1024.0000	192.0000	  0.2937	  0.7217	  1.0000	  1.0006
 32.0000	224.0000	  0.7811	 -0.1468	  1.0000	  1.0013
 64.0000	224.0000	  0.7919	 -0.0529	  0.0000	  1.0182
 96.0000	224.0000	  0.7753	  0.1227	  0.0000	  1.0274
128.0000	224.0000	  0.7463	  0.2920	  0.0000	  1.0319
160.0000	224.0000	  0.7228	  0.4163	  0.0000	  1.0336
192.0000	224.0000	  0.7107	  0.4617	  0.0000	  1.0249
224.0000	224.0000	  0.6189	  0.4340	  0.0000	  1.0402
256.0000	224.0000	  0.4759	  0.3885	  0.0000	  1.0183
288.0000	224.0000	  0.3993	  0.3791	  0.0000	  1.0188
320.0000	224.0000	  0.3928	  0.4201	  0.0000	  1.0297
352.0000	224.0000	  0.4254	  0.4968	  0.0000	  1.0117
384.0000	224.0000	  0.5635	  0.6049	  0.0000	  1.0156
416.0000	224.0000	  0.7449	  0.4998	  0.0000	  1.0349
448.0000	224.0000	  0.8426	  0.2957	  0.0000	  1.0257
480.0000	224.0000	  0.9374	  0.1263	  0.0000	  1.0229
512.0000	224.0000	  0.9634	  0.0728	  1.0000	  1.0043
544.0000	224.0000	  0.8034	  0.1218	  1.0000	  1.0235
576.0000	224.0000	  0.5665	  0.2080	  0.0000	  1.0257
608.0000	224.0000	  0.3574	  0.2656	  0.0000	  1.0246
640.0000	224.0000	  0.2196	  0.2123	  0.0000	  1.0299
672.0000	224.0000	  0.1348	  0.0963	  0.0000	  1.0392
704.0000	224.0000	  0.1298	 -0.0171	  0.0000	  1.0293
736.0000	224.0000	  0.1521	 -0.1226	  1.0000	  0.0000
768.0000	224.0000	  0.1620	 -0.1773	  1.0000	  0.0000
800.0000	224.0000	  0.1546	 -0.1524	  1.0000	  1.0011
832.0000	224.0000	  0.1505	 -0.0356	  1.0000	  1.0005
864.0000	224.0000	  0.1886	  0.1625	  1.0000	  1.0003
896.0000	224.0000	  0.2839	  0.3819	  1.0000	  1.0004
928.0000	224.0000	  0.3821	  0.6065	  1.0000	  1.0007
960.0000	224.0000	  0.4516	  0.7738	  0.0000	  1.0206
992.0000	224.0000	  0.4395	  0.7949	  0.0000	  1.0166
1024.0000	224.0000	  0.3599	  0.7069	  0.0000	  1.0098
 32.0000	256.0000	  0.9700	 -0.0463	  1.0000	  0.0000
 64.0000	256.0000	  0.9630	  0.0188	  1.0000	  1.0007
 96.0000	256.0000	  0.9259	  0.1369	  0.0000	  1.0267
128.0000	256.0000	  0.8621	  0.2647	  0.0000	  1.0324
160.0000	256.0000	  0.7973	  0.3541	  0.0000	  1.0285
192.0000	256.0000	  0.7495	  0.3583	  0.0000	  1.0276
224.0000	256.0000	  0.6349	  0.3430	  0.0000	  1.0272
256.0000	256.0000	  0.4842	  0.3109	  0.0000	  1.0229
288.0000	256.0000	  0.3816	  0.3068	  0.0000	  1.0136
320.0000	256.0000	  0.3812	  0.3785	  0.0000	  1.0209
352.0000	256.0000	  0.4262	  0.5146	  0.0000	  1.0228
384.0000	256.0000	  0.5238	  0.6728	  0.0000	  1.0160
416.0000	256.0000	  0.6569	  0.6164	  0.0000	  1.0382
448.0000	256.0000	  0.7288	  0.4400	  0.0000	  1.0342
480.0000	256.0000	  0.7922	  0.2992	  0.0000	  1.0405
512.0000	256.0000	  0.8033	  0.2535	  1.0000	  1.0007
544.0000	256.0000	  0.7163	  0.2559	  1.0000	  1.0008
576.0000	256.0000	  0.5863	  0.2538	  1.0000	  1.0021
608.0000	256.0000	  0.4638	  0.1992	  0.0000	  1.0309
640.0000	256.0000	  0.3984	  0.0422	  0.0000	  1.0261
672.0000	256.0000	  0.3796	 -0.1642	  1.0000	  1.0059
704.0000	256.0000	  0.3921	 -0.3636	  1.0000	  1.0001
736.0000	256.0000	  0.4017	 -0.5164	  1.0000	  1.0007
768.0000	256.0000	  0.3805	 -0.5821	  1.0000	  1.0004
800.0000	256.0000	  0.3213	 -0.5323	  1.0000	  1.0004
832.0000	256.0000	  0.2497	 -0.3664	  0.0000	  1.0209
864.0000	256.0000	  0.2455	 -0.0651	  0.0000	  1.0279
896.0000	256.0000	  0.3551	  0.2264	  1.0000	  1.0079
928.0000	256.0000	  0.4622	  0.5232	  1.0000	  1.0003
960.0000	256.0000	  0.5412	  0.7295	  1.0000	  1.0187
992.0000	256.0000	  0.5574	  0.7981	  0.0000	  1.0177
1024.0000	256.0000	  0.4921	  0.7260	  0.0000	  1.0051
 32.0000	288.0000	  1.0973	  0.0233	  1.0000	  1.0005
 64.0000	288.0000	  1.0838	  0.0669	  1.0000	  1.0004
 96.0000	288.0000	  1.0338	  0.1450	  1.0000	  1.0017
128.0000	288.0000	  0.9345	  0.2324	  1.0000	  1.0081
160.0000	288.0000	  0.8265	  0.2825	  1.0000	  1.0085
192.0000	288.0000	  0.7232	  0.2820	  0.0000	  1.0283
224.0000	288.0000	  0.6131	  0.2759	  0.0000	  1.0171
256.0000	288.0000	  0.4903	  0.2514	  0.0000	  1.0187
288.0000	288.0000	  0.4029	  0.2589	  0.0000	  1.0125
320.0000	288.0000	  0.4191	  0.3718	  0.0000	  1.0101
352.0000	288.0000	  0.4916	  0.5520	  0.0000	  1.0206
384.0000	288.0000	  0.6003	  0.6914	  0.0000	  1.0243
416.0000	288.0000	  0.7018	  0.6818	  0.0000	  1.0240
448.0000	288.0000	  0.7718	  0.5425	  1.0000	  1.0074
480.0000	288.0000	  0.8358	  0.4048	  0.0000	  1.0092
512.0000	288.0000	  0.8179	  0.3449	  1.0000	  1.0001
544.0000	288.0000	  0.7630	  0.2970	  1.0000	  1.0000
576.0000	288.0000	  0.7094	  0.2057	  1.0000	  1.0006
608.0000	288.0000	  0.6830	  0.0067	  1.0000	  1.0001
640.0000	288.0000	  0.7041	 -0.2957	  1.0000	  0.0000
672.0000	288.0000	  0.7570	 -0.6495	  1.0000	  1.0009
704.0000	288.0000	  0.8106	 -0.9768	  1.0000	  1.0004
736.0000	288.0000	  0.8284	 -1.2081	  1.0000	  1.0002
768.0000	288.0000	  0.7840	 -1.2880	  1.0000	  1.0002
800.0000	288.0000	  0.6711	 -1.1839	  1.0000	  0.0000
832.0000	288.0000	  0.5226	 -0.9061	  0.0000	  1.0198
864.0000	288.0000	  0.4582	 -0.4832	  0.0000	  1.0304
896.0000	288.0000	  0.5303	 -0.0940	  1.0000	  1.0129
928.0000	288.0000	  0.6118	  0.3051	  1.0000	  1.0009
960.0000	288.0000	  0.6896	  0.6008	  1.0000	  1.0019
992.0000	288.0000	  0.7438	  0.7553	  1.0000	  1.0000
1024.0000	288.0000	  0.7589	  0.7783	  1.0000	  1.0000
 32.0000	320.0000	  1.1056	  0.0589	  1.0000	  1.0010
 64.0000	320.0000	  1.0971	  0.0862	  1.0000	  1.0010
 96.0000	320.0000	  1.0547	  0.1480	  1.0000	  1.0008
128.0000	320.0000	  0.9550	  0.2228	  1.0000	  1.0025
160.0000	320.0000	  0.8249	  0.2463	  0.0000	  1.0240
192.0000	320.0000	  0.6911	  0.2486	  0.0000	  1.0359
224.0000	320.0000	  0.5998	  0.2422	  0.0000	  1.0184
256.0000	320.0000	  0.5192	  0.2192	  0.0000	  1.0181
288.0000	320.0000	  0.4758	  0.2160	  0.0000	  1.0294
320.0000	320.0000	  0.5210	  0.3221	  0.0000	  1.0344
352.0000	320.0000	  0.5998	  0.5256	  0.0000	  1.0485
384.0000	320.0000	  0.6799	  0.6881	  0.0000	  1.0261
416.0000	320.0000	  0.7476	  0.7235	  0.0000	  1.0254
448.0000	320.0000	  0.8145	  0.6064	  1.0000	  1.0007
480.0000	320.0000	  0.8606	  0.4853	  1.0000	  0.0000
512.0000	320.0000	  0.8645	  0.3888	  1.0000	  1.0007
544.0000	320.0000	  0.8624	  0.2602	  1.0000	  1.0092
576.0000	320.0000	  0.8952	  0.0527	  0.0000	  1.0187
608.0000	320.0000	  0.9824	 -0.3373	  1.0000	  1.0009
640.0000	320.0000	  1.1222	 -0.8525	  1.0000	  1.0010
672.0000	320.0000	  1.2814	 -1.4200	  1.0000	  1.0015
704.0000	320.0000	  1.4105	 -1.9250	  1.0000	  1.0006
736.0000	320.0000	  1.4617	 -2.2628	  1.0000	  1.0016
768.0000	320.0000	  1.4062	 -2.3580	  1.0000	  1.0005
800.0000	320.0000	  1.2503	 -2.1804	  1.0000	  1.0000
832.0000	320.0000	  1.0471	 -1.7669	  1.0000	  0.0000
864.0000	320.0000	  0.8901	 -1.2074	  1.0000	  0.0000
896.0000	320.0000	  0.8306	 -0.6320	  1.0000	  0.0000
928.0000	320.0000	  0.8347	 -0.0783	  1.0000	  1.0003
960.0000	320.0000	  0.8874	  0.3718	  1.0000	  1.0009
992.0000	320.0000	  0.9664	  0.6768	  1.0000	  1.0226
1024.0000	320.0000	  1.0408	  0.7879	  0.0000	  1.0222
 32.0000	352.0000	  1.0384	  0.0858	  1.0000	  1.0200
 64.0000	352.0000	  1.0357	  0.1078	  1.0000	  0.0000
 96.0000	352.0000	  1.0080	  0.1700	  1.0000	  1.0000
128.0000	352.0000	  0.9219	  0.2642	  0.0000	  1.0031
160.0000	352.0000	  0.8140	  0.2595	  0.0000	  1.0275
192.0000	352.0000	  0.6881	  0.2375	  0.0000	  1.0270
224.0000	352.0000	  0.6244	  0.2051	  0.0000	  1.0204
256.0000	352.0000	  0.5789	  0.1693	  0.0000	  1.0214
288.0000	352.0000	  0.5672	  0.1685	  0.0000	  1.0366
320.0000	352.0000	  0.6331	  0.2685	  0.0000	  1.0342
352.0000	352.0000	  0.7048	  0.4762	  0.0000	  1.0238
384.0000	352.0000	  0.7389	  0.6176	  0.0000	  1.0181
416.0000	352.0000	  0.7881	  0.6535	  1.0000	  1.0018
448.0000	352.0000	  0.8344	  0.6007	  1.0000	  0.0000
480.0000	352.0000	  0.8722	  0.5117	  1.0000	  1.0005
512.0000	352.0000	  0.9114	  0.3717	  1.0000	  1.0007
544.0000	352.0000	  0.9873	  0.1116	  0.0000	  1.0086
576.0000	352.0000	  1.1392	 -0.2941	  1.0000	  1.0057
608.0000	352.0000	  1.3631	 -0.8918	  1.0000	  1.0005
640.0000	352.0000	  1.6557	 -1.6688	  1.0000	  1.0005
672.0000	352.0000	  1.9561	 -2.5010	  1.0000	  1.0012
704.0000	352.0000	  2.1881	 -3.2185	  1.0000	  1.0003
736.0000	352.0000	  2.2862	 -3.6753	  1.0000	  1.0011
768.0000	352.0000	  2.2171	 -3.7768	  1.0000	  0.0000
800.0000	352.0000	  1.9982	 -3.5072	  1.0000	  1.0016
832.0000	352.0000	  1.6978	 -2.9375	  1.0000	  0.0000
864.0000	352.0000	  1.4086	 -2.1926	  1.0000	  0.0000
896.0000	352.0000	  1.2000	 -1.4062	  1.0000	  1.0004
928.0000	352.0000	  1.0949	 -0.6594	  1.0000	  1.0006
960.0000	352.0000	  1.0899	 -0.0114	  1.0000	  1.0001
992.0000	352.0000	  1.1514	  0.5119	  0.0000	  1.0218
1024.0000	352.0000	  1.2037	  0.7340	  0.0000	  1.0230
 32.0000	384.0000	  0.9336	  0.1093	  1.0000	  1.0205
 64.0000	384.0000	  0.9292	  0.1265	  1.0000	  1.0036
 96.0000	384.0000	  0.9139	  0.1680	  1.0000	  1.0026
128.0000	384.0000	  0.8612	  0.2307	  1.0000	  1.0010
160.0000	384.0000	  0.7984	  0.2492	  0.0000	  1.0196
192.0000	384.0000	  0.7127	  0.2436	  0.0000	  1.0241
224.0000	384.0000	  0.6738	  0.2079	  0.0000	  1.0172
256.0000	384.0000	  0.6479	  0.1751	  0.0000	  1.0132
288.0000	384.0000	  0.6298	  0.1812	  1.0000	  1.0109
320.0000	384.0000	  0.6741	  0.2491	  0.0000	  1.0299
352.0000	384.0000	  0.7329	  0.3962	  0.0000	  1.0263
384.0000	384.0000	  0.7540	  0.5214	  0.0000	  1.0464
416.0000	384.0000	  0.7858	  0.5770	  1.0000	  1.0009
448.0000	384.0000	  0.8166	  0.5738	  1.0000	  1.0004
480.0000	384.0000	  0.8597	  0.5060	  1.0000	  1.0005
512.0000	384.0000	  0.9486	  0.3146	  1.0000	  1.0007
544.0000	384.0000	  1.1242	 -0.0830	  1.0000	  1.0002
576.0000	384.0000	  1.4160	 -0.7281	  1.0000	  1.0005
608.0000	384.0000	  1.8191	 -1.6344	  1.0000	  1.0020
640.0000	384.0000	  2.2970	 -2.7376	  1.0000	  1.0008
672.0000	384.0000	  2.7579	 -3.8614	  1.0000	  1.0002
704.0000	384.0000	  3.0994	 -4.7900	  1.0000	  1.0008
736.0000	384.0000	  3.2380	 -5.3449	  1.0000	  1.0006
768.0000	384.0000	  3.1385	 -5.4260	  1.0000	  0.0000
800.0000	384.0000	  2.8303	 -5.0429	  1.0000	  0.0000
832.0000	384.0000	  2.3973	 -4.2984	  1.0000	  1.0004
864.0000	384.0000	  1.9489	 -3.3479	  1.0000	  1.0007
896.0000	384.0000	  1.5809	 -2.3548	  1.0000	  1.0011
928.0000	384.0000	  1.3474	 -1.4342	  1.0000	  1.0003
960.0000	384.0000	  1.2569	 -0.6517	  1.0000	  1.0011
992.0000	384.0000	  1.2738	 -0.0383	  0.0000	  1.0097
1024.0000	384.0000	  1.2926	  0.2430	  0.0000	  1.0074
 32.0000	416.0000	  0.8461	  0.1184	  1.0000	  1.0035
 64.0000	416.0000	  0.8345	  0.1448	  1.0000	  1.0009
 96.0000	416.0000	  0.8191	  0.1678	  1.0000	  1.0019
128.0000	416.0000	  0.7762	  0.2094	  1.0000	  1.0043
160.0000	416.0000	  0.7275	  0.2459	  1.0000	  1.0119
192.0000	416.0000	  0.6910	  0.2587	  1.0000	  1.0074
224.0000	416.0000	  0.6786	  0.2451	  0.0000	  1.0284
256.0000	416.0000	  0.6613	  0.2257	  0.0000	  1.0161
288.0000	416.0000	  0.6328	  0.2278	  0.0000	  1.0189
320.0000	416.0000	  0.6717	  0.2835	  1.0000	  1.0002
352.0000	416.0000	  0.7185	  0.3702	  1.0000	  1.0009
384.0000	416.0000	  0.7467	  0.4517	  1.0000	  1.0006
416.0000	416.0000	  0.7675	  0.5141	  1.0000	  1.0005
448.0000	416.0000	  0.7909	  0.5359	  1.0000	  0.0000
480.0000	416.0000	  0.8519	  0.4609	  1.0000	  0.0000
512.0000	416.0000	  1.0075	  0.1780	  1.0000	  1.0002
544.0000	416.0000	  1.3046	 -0.4109	  1.0000	  1.0001
576.0000	416.0000	  1.7613	 -1.3418	  1.0000	  1.0003
608.0000	416.0000	  2.3583	 -2.5903	  1.0000	  1.0015
640.0000	416.0000	  3.0258	 -4.0286	  1.0000	  0.0000
672.0000	416.0000	  3.6359	 -5.4151	  1.0000	  1.0008
704.0000	416.0000	  4.0653	 -6.5027	  1.0000	  1.0002
736.0000	416.0000	  4.2159	 -7.0956	  1.0000	  1.0004
768.0000	416.0000	  4.0586	 -7.1110	  1.0000	  1.0013
800.0000	416.0000	  3.6421	 -6.5973	  1.0000	  0.0000
832.0000	416.0000	  3.0610	 -5.6775	  1.0000	  1.0017
864.0000	416.0000	  2.4459	 -4.5334	  1.0000	  1.0004
896.0000	416.0000	  1.9192	 -3.3668	  1.0000	  1.0006
928.0000	416.0000	  1.5503	 -2.3221	  1.0000	  1.0004
960.0000	416.0000	  1.3528	 -1.4857	  1.0000	  1.0008
992.0000	416.0000	  1.2873	 -0.8999	  1.0000	  1.0004
1024.0000	416.0000	  1.2702	 -0.6074	  1.0000	  1.0011
 32.0000	448.0000	  0.8472	  0.0714	  1.0000	  1.0003
 64.0000	448.0000	  0.8108	  0.1375	  0.0000	  1.0154
 96.0000	448.0000	  0.7698	  0.1578	  0.0000	  1.0193
128.0000	448.0000	  0.6937	  0.2021	  0.0000	  1.0213
160.0000	448.0000	  0.6419	  0.2553	  0.0000	  1.0215
192.0000	448.0000	  0.6394	  0.2909	  1.0000	  1.0004
224.0000	448.0000	  0.6533	  0.3175	  1.0000	  1.0028
256.0000	448.0000	  0.6477	  0.3200	  1.0000	  1.0001
288.0000	448.0000	  0.6360	  0.3092	  1.0000	  1.0003
320.0000	448.0000	  0.6708	  0.3112	  1.0000	  1.0012
352.0000	448.0000	  0.7081	  0.3467	  1.0000	  1.0005
384.0000	448.0000	  0.7328	  0.4003	  1.0000	  1.0012
416.0000	448.0000	  0.7450	  0.4646	  1.0000	  1.0001
448.0000	448.0000	  0.7690	  0.4902	  1.0000	  1.0012
480.0000	448.0000	  0.8615	  0.3707	  1.0000	  1.0007
512.0000	448.0000	  1.1072	 -0.0638	  1.0000	  1.0013
544.0000	448.0000	  1.5509	 -0.9087	  1.0000	  1.0009
576.0000	448.0000	  2.1901	 -2.1662	  1.0000	  1.0001
608.0000	448.0000	  2.9792	 -3.7581	  1.0000	  1.0003
640.0000	448.0000	  3.8127	 -5.4889	  1.0000	  0.0000
672.0000	448.0000	  4.5267	 -7.0485	  1.0000	  1.0009
704.0000	448.0000	  4.9882	 -8.1837	  1.0000	  1.0006
736.0000	448.0000	  5.1023	 -8.7169	  1.0000	  1.0012
768.0000	448.0000	  4.8550	 -8.6030	  1.0000	  1.0005
800.0000	448.0000	  4.3306	 -7.9590	  1.0000	  1.0012
832.0000	448.0000	  3.6172	 -6.8952	  1.0000	  1.0026
864.0000	448.0000	  2.8589	 -5.6083	  1.0000	  1.0002
896.0000	448.0000	  2.1960	 -4.3253	  1.0000	  1.0001
928.0000	448.0000	  1.7053	 -3.2101	  1.0000	  1.0002
960.0000	448.0000	  1.4105	 -2.3571	  1.0000	  1.0017
992.0000	448.0000	  1.2749	 -1.7987	  1.0000	  1.0008
1024.0000	448.0000	  1.2242	 -1.5169	  1.0000	  0.0000
 32.0000	480.0000	  0.9639	 -0.0671	  1.0000	  1.0112
 64.0000	480.0000	  0.8870	  0.0263	  0.0000	  1.0555
 96.0000	480.0000	  0.7956	  0.1287	  0.0000	  1.0209
128.0000	480.0000	  0.6795	  0.2120	  0.0000	  1.0195
160.0000	480.0000	  0.5918	  0.2827	  0.0000	  1.0182
192.0000	480.0000	  0.5821	  0.3388	  0.0000	  1.0222
224.0000	480.0000	  0.6198	  0.3881	  0.0000	  1.0323
256.0000	480.0000	  0.6275	  0.4020	  0.0000	  1.0442
288.0000	480.0000	  0.6265	  0.3615	  0.0000	  1.0498
320.0000	480.0000	  0.6796	  0.3011	  1.0000	  1.0008
352.0000	480.0000	  0.7123	  0.3084	  1.0000	  1.0022
384.0000	480.0000	  0.7265	  0.3562	  1.0000	  1.0011
416.0000	480.0000	  0.7295	  0.4215	  1.0000	  1.0001
448.0000	480.0000	  0.7605	  0.4294	  1.0000	  1.0049
480.0000	480.0000	  0.9005	  0.2223	  1.0000	  1.0001
512.0000	480.0000	  1.2634	 -0.4296	  1.0000	  1.0022
544.0000	480.0000	  1.8791	 -1.5933	  1.0000	  1.0029
576.0000	480.0000	  2.7102	 -3.2046	  1.0000	  1.0007
608.0000	480.0000	  3.6740	 -5.1133	  1.0000	  1.0000
640.0000	480.0000	  4.6276	 -7.0524	  1.0000	  1.0027
672.0000	480.0000	  5.3783	 -8.6583	  1.0000	  1.0014
704.0000	480.0000	  5.8039	 -9.7087	  1.0000	  1.0014
736.0000	480.0000	  5.8311	-10.0794	  1.0000	  1.0009
768.0000	480.0000	  5.4631	 -9.7693	  1.0000	  1.0000
800.0000	480.0000	  4.8453	 -9.0108	  1.0000	  1.0000
832.0000	480.0000	  4.0256	 -7.8416	  1.0000	  1.0003
864.0000	480.0000	  3.1583	 -6.4694	  1.0000	  1.0007
896.0000	480.0000	  2.3950	 -5.1319	  1.0000	  1.0004
928.0000	480.0000	  1.8080	 -3.9958	  1.0000	  1.0004
960.0000	480.0000	  1.4383	 -3.1533	  1.0000	  1.0002
992.0000	480.0000	  1.2512	 -2.6223	  1.0000	  1.0004
1024.0000	480.0000	  1.1742	 -2.3577	  1.0000	  1.0022
 32.0000	512.0000	  1.1552	 -0.2229	  0.0000	  1.0242
 64.0000	512.0000	  1.0559	 -0.1098	  0.0000	  1.0187
 96.0000	512.0000	  0.8964	  0.0688	  0.0000	  1.0182
128.0000	512.0000	  0.7495	  0.1840	  0.0000	  1.0245
160.0000	512.0000	  0.6477	  0.2716	  0.0000	  1.0306
192.0000	512.0000	  0.6192	  0.3536	  0.0000	  1.0356
224.0000	512.0000	  0.6358	  0.4288	  0.0000	  1.0268
256.0000	512.0000	  0.6479	  0.4525	  0.0000	  1.0389
288.0000	512.0000	  0.6672	  0.3744	  0.0000	  1.0366
320.0000	512.0000	  0.7205	  0.2651	  0.0000	  1.0145
352.0000	512.0000	  0.7328	  0.2727	  1.0000	  0.0000
384.0000	512.0000	  0.7294	  0.3215	  1.0000	  1.0001
416.0000	512.0000	  0.7233	  0.3816	  1.0000	  1.0005
448.0000	512.0000	  0.7669	  0.3519	  1.0000	  1.0014
480.0000	512.0000	  0.9692	  0.0187	  1.0000	  1.0023
512.0000	512.0000	  1.4745	 -0.9095	  1.0000	  1.0008
544.0000	512.0000	  2.2804	 -2.4372	  1.0000	  0.0000
576.0000	512.0000	  3.3009	 -4.4060	  1.0000	  1.0010
608.0000	512.0000	  4.4094	 -6.5795	  1.0000	  1.0004
640.0000	512.0000	  5.4249	 -8.6190	  1.0000	  1.0005
672.0000	512.0000	  6.1417	-10.1380	  1.0000	  1.0009
704.0000	512.0000	  6.4756	-10.9950	  1.0000	  1.0004
736.0000	512.0000	  6.3983	-11.1612	  1.0000	  1.0005
768.0000	512.0000	  5.9394	-10.6953	  1.0000	  1.0035
800.0000	512.0000	  5.2043	 -9.7650	  1.0000	  1.0003
832.0000	512.0000	  4.2885	 -8.4947	  1.0000	  1.0012
864.0000	512.0000	  3.3394	 -7.0781	  1.0000	  1.0015
896.0000	512.0000	  2.5022	 -5.7343	  1.0000	  1.0002
928.0000	512.0000	  1.8603	 -4.6196	  1.0000	  0.0000
960.0000	512.0000	  1.4455	 -3.8114	  1.0000	  1.0011
992.0000	512.0000	  1.2258	 -3.3140	  1.0000	  0.0000
1024.0000	512.0000	  1.1316	 -3.0699	  1.0000	  0.0000
 32.0000	544.0000	  1.2803	 -0.1085	  0.0000	  1.0191
 64.0000	544.0000	  1.1799	 -0.0108	  0.0000	  1.0207
 96.0000	544.0000	  0.9985	  0.1441	  1.0000	  1.0022
128.0000	544.0000	  0.8499	  0.2757	  0.0000	  1.0377
160.0000	544.0000	  0.7578	  0.3796	  0.0000	  1.0314
192.0000	544.0000	  0.7086	  0.4688	  0.0000	  1.0312
224.0000	544.0000	  0.6854	  0.5564	  0.0000	  1.0361
256.0000	544.0000	  0.6909	  0.5712	  0.0000	  1.0573
288.0000	544.0000	  0.7192	  0.4597	  0.0000	  1.0558
320.0000	544.0000	  0.7495	  0.3218	  0.0000	  1.0226
352.0000	544.0000	  0.7485	  0.2857	  1.0000	  0.0000
384.0000	544.0000	  0.7339	  0.3103	  1.0000	  1.0008
416.0000	544.0000	  0.7233	  0.3502	  1.0000	  1.0007
448.0000	544.0000	  0.7843	  0.2687	  1.0000	  1.0005
480.0000	544.0000	  1.0544	 -0.2068	  1.0000	  1.0009
512.0000	544.0000	  1.7070	 -1.4265	  1.0000	  1.0002
544.0000	544.0000	  2.6962	 -3.3106	  1.0000	  1.0004
576.0000	544.0000	  3.8841	 -5.5992	  1.0000	  0.0000
608.0000	544.0000	  5.0974	 -7.9656	  1.0000	  1.0003
640.0000	544.0000	  6.1171	 -9.9992	  1.0000	  1.0009
672.0000	544.0000	  6.7501	-11.3403	  1.0000	  1.0001
704.0000	544.0000	  6.9620	-11.9481	  1.0000	  0.0000
736.0000	544.0000	  6.7697	-11.8874	  1.0000	  1.0002
768.0000	544.0000	  6.2207	-11.2580	  1.0000	  1.0003
800.0000	544.0000	  5.4023	-10.2011	  1.0000	  1.0002
832.0000	544.0000	  4.4257	 -8.8710	  1.0000	  0.0000
864.0000	544.0000	  3.4314	 -7.4511	  1.0000	  1.0021
896.0000	544.0000	  2.5555	 -6.1364	  1.0000	  1.0000
928.0000	544.0000	  1.8835	 -5.0668	  1.0000	  1.0005
960.0000	544.0000	  1.4426	 -4.3057	  1.0000	  1.0001
992.0000	544.0000	  1.2025	 -3.8453	  1.0000	  0.0000
1024.0000	544.0000	  1.0969	 -3.6229	  1.0000	  1.0005
 32.0000	576.0000	  1.2615	  0.0213	  1.0000	  1.0010
 64.0000	576.0000	  1.1793	  0.1202	  1.0000	  1.0005
 96.0000	576.0000	  1.0426	  0.2911	  1.0000	  1.0005
128.0000	576.0000	  0.9106	  0.4965	  1.0000	  1.0002
160.0000	576.0000	  0.8137	  0.6456	  1.0000	  1.0006
192.0000	576.0000	  0.7536	  0.7371	  1.0000	  1.0010
224.0000	576.0000	  0.7222	  0.7949	  1.0000	  1.0001
256.0000	576.0000	  0.7209	  0.7469	  1.0000	  1.0007
288.0000	576.0000	  0.7397	  0.5732	  1.0000	  1.0018
320.0000	576.0000	  0.7574	  0.4055	  1.0000	  1.0001
352.0000	576.0000	  0.7546	  0.3212	  1.0000	  1.0002
384.0000	576.0000	  0.7359	  0.3152	  1.0000	  1.0010
416.0000	576.0000	  0.7250	  0.3306	  1.0000	  1.0013
448.0000	576.0000	  0.8027	  0.2001	  1.0000	  1.0011
480.0000	576.0000	  1.1295	 -0.3966	  1.0000	  1.0004
512.0000	576.0000	  1.9000	 -1.8519	  1.0000	  0.0000
544.0000	576.0000	  3.0313	 -4.0145	  1.0000	  1.0030
576.0000	576.0000	  4.3412	 -6.5381	  1.0000	  1.0003
608.0000	576.0000	  5.6189	 -9.0235	  1.0000	  1.0002
640.0000	576.0000	  6.6186	-11.0091	  1.0000	  1.0003
672.0000	576.0000	  7.1630	-12.1688	  1.0000	  1.0012
704.0000	576.0000	  7.2597	-12.5468	  1.0000	  1.0007
736.0000	576.0000	  6.9679	-12.2896	  1.0000	  1.0005
768.0000	576.0000	  6.3475	-11.5261	  1.0000	  1.0006
800.0000	576.0000	  5.4801	-10.3900	  1.0000	  1.0001
832.0000	576.0000	  4.4775	 -9.0376	  1.0000	  1.0012
864.0000	576.0000	  3.4699	 -7.6397	  1.0000	  1.0001
896.0000	576.0000	  2.5810	 -6.3654	  1.0000	  1.0004
928.0000	576.0000	  1.8959	 -5.3418	  1.0000	  1.0017
960.0000	576.0000	  1.4411	 -4.6230	  1.0000	  0.0000
992.0000	576.0000	  1.1867	 -4.1927	  1.0000	  1.0009
1024.0000	576.0000	  1.0734	 -3.9877	  1.0000	  1.0004
 32.0000	608.0000	  1.2353	  0.1169	  1.0000	  1.0250
 64.0000	608.0000	  1.1671	  0.2201	  1.0000	  1.0016
 96.0000	608.0000	  1.0574	  0.4086	  1.0000	  1.0164
128.0000	608.0000	  0.9388	  0.6556	  1.0000	  1.0204
160.0000	608.0000	  0.8416	  0.8212	  1.0000	  1.0258
192.0000	608.0000	  0.7785	  0.8931	  1.0000	  1.0018
224.0000	608.0000	  0.7435	  0.9504	  1.0000	  1.0003
256.0000	608.0000	  0.7365	  0.8723	  1.0000	  1.0007
288.0000	608.0000	  0.7483	  0.6563	  1.0000	  1.0010
320.0000	608.0000	  0.7604	  0.4622	  1.0000	  1.0004
352.0000	608.0000	  0.7566	  0.3499	  1.0000	  1.0001
384.0000	608.0000	  0.7363	  0.3239	  1.0000	  1.0001
416.0000	608.0000	  0.7266	  0.3207	  1.0000	  1.0017
448.0000	608.0000	  0.8153	  0.1580	  1.0000	  1.0001
480.0000	608.0000	  1.1773	 -0.5147	  1.0000	  1.0004
512.0000	608.0000	  2.0216	 -2.1184	  1.0000	  1.0005
544.0000	608.0000	  3.2390	 -4.4504	  1.0000	  1.0006
576.0000	608.0000	  4.6192	 -7.1101	  1.0000	  1.0009
608.0000	608.0000	  5.9292	 -9.6548	  1.0000	  1.0004
640.0000	608.0000	  6.9062	-11.5916	  1.0000	  1.0011
672.0000	608.0000	  7.3879	-12.6243	  1.0000	  1.0016
704.0000	608.0000	  7.4104	-12.8542	  1.0000	  1.0003
736.0000	608.0000	  7.0567	-12.4744	  1.0000	  1.0001
768.0000	608.0000	  6.3945	-11.6307	  1.0000	  1.0008
800.0000	608.0000	  5.5027	-10.4538	  1.0000	  1.0003
832.0000	608.0000	  4.4899	 -9.0946	  1.0000	  1.0011
864.0000	608.0000	  3.4792	 -7.7143	  1.0000	  1.0000
896.0000	608.0000	  2.5875	 -6.4681	  1.0000	  1.0010
928.0000	608.0000	  1.8983	 -5.4748	  1.0000	  1.0002
960.0000	608.0000	  1.4380	 -4.7829	  1.0000	  0.0000
992.0000	608.0000	  1.1774	 -4.3716	  1.0000	  1.0003
1024.0000	608.0000	  1.0605	 -4.1773	  1.0000	  1.0007
