 32.0000	 32.0000	 -3.8320	  0.0678	  1.0000	  1.0081
 64.0000	 32.0000	 -3.8455	  0.0671	  1.0000	  1.0017
 96.0000	 32.0000	 -3.9692	  0.0369	  1.0000	  0.0000
128.0000	 32.0000	 -4.2668	 -0.0201	  1.0000	  1.0014
160.0000	 32.0000	 -4.6015	 -0.0874	  0.0000	  1.0154
192.0000	 32.0000	 -4.7488	 -0.1529	  0.0000	  1.0251
224.0000	 32.0000	 -4.6798	 -0.1735	  0.0000	  1.0101
256.0000	 32.0000	 -4.4120	 -0.0803	  0.0000	  1.0092
288.0000	 32.0000	 -4.3855	  0.1111	  1.0000	  1.0045
320.0000	 32.0000	 -4.4243	  0.3288	  1.0000	  1.0053
352.0000	 32.0000	 -4.4748	  0.5394	  1.0000	  1.0030
384.0000	 32.0000	 -4.4833	  0.6937	  0.0000	  1.0111
416.0000	 32.0000	 -4.3170	  0.7336	  0.0000	  1.0187
448.0000	 32.0000	 -4.1264	  0.6435	  1.0000	  1.0008
480.0000	 32.0000	 -3.9387	  0.4782	  1.0000	  1.0006
512.0000	 32.0000	 -3.7822	  0.2971	  1.0000	  1.0009
544.0000	 32.0000	 -3.6760	  0.1327	  1.0000	  1.0034
576.0000	 32.0000	 -3.6452	  0.0088	  1.0000	  1.0014
608.0000	 32.0000	 -3.6763	 -0.0802	  1.0000	  1.0010
640.0000	 32.0000	 -3.7133	 -0.1499	  1.0000	  1.0001
672.0000	 32.0000	 -3.7587	 -0.2028	  1.0000	  1.0018
704.0000	 32.0000	 -3.8267	 -0.1964	  1.0000	  1.0019
736.0000	 32.0000	 -3.8962	 -0.1754	  1.0000	  1.0054
768.0000	 32.0000	 -3.9458	 -0.1464	  1.0000	  1.0037
800.0000	 32.0000	 -3.9525	 -0.1010	  0.0000	  1.0158
832.0000	 32.0000	 -3.9213	 -0.0532	  0.0000	  1.0995
864.0000	 32.0000	 -3.8332	 -0.0133	  0.0000	  1.1134
896.0000	 32.0000	 -3.7476	 -0.0156	  0.0000	  1.0871
928.0000	 32.0000	 -3.7433	 -0.0583	  0.0000	  1.0682
960.0000	 32.0000	 -3.8419	 -0.0422	  0.0000	  1.0588
992.0000	 32.0000	 -3.9584	  0.0074	  0.0000	  1.0372
1024.0000	 32.0000	 -3.9830	 -0.0264	  1.0000	  1.0017
 32.0000	 64.0000	 -3.9225	  0.0519	  1.0000	  1.0212
 64.0000	 64.0000	 -3.9020	  0.0563	  1.0000	  1.0014
 96.0000	 64.0000	 -3.9533	  0.0320	  0.0000	  1.0265
128.0000	 64.0000	 -4.1988	 -0.0152	  0.0000	  1.0403
160.0000	 64.0000	 -4.4579	 -0.0718	  0.0000	  1.0433
192.0000	 64.0000	 -4.5559	 -0.1205	  0.0000	  1.0502
224.0000	 64.0000	 -4.5100	 -0.1426	  0.0000	  1.0670
256.0000	 64.0000	 -4.4086	 -0.0716	  1.0000	  1.0006
288.0000	 64.0000	 -4.3865	  0.0775	  1.0000	  1.0138
320.0000	 64.0000	 -4.4026	  0.2615	  1.0000	  1.0082
352.0000	 64.0000	 -4.4272	  0.4737	  1.0000	  1.0005
384.0000	 64.0000	 -4.4097	  0.6718	  0.0000	  1.0013
416.0000	 64.0000	 -4.2634	  0.7025	  0.0000	  1.0185
448.0000	 64.0000	 -4.1020	  0.5888	  1.0000	  1.0002
480.0000	 64.0000	 -3.9250	  0.4277	  1.0000	  1.0008
512.0000	 64.0000	 -3.7692	  0.2617	  1.0000	  0.0000
544.0000	 64.0000	 -3.6617	  0.1146	  1.0000	  1.0023
576.0000	 64.0000	 -3.6386	  0.0074	  1.0000	  1.0068
608.0000	 64.0000	 -3.6882	 -0.0766	  0.0000	  1.0909
640.0000	 64.0000	 -3.7245	 -0.1478	  0.0000	  1.0778
672.0000	 64.0000	 -3.7648	 -0.2181	  0.0000	  1.0275
704.0000	 64.0000	 -3.8448	 -0.2034	  1.0000	  1.0011
736.0000	 64.0000	 -3.9234	 -0.1830	  1.0000	  1.0056
768.0000	 64.0000	 -3.9791	 -0.1618	  0.0000	  1.0332
800.0000	 64.0000	 -3.9845	 -0.1351	  0.0000	  1.0651
832.0000	 64.0000	 -3.9428	 -0.1042	  0.0000	  1.0999
864.0000	 64.0000	 -3.8553	 -0.0666	  0.0000	  1.1178
896.0000	 64.0000	 -3.7911	 -0.0580	  0.0000	  1.0912
928.0000	 64.0000	 -3.8309	 -0.1157	  0.0000	  1.0716
960.0000	 64.0000	 -3.9550	 -0.1247	  0.0000	  1.0725
992.0000	 64.0000	 -4.0415	 -0.0928	  0.0000	  1.0494
1024.0000	 64.0000	 -4.0285	 -0.1073	  0.0000	  1.0355
 32.0000	 96.0000	 -4.0805	  0.0367	  1.0000	  1.0222
 64.0000	 96.0000	 -4.0303	  0.0557	  1.0000	  1.0015
 96.0000	 96.0000	 -4.0473	  0.0538	  0.0000	  1.1233
128.0000	 96.0000	 -4.1591	  0.0254	  0.0000	  1.1228
160.0000	 96.0000	 -4.3007	 -0.0202	  0.0000	  1.0804
192.0000	 96.0000	 -4.3724	 -0.0713	  0.0000	  1.0748
224.0000	 96.0000	 -4.3625	 -0.1167	  0.0000	  1.0640
256.0000	 96.0000	 -4.3621	 -0.0983	  0.0000	  1.0234
288.0000	 96.0000	 -4.3583	 -0.0042	  0.0000	  1.0294
320.0000	 96.0000	 -4.3603	  0.1235	  1.0000	  0.0000
352.0000	 96.0000	 -4.3674	  0.2981	  1.0000	  0.0000
384.0000	 96.0000	 -4.3417	  0.4569	  1.0000	  1.0001
416.0000	 96.0000	 -4.2362	  0.5085	  1.0000	  1.0027
448.0000	 96.0000	 -4.0891	  0.4485	  1.0000	  1.0023
480.0000	 96.0000	 -3.9176	  0.3335	  1.0000	  1.0010
512.0000	 96.0000	 -3.7572	  0.2036	  1.0000	  1.0081
544.0000	 96.0000	 -3.6411	  0.0854	  1.0000	  1.0091
576.0000	 96.0000	 -3.6290	  0.0120	  0.0000	  1.0472
608.0000	 96.0000	 -3.6952	 -0.0506	  0.0000	  1.0986
640.0000	 96.0000	 -3.7455	 -0.0972	  0.0000	  1.0951
672.0000	 96.0000	 -3.8063	 -0.1392	  0.0000	  1.0738
704.0000	 96.0000	 -3.9008	 -0.1827	  1.0000	  1.0006
736.0000	 96.0000	 -3.9883	 -0.1826	  1.0000	  1.0058
768.0000	 96.0000	 -4.0516	 -0.1552	  0.0000	  1.0480
800.0000	 96.0000	 -4.0596	 -0.1320	  0.0000	  1.0619
832.0000	 96.0000	 -4.0132	 -0.1351	  0.0000	  1.0773
864.0000	 96.0000	 -3.9376	 -0.1324	  0.0000	  1.0973
896.0000	 96.0000	 -3.9168	 -0.1301	  0.0000	  1.0539
928.0000	 96.0000	 -4.0179	 -0.1886	  0.0000	  1.0381
960.0000	 96.0000	 -4.1790	 -0.2283	  0.0000	  1.0433
992.0000	 96.0000	 -4.2402	 -0.2146	  0.0000	  1.0472
1024.0000	 96.0000	 -4.1928	 -0.1951	  0.0000	  1.0450
 32.0000	128.0000	 -4.2367	  0.0470	  0.0000	  1.0150
 64.0000	128.0000	 -4.1390	  0.0761	  1.0000	  1.0107
 96.0000	128.0000	 -4.1015	  0.0822	  0.0000	  1.1265
128.0000	128.0000	 -4.1004	  0.0608	  0.0000	  1.1116
160.0000	128.0000	 -4.1512	  0.0087	  0.0000	  1.0796
192.0000	128.0000	 -4.2021	 -0.0549	  0.0000	  1.0813
224.0000	128.0000	 -4.2097	 -0.1481	  0.0000	  1.0632
256.0000	128.0000	 -4.2353	 -0.2380	  0.0000	  1.0271
288.0000	128.0000	 -4.2402	 -0.2278	  0.0000	  1.0252
320.0000	128.0000	 -4.2853	 -0.0821	  1.0000	  1.0013
352.0000	128.0000	 -4.3035	  0.0798	  1.0000	  1.0071
384.0000	128.0000	 -4.2886	  0.2125	  1.0000	  1.0000
416.0000	128.0000	 -4.2156	  0.2866	  1.0000	  1.0052
448.0000	128.0000	 -4.0896	  0.2843	  1.0000	  1.0008
480.0000	128.0000	 -3.9311	  0.2282	  1.0000	  1.0026
512.0000	128.0000	 -3.7724	  0.1419	  1.0000	  1.0065
544.0000	128.0000	 -3.6517	  0.0427	  0.0000	  1.0534
576.0000	128.0000	 -3.7002	 -0.0171	  0.0000	  1.0865
608.0000	128.0000	 -3.7975	 -0.0898	  0.0000	  1.0853
640.0000	128.0000	 -3.8608	 -0.1605	  0.0000	  1.1007
672.0000	128.0000	 -3.9197	 -0.2103	  0.0000	  1.0761
704.0000	128.0000	 -4.0142	 -0.2316	  1.0000	  1.0031
736.0000	128.0000	 -4.1012	 -0.2210	  1.0000	  1.0012
768.0000	128.0000	 -4.1656	 -0.1919	  0.0000	  1.0445
800.0000	128.0000	 -4.1750	 -0.1480	  0.0000	  1.0639
832.0000	128.0000	 -4.1379	 -0.1419	  0.0000	  1.0724
864.0000	128.0000	 -4.0882	 -0.1643	  1.0000	  1.0066
896.0000	128.0000	 -4.0946	 -0.1913	  1.0000	  1.0068
928.0000	128.0000	 -4.1898	 -0.2436	  1.0000	  1.0007
960.0000	128.0000	 -4.3341	 -0.2937	  0.0000	  1.0391
992.0000	128.0000	 -4.3912	 -0.2911	  0.0000	  1.0399
1024.0000	128.0000	 -4.3580	 -0.2686	  1.0000	  1.0078
 32.0000	160.0000	 -4.1944	  0.1707	  0.0000	  1.0354
 64.0000	160.0000	 -4.1294	  0.1479	  1.0000	  1.0056
 96.0000	160.0000	 -4.0954	  0.1209	  0.0000	  1.0594
128.0000	160.0000	 -4.0413	  0.1012	  0.0000	  1.0426
160.0000	160.0000	 -4.0578	  0.0676	  0.0000	  1.0615
192.0000	160.0000	 -4.0958	  0.0055	  0.0000	  1.0830
224.0000	160.0000	 -4.1106	 -0.1155	  0.0000	  1.0569
256.0000	160.0000	 -4.1493	 -0.2482	  0.0000	  1.0319
288.0000	160.0000	 -4.1817	 -0.2651	  1.0000	  1.0048
320.0000	160.0000	 -4.2357	 -0.1980	  1.0000	  1.0012
352.0000	160.0000	 -4.2446	 -0.0854	  1.0000	  0.0000
384.0000	160.0000	 -4.2407	  0.0063	  1.0000	  1.0047
416.0000	160.0000	 -4.2057	  0.0953	  1.0000	  1.0086
448.0000	160.0000	 -4.1063	  0.1417	  1.0000	  1.0006
480.0000	160.0000	 -3.9785	  0.1463	  1.0000	  1.0070
512.0000	160.0000	 -3.8586	  0.1158	  1.0000	  1.0121
544.0000	160.0000	 -3.7779	  0.0474	  0.0000	  1.0922
576.0000	160.0000	 -3.8455	 -0.0285	  0.0000	  1.0973
608.0000	160.0000	 -3.9677	 -0.1359	  0.0000	  1.0795
640.0000	160.0000	 -4.0373	 -0.2515	  0.0000	  1.0980
672.0000	160.0000	 -4.0826	 -0.3331	  0.0000	  1.0478
704.0000	160.0000	 -4.1601	 -0.3082	  1.0000	  1.0005
736.0000	160.0000	 -4.2354	 -0.2744	  1.0000	  1.0028
768.0000	160.0000	 -4.2928	 -0.2386	  1.0000	  1.0035
800.0000	160.0000	 -4.3102	 -0.2000	  1.0000	  0.0000
832.0000	160.0000	 -4.2859	 -0.1844	  1.0000	  1.0009
864.0000	160.0000	 -4.2471	 -0.1979	  1.0000	  1.0017
896.0000	160.0000	 -4.2415	 -0.2296	  1.0000	  1.0090
928.0000	160.0000	 -4.2889	 -0.2754	  1.0000	  1.0021
960.0000	160.0000	 -4.3680	 -0.3177	  1.0000	  1.0070
992.0000	160.0000	 -4.4143	 -0.3194	  1.0000	  1.0005
1024.0000	160.0000	 -4.4175	 -0.3057	  1.0000	  1.0124
 32.0000	192.0000	 -4.0730	  0.3431	  0.0000	  1.0279
 64.0000	192.0000	 -4.0589	  0.2333	  0.0000	  1.0517
 96.0000	192.0000	 -4.0897	  0.1693	  0.0000	  1.0810
128.0000	192.0000	 -4.0981	  0.1541	  0.0000	  1.0399
160.0000	192.0000	 -4.1055	  0.1415	  1.0000	  1.0009
192.0000	192.0000	 -4.1100	  0.0997	  0.0000	  1.0577
224.0000	192.0000	 -4.0954	 -0.0102	  0.0000	  1.0886
256.0000	192.0000	 -4.0921	 -0.1403	  0.0000	  1.0880
288.0000	192.0000	 -4.1313	 -0.2155	  0.0000	  1.0815
320.0000	192.0000	 -4.2014	 -0.2254	  0.0000	  1.0047
352.0000	192.0000	 -4.1749	 -0.1481	  1.0000	  1.0027
384.0000	192.0000	 -4.1823	 -0.1167	  0.0000	  1.0371
416.0000	192.0000	 -4.2010	 -0.0231	  0.0000	  1.0435
448.0000	192.0000	 -4.1236	  0.0534	  0.0000	  1.0501
480.0000	192.0000	 -4.0406	  0.1036	  1.0000	  1.0111
512.0000	192.0000	 -3.9910	  0.1268	  0.0000	  1.0356
544.0000	192.0000	 -3.9726	  0.0844	  0.0000	  1.1044
576.0000	192.0000	 -4.0357	 -0.0093	  0.0000	  1.0727
608.0000	192.0000	 -4.1353	 -0.1384	  0.0000	  1.0628
640.0000	192.0000	 -4.1704	 -0.2716	  0.0000	  1.0913
672.0000	192.0000	 -4.1797	 -0.3698	  0.0000	  1.0615
704.0000	192.0000	 -4.2156	 -0.3707	  1.0000	  1.0030
736.0000	192.0000	 -4.2833	 -0.3506	  1.0000	  1.0044
768.0000	192.0000	 -4.3657	 -0.3163	  1.0000	  1.0122
800.0000	192.0000	 -4.4273	 -0.2725	  1.0000	  1.0013
832.0000	192.0000	 -4.4324	 -0.2346	  1.0000	  1.0172
864.0000	192.0000	 -4.3952	 -0.2217	  1.0000	  1.0107
896.0000	192.0000	 -4.3559	 -0.2399	  1.0000	  1.0078
928.0000	192.0000	 -4.3424	 -0.2871	  1.0000	  1.0040
960.0000	192.0000	 -4.3592	 -0.3506	  1.0000	  1.0073
992.0000	192.0000	 -4.3803	 -0.3515	  1.0000	  1.0076
1024.0000	192.0000	 -4.3905	 -0.3426	  1.0000	  1.0063
 32.0000	224.0000	 -4.0357	  0.3333	  0.0000	  1.0365
 64.0000	224.0000	 -4.0452	  0.2413	  0.0000	  1.0936
 96.0000	224.0000	 -4.0881	  0.1907	  0.0000	  1.1280
128.0000	224.0000	 -4.1264	  0.1846	  0.0000	  1.0665
160.0000	224.0000	 -4.1526	  0.1846	  0.0000	  1.0577
192.0000	224.0000	 -4.1467	  0.1538	  0.0000	  1.0655
224.0000	224.0000	 -4.1027	  0.0801	  0.0000	  1.0700
256.0000	224.0000	 -4.0654	 -0.0202	  0.0000	  1.0670
288.0000	224.0000	 -4.0811	 -0.0901	  0.0000	  1.0914
320.0000	224.0000	 -4.1189	 -0.0769	  0.0000	  1.0206
352.0000	224.0000	 -4.0773	 -0.0211	  0.0000	  1.0555
384.0000	224.0000	 -4.1054	 -0.0180	  0.0000	  1.0813
416.0000	224.0000	 -4.1329	 -0.0105	  0.0000	  1.0561
448.0000	224.0000	 -4.0910	  0.0339	  0.0000	  1.0682
480.0000	224.0000	 -4.0790	  0.0880	  1.0000	  1.0144
512.0000	224.0000	 -4.1010	  0.1284	  1.0000	  1.0422
544.0000	224.0000	 -4.1543	  0.1206	  0.0000	  1.0505
576.0000	224.0000	 -4.2029	  0.0230	  0.0000	  1.0494
608.0000	224.0000	 -4.1884	 -0.1118	  0.0000	  1.0660
640.0000	224.0000	 -4.0685	 -0.2731	  0.0000	  1.0412
672.0000	224.0000	 -3.9703	 -0.4144	  0.0000	  1.0305
704.0000	224.0000	 -3.9166	 -0.4945	  1.0000	  0.0000
736.0000	224.0000	 -4.0043	 -0.5100	  1.0000	  1.0073
768.0000	224.0000	 -4.1924	 -0.4722	  1.0000	  1.0024
800.0000	224.0000	 -4.3994	 -0.3977	  1.0000	  1.0085
832.0000	224.0000	 -4.5053	 -0.3033	  1.0000	  1.0081
864.0000	224.0000	 -4.5066	 -0.2398	  1.0000	  0.0000
896.0000	224.0000	 -4.4449	 -0.2246	  1.0000	  1.0052
928.0000	224.0000	 -4.3739	 -0.2660	  1.0000	  1.0145
960.0000	224.0000	 -4.3332	 -0.3792	  0.0000	  1.0080
992.0000	224.0000	 -4.3218	 -0.3687	  1.0000	  1.0083
1024.0000	224.0000	 -4.3213	 -0.3607	  1.0000	  1.0015
 32.0000	256.0000	 -4.0554	  0.2266	  0.0000	  1.0317
 64.0000	256.0000	 -4.0553	  0.1994	  0.0000	  1.0982
 96.0000	256.0000	 -4.0686	  0.1823	  0.0000	  1.1133
128.0000	256.0000	 -4.0787	  0.1711	  0.0000	  1.0381
160.0000	256.0000	 -4.1005	  0.1384	  0.0000	  1.0642
192.0000	256.0000	 -4.1130	  0.1286	  0.0000	  1.0722
224.0000	256.0000	 -4.1023	  0.1150	  0.0000	  1.0800
256.0000	256.0000	 -4.0791	  0.0748	  0.0000	  1.0514
288.0000	256.0000	 -4.0719	  0.0375	  0.0000	  1.0714
320.0000	256.0000	 -4.0968	  0.0786	  0.0000	  1.0389
352.0000	256.0000	 -4.0815	  0.1352	  0.0000	  1.0531
384.0000	256.0000	 -4.1098	  0.1102	  0.0000	  1.0761
416.0000	256.0000	 -4.1239	  0.0454	  0.0000	  1.0526
448.0000	256.0000	 -4.0767	  0.0391	  0.0000	  1.0516
480.0000	256.0000	 -4.1086	  0.0865	  1.0000	  1.0015
512.0000	256.0000	 -4.1614	  0.1165	  1.0000	  1.0002
544.0000	256.0000	 -4.1981	  0.0920	  1.0000	  1.0041
576.0000	256.0000	 -4.1176	 -0.0247	  0.0000	  1.0677
608.0000	256.0000	 -3.8434	 -0.2209	  0.0000	  1.0759
640.0000	256.0000	 -3.3713	 -0.4894	  1.0000	  1.0043
672.0000	256.0000	 -3.0114	 -0.7199	  1.0000	  1.0013
704.0000	256.0000	 -2.8800	 -0.8559	  1.0000	  1.0030
736.0000	256.0000	 -3.0682	 -0.8753	  1.0000	  1.0047
768.0000	256.0000	 -3.4999	 -0.7906	  1.0000	  1.0016
800.0000	256.0000	 -4.0350	 -0.6307	  0.0000	  1.0370
832.0000	256.0000	 -4.3919	 -0.4155	  1.0000	  1.0326
864.0000	256.0000	 -4.5344	 -0.2633	  1.0000	  1.0018
896.0000	256.0000	 -4.5039	 -0.1860	  1.0000	  1.0071
928.0000	256.0000	 -4.4008	 -0.1696	  0.0000	  1.0181
960.0000	256.0000	 -4.3221	 -0.2674	  1.0000	  1.0185
992.0000	256.0000	 -4.2768	 -0.3046	  1.0000	  1.0071
1024.0000	256.0000	 -4.2607	 -0.3223	  1.0000	  1.0020
 32.0000	288.0000	 -4.0795	  0.1955	  1.0000	  1.0061
 64.0000	288.0000	 -4.0793	  0.1933	  1.0000	  1.0029
 96.0000	288.0000	 -4.0730	  0.1814	  1.0000	  0.0000
128.0000	288.0000	 -4.0526	  0.1457	  1.0000	  1.0002
160.0000	288.0000	 -4.0172	  0.0701	  0.0000	  1.0180
192.0000	288.0000	 -4.0303	  0.0877	  0.0000	  1.0930
224.0000	288.0000	 -4.0524	  0.1165	  0.0000	  1.1068
256.0000	288.0000	 -4.0590	  0.1221	  0.0000	  1.0664
288.0000	288.0000	 -4.0769	  0.1108	  0.0000	  1.0350
320.0000	288.0000	 -4.1474	  0.1677	  0.0000	  1.0251
352.0000	288.0000	 -4.2157	  0.2483	  0.0000	  1.0169
384.0000	288.0000	 -4.2222	  0.2067	  0.0000	  1.0597
416.0000	288.0000	 -4.2225	  0.0654	  0.0000	  1.0274
448.0000	288.0000	 -4.1291	  0.0017	  0.0000	  1.0082
480.0000	288.0000	 -4.1602	  0.0696	  1.0000	  0.0000
512.0000	288.0000	 -4.1753	  0.0611	  1.0000	  1.0012
544.0000	288.0000	 -4.0826	 -0.0336	  1.0000	  0.0000
576.0000	288.0000	 -3.6681	 -0.2596	  1.0000	  0.0000
608.0000	288.0000	 -2.9624	 -0.5946	  1.0000	  1.0051
640.0000	288.0000	 -2.1008	 -0.9828	  1.0000	  1.0069
672.0000	288.0000	 -1.4315	 -1.3031	  1.0000	  1.0020
704.0000	288.0000	 -1.1916	 -1.4667	  1.0000	  1.0023
736.0000	288.0000	 -1.5004	 -1.4446	  1.0000	  1.0012
768.0000	288.0000	 -2.2336	 -1.2474	  1.0000	  1.0010
800.0000	288.0000	 -3.1748	 -0.9207	  1.0000	  1.0437
832.0000	288.0000	 -3.9826	 -0.5482	  0.0000	  1.0194
864.0000	288.0000	 -4.4099	 -0.2971	  1.0000	  0.0000
896.0000	288.0000	 -4.5021	 -0.1768	  1.0000	  0.0000
928.0000	288.0000	 -4.4257	 -0.1526	  1.0000	  0.0000
960.0000	288.0000	 -4.3249	 -0.2091	  1.0000	  1.0049
992.0000	288.0000	 -4.2541	 -0.2515	  1.0000	  1.0045
1024.0000	288.0000	 -4.2267	 -0.2806	  1.0000	  1.0059
 32.0000	320.0000	 -4.1150	  0.1904	  1.0000	  1.0082
 64.0000	320.0000	 -4.1173	  0.2051	  1.0000	  1.0099
 96.0000	320.0000	 -4.1070	  0.2118	  1.0000	  1.0063
128.0000	320.0000	 -4.0806	  0.1975	  1.0000	  1.0236
160.0000	320.0000	 -4.0180	  0.1288	  0.0000	  1.0551
192.0000	320.0000	 -4.0082	  0.0989	  0.0000	  1.1364
224.0000	320.0000	 -4.0201	  0.1101	  0.0000	  1.1550
256.0000	320.0000	 -4.0378	  0.1424	  0.0000	  1.0866
288.0000	320.0000	 -4.0967	  0.1778	  0.0000	  1.0852
320.0000	320.0000	 -4.1930	  0.2446	  0.0000	  1.0409
352.0000	320.0000	 -4.2854	  0.2964	  0.0000	  1.0298
384.0000	320.0000	 -4.3022	  0.2675	  0.0000	  1.0490
416.0000	320.0000	 -4.2877	  0.1368	  1.0000	  1.0002
448.0000	320.0000	 -4.2487	  0.0702	  1.0000	  1.0067
480.0000	320.0000	 -4.2553	  0.0886	  0.0000	  1.0356
512.0000	320.0000	 -4.1746	 -0.0309	  0.0000	  1.0535
544.0000	320.0000	 -3.9005	 -0.2461	  0.0000	  1.0564
576.0000	320.0000	 -3.0780	 -0.6348	  1.0000	  1.0008
608.0000	320.0000	 -1.8756	 -1.1552	  1.0000	  1.0014
640.0000	320.0000	 -0.5753	 -1.6830	  1.0000	  1.0010
672.0000	320.0000	  0.4044	 -2.0626	  1.0000	  1.0003
704.0000	320.0000	  0.7595	 -2.1862	  1.0000	  1.0015
736.0000	320.0000	  0.4140	 -2.0888	  1.0000	  1.0009
768.0000	320.0000	 -0.5677	 -1.7366	  1.0000	  0.0000
800.0000	320.0000	 -1.9199	 -1.2083	  1.0000	  1.0124
832.0000	320.0000	 -3.2071	 -0.6530	  1.0000	  1.0027
864.0000	320.0000	 -4.0562	 -0.2617	  1.0000	  1.0105
896.0000	320.0000	 -4.3664	 -0.1084	  1.0000	  1.0062
928.0000	320.0000	 -4.3782	 -0.1042	  1.0000	  1.0044
960.0000	320.0000	 -4.3023	 -0.1623	  1.0000	  1.0009
992.0000	320.0000	 -4.2334	 -0.2048	  1.0000	  1.0019
1024.0000	320.0000	 -4.2119	 -0.2374	  1.0000	  1.0017
 32.0000	352.0000	 -4.1635	  0.1768	  1.0000	  1.0013
 64.0000	352.0000	 -4.1716	  0.2079	  1.0000	  1.0107
 96.0000	352.0000	 -4.1687	  0.2452	  1.0000	  1.0157
128.0000	352.0000	 -4.1697	  0.2802	  0.0000	  1.0432
160.0000	352.0000	 -4.0965	  0.2054	  0.0000	  1.0633
192.0000	352.0000	 -4.0518	  0.1236	  0.0000	  1.1359
224.0000	352.0000	 -4.0521	  0.1020	  0.0000	  1.1452
256.0000	352.0000	 -4.0939	  0.1562	  0.0000	  1.0595
288.0000	352.0000	 -4.1853	  0.2404	  0.0000	  1.0462
320.0000	352.0000	 -4.2733	  0.3038	  0.0000	  1.0421
352.0000	352.0000	 -4.3360	  0.3100	  1.0000	  1.0016
384.0000	352.0000	 -4.3532	  0.2789	  1.0000	  1.0116
416.0000	352.0000	 -4.3556	  0.2015	  1.0000	  1.0035
448.0000	352.0000	 -4.3573	  0.1316	  1.0000	  1.0019
480.0000	352.0000	 -4.3563	  0.0696	  1.0000	  1.0339
512.0000	352.0000	 -4.1994	 -0.0826	  0.0000	  1.0485
544.0000	352.0000	 -3.6739	 -0.4006	  0.0000	  1.0535
576.0000	352.0000	 -2.3791	 -1.0023	  1.0000	  1.0052
608.0000	352.0000	 -0.6809	 -1.7349	  1.0000	  1.0000
640.0000	352.0000	  1.0055	 -2.3886	  1.0000	  1.0025
672.0000	352.0000	  2.1862	 -2.7321	  1.0000	  1.0058
704.0000	352.0000	  2.5331	 -2.6425	  1.0000	  1.0006
736.0000	352.0000	  2.2704	 -2.4231	  1.0000	  1.0004
768.0000	352.0000	  1.1577	 -1.8588	  1.0000	  1.0032
800.0000	352.0000	 -0.5162	 -1.0835	  1.0000	  1.0052
832.0000	352.0000	 -2.2246	 -0.3390	  1.0000	  1.0040
864.0000	352.0000	 -3.4686	  0.1320	  1.0000	  1.0002
896.0000	352.0000	 -4.0161	  0.2271	  1.0000	  1.0019
928.0000	352.0000	 -4.1586	  0.1232	  1.0000	  1.0017
960.0000	352.0000	 -4.1582	 -0.0110	  0.0000	  1.0277
992.0000	352.0000	 -4.1279	 -0.0753	  0.0000	  1.0194
1024.0000	352.0000	 -4.1425	 -0.1190	  1.0000	  1.0044
 32.0000	384.0000	 -4.2170	  0.1182	  1.0000	  1.0011
 64.0000	384.0000	 -4.2278	  0.1628	  1.0000	  1.0042
 96.0000	384.0000	 -4.2190	  0.2154	  0.0000	  1.0084
128.0000	384.0000	 -4.2486	  0.2701	  0.0000	  1.0355
160.0000	384.0000	 -4.1955	  0.1985	  0.0000	  1.0668
192.0000	384.0000	 -4.1277	  0.0980	  0.0000	  1.0653
224.0000	384.0000	 -4.1321	  0.0432	  0.0000	  1.0508
256.0000	384.0000	 -4.2101	  0.1050	  1.0000	  1.0121
288.0000	384.0000	 -4.2916	  0.2485	  0.0000	  1.0444
320.0000	384.0000	 -4.3392	  0.3993	  0.0000	  1.0441
352.0000	384.0000	 -4.3648	  0.5224	  1.0000	  1.0029
384.0000	384.0000	 -4.3580	  0.6157	  1.0000	  0.0000
416.0000	384.0000	 -4.3483	  0.6470	  1.0000	  1.0019
448.0000	384.0000	 -4.3418	  0.6001	  1.0000	  1.0040
480.0000	384.0000	 -4.2909	  0.4633	  1.0000	  1.0009
512.0000	384.0000	 -3.9843	  0.2206	  1.0000	  1.0057
544.0000	384.0000	 -3.1042	 -0.2134	  1.0000	  1.0044
576.0000	384.0000	 -1.3649	 -1.0134	  1.0000	  0.0000
608.0000	384.0000	  0.7102	 -1.9454	  1.0000	  1.0047
640.0000	384.0000	  2.5989	 -2.6955	  1.0000	  1.0010
672.0000	384.0000	  3.7950	 -2.9213	  1.0000	  1.0046
704.0000	384.0000	  4.0206	 -2.4623	  1.0000	  1.0012
736.0000	384.0000	  3.7360	 -1.9504	  1.0000	  1.0070
768.0000	384.0000	  2.5355	 -1.0611	  1.0000	  1.0052
800.0000	384.0000	  0.7003	 -0.0081	  1.0000	  1.0114
832.0000	384.0000	 -1.1935	  0.8522	  1.0000	  1.0010
864.0000	384.0000	 -2.6378	  1.2612	  1.0000	  1.0014
896.0000	384.0000	 -3.3537	  1.1572	  1.0000	  1.0188
928.0000	384.0000	 -3.6284	  0.8399	  1.0000	  1.0076
960.0000	384.0000	 -3.7347	  0.5646	  1.0000	  1.0040
992.0000	384.0000	 -3.8022	  0.4539	  1.0000	  1.0048
1024.0000	384.0000	 -3.8753	  0.4114	  1.0000	  1.0029
 32.0000	416.0000	 -4.2492	 -0.0003	  1.0000	  1.0027
 64.0000	416.0000	 -4.2715	  0.0642	  1.0000	  1.0114
 96.0000	416.0000	 -4.2743	  0.1371	  1.0000	  1.0061
128.0000	416.0000	 -4.3018	  0.1748	  0.0000	  1.0254
160.0000	416.0000	 -4.2779	  0.1143	  0.0000	  1.0467
192.0000	416.0000	 -4.2373	  0.0321	  0.0000	  1.0385
224.0000	416.0000	 -4.2774	 -0.0336	  1.0000	  1.0373
256.0000	416.0000	 -4.3599	  0.0843	  1.0000	  1.0007
288.0000	416.0000	 -4.3948	  0.4139	  1.0000	  1.0005
320.0000	416.0000	 -4.3617	  0.8867	  1.0000	  1.0018
352.0000	416.0000	 -4.2881	  1.4022	  1.0000	  0.0000
384.0000	416.0000	 -4.1878	  1.8714	  1.0000	  1.0068
416.0000	416.0000	 -4.0890	  2.1890	  1.0000	  1.0017
448.0000	416.0000	 -3.9754	  2.2561	  1.0000	  1.0006
480.0000	416.0000	 -3.7609	  2.0404	  1.0000	  1.0040
512.0000	416.0000	 -3.1750	  1.6539	  1.0000	  1.0124
544.0000	416.0000	 -1.8637	  1.1117	  1.0000	  1.0171
576.0000	416.0000	  0.2041	  0.1445	  1.0000	  0.0000
608.0000	416.0000	  2.3664	 -0.9590	  1.0000	  1.0006
640.0000	416.0000	  4.1031	 -1.8182	  1.0000	  1.0019
672.0000	416.0000	  5.0480	 -2.0287	  1.0000	  1.0020
704.0000	416.0000	  5.0207	 -1.2078	  1.0000	  1.0001
736.0000	416.0000	  4.5127	 -0.3556	  1.0000	  1.0016
768.0000	416.0000	  3.2316	  0.7965	  1.0000	  1.0032
800.0000	416.0000	  1.4097	  1.9670	  1.0000	  1.0096
832.0000	416.0000	 -0.3710	  2.8283	  1.0000	  1.0025
864.0000	416.0000	 -1.7513	  3.0877	  1.0000	  1.0080
896.0000	416.0000	 -2.4729	  2.8049	  1.0000	  1.0081
928.0000	416.0000	 -2.7874	  2.3762	  1.0000	  1.0041
960.0000	416.0000	 -2.9471	  2.0977	  1.0000	  0.0000
992.0000	416.0000	 -3.0727	  2.0670	  1.0000	  1.0005
1024.0000	416.0000	 -3.1881	  2.0724	  1.0000	  1.0001
 32.0000	448.0000	 -4.1944	 -0.1157	  0.0000	  1.0787
 64.0000	448.0000	 -4.2423	 -0.0340	  0.0000	  1.0206
 96.0000	448.0000	 -4.2303	  0.0409	  0.0000	  1.0252
128.0000	448.0000	 -4.2108	  0.0256	  0.0000	  1.0171
160.0000	448.0000	 -4.2311	 -0.0617	  1.0000	  1.0004
192.0000	448.0000	 -4.2683	 -0.1471	  1.0000	  1.0005
224.0000	448.0000	 -4.3556	 -0.1259	  1.0000	  1.0069
256.0000	448.0000	 -4.4413	  0.2295	  1.0000	  1.0082
288.0000	448.0000	 -4.3686	  1.0432	  1.0000	  1.0029
320.0000	448.0000	 -4.1756	  2.1969	  1.0000	  1.0060
352.0000	448.0000	 -3.9300	  3.4718	  1.0000	  1.0141
384.0000	448.0000	 -3.6495	  4.6720	  1.0000	  1.0013
416.0000	448.0000	 -3.3564	  5.5864	  1.0000	  1.0081
448.0000	448.0000	 -2.9847	  5.9496	  1.0000	  1.0057
480.0000	448.0000	 -2.4165	  5.6661	  1.0000	  1.0036
512.0000	448.0000	 -1.3804	  5.0790	  1.0000	  1.0037
544.0000	448.0000	  0.4793	  4.4378	  1.0000	  1.0042
576.0000	448.0000	  2.6319	  3.3438	  1.0000	  1.0028
608.0000	448.0000	  4.4836	  2.0937	  1.0000	  1.0086
640.0000	448.0000	  5.6604	  1.0583	  1.0000	  1.0034
672.0000	448.0000	  6.0832	  0.4725	  1.0000	  1.0003
704.0000	448.0000	  5.6425	  1.3615	  1.0000	  1.0028
736.0000	448.0000	  4.7249	  2.4150	  1.0000	  1.0070
768.0000	448.0000	  3.3658	  3.5547	  1.0000	  1.0001
800.0000	448.0000	  1.7002	  4.5814	  1.0000	  1.0004
832.0000	448.0000	  0.1844	  5.2777	  1.0000	  1.0027
864.0000	448.0000	 -0.9371	  5.4213	  1.0000	  1.0056
896.0000	448.0000	 -1.4864	  5.2073	  1.0000	  1.0003
928.0000	448.0000	 -1.6857	  5.0371	  1.0000	  1.0059
960.0000	448.0000	 -1.7707	  5.1351	  1.0000	  1.0020
992.0000	448.0000	 -1.8512	  5.4263	  1.0000	  1.0115
1024.0000	448.0000	 -1.9377	  5.5351	  1.0000	  1.0183
 32.0000	480.0000	 -3.9193	 -0.0290	  0.0000	  1.0729
 64.0000	480.0000	 -3.9955	  0.0230	  0.0000	  1.0605
 96.0000	480.0000	 -4.0503	  0.0330	  0.0000	  1.0744
128.0000	480.0000	 -4.0680	 -0.0395	  0.0000	  1.0639
160.0000	480.0000	 -4.0800	 -0.1317	  1.0000	  1.0006
192.0000	480.0000	 -4.1367	 -0.1973	  1.0000	  1.0591
224.0000	480.0000	 -4.2454	 -0.0446	  0.0000	  1.0762
256.0000	480.0000	 -4.3429	  0.6845	  0.0000	  1.0178
288.0000	480.0000	 -4.0974	  2.2286	  1.0000	  1.0093
320.0000	480.0000	 -3.7147	  4.2383	  1.0000	  1.0054
352.0000	480.0000	 -3.3093	  6.3598	  1.0000	  1.0053
384.0000	480.0000	 -2.8481	  8.3527	  1.0000	  1.0006
416.0000	480.0000	 -2.2987	 10.0753	  1.0000	  1.0036
448.0000	480.0000	 -1.5144	 10.9321	  1.0000	  0.0000
480.0000	480.0000	 -0.3369	 10.8193	  1.0000	  1.0104
512.0000	480.0000	  1.2793	 10.2181	  1.0000	  1.0009
544.0000	480.0000	  3.4123	  9.2224	  1.0000	  1.0059
576.0000	480.0000	  5.5926	  7.7783	  1.0000	  1.0012
608.0000	480.0000	  7.0213	  6.2942	  1.0000	  0.0000
640.0000	480.0000	  7.4637	  5.1639	  1.0000	  1.0013
672.0000	480.0000	  7.2075	  4.4424	  1.0000	  1.0028
704.0000	480.0000	  6.1911	  4.9904	  1.0000	  1.0043
736.0000	480.0000	  4.7885	  5.8893	  1.0000	  1.0100
768.0000	480.0000	  3.1870	  6.8816	  1.0000	  1.0021
800.0000	480.0000	  1.6481	  7.5629	  1.0000	  1.0036
832.0000	480.0000	  0.3964	  7.9969	  1.0000	  1.0009
864.0000	480.0000	 -0.3616	  8.1201	  1.0000	  1.0089
896.0000	480.0000	 -0.6274	  8.1828	  1.0000	  1.0011
928.0000	480.0000	 -0.5926	  8.5096	  1.0000	  1.0030
960.0000	480.0000	 -0.5064	  9.1300	  1.0000	  1.0018
992.0000	480.0000	 -0.5074	  9.7243	  1.0000	  1.0009
1024.0000	480.0000	 -0.6056	  9.7551	  1.0000	  1.0003
 32.0000	512.0000	 -3.3451	  0.6598	  0.0000	  1.0278
 64.0000	512.0000	 -3.4787	  0.6366	  0.0000	  1.0641
 96.0000	512.0000	 -3.6096	  0.5558	  0.0000	  1.0802
128.0000	512.0000	 -3.6783	  0.3946	  0.0000	  1.0851
160.0000	512.0000	 -3.6605	  0.2484	  0.0000	  1.0327
192.0000	512.0000	 -3.6895	  0.2184	  0.0000	  1.0706
224.0000	512.0000	 -3.7948	  0.5584	  0.0000	  1.0706
256.0000	512.0000	 -3.8521	  1.6856	  0.0000	  1.0366
288.0000	512.0000	 -3.4810	  3.9438	  1.0000	  1.0224
320.0000	512.0000	 -3.0120	  6.6499	  1.0000	  1.0128
352.0000	512.0000	 -2.5281	  9.4513	  1.0000	  1.0059
384.0000	512.0000	 -1.9745	 12.0475	  1.0000	  0.0000
416.0000	512.0000	 -1.2116	 14.4722	  1.0000	  0.0000
448.0000	512.0000	 -0.0155	 15.8064	  1.0000	  0.0000
480.0000	512.0000	  1.8098	 16.1577	  1.0000	  0.0000
512.0000	512.0000	  4.1269	 15.7421	  1.0000	  1.0165
544.0000	512.0000	  6.5974	 14.6924	  1.0000	  1.0075
576.0000	512.0000	  8.6422	 13.1324	  1.0000	  1.0059
608.0000	512.0000	  9.5500	 11.3905	  1.0000	  1.0003
640.0000	512.0000	  9.2726	  9.9037	  1.0000	  1.0016
672.0000	512.0000	  8.3252	  9.0070	  1.0000	  1.0017
704.0000	512.0000	  6.7065	  9.0507	  1.0000	  1.0046
736.0000	512.0000	  4.7832	  9.6541	  1.0000	  1.0017
768.0000	512.0000	  2.9117	 10.2576	  1.0000	  1.0075
800.0000	512.0000	  1.3825	 10.5784	  1.0000	  1.0087
832.0000	512.0000	  0.2887	 10.8161	  1.0000	  1.0019
864.0000	512.0000	 -0.1215	 10.9038	  1.0000	  1.0019
896.0000	512.0000	 -0.0527	 11.2374	  1.0000	  1.0104
928.0000	512.0000	  0.2543	 12.0482	  1.0000	  1.0007
960.0000	512.0000	  0.5349	 13.1293	  1.0000	  0.0000
992.0000	512.0000	  0.6220	 13.9244	  1.0000	  0.0000
1024.0000	512.0000	  0.5162	 13.8346	  1.0000	  1.0028
 32.0000	544.0000	 -2.5752	  1.9549	  1.0000	  1.0137
 64.0000	544.0000	 -2.6809	  1.8947	  1.0000	  0.0000
 96.0000	544.0000	 -2.8127	  1.7489	  1.0000	  1.0309
128.0000	544.0000	 -2.9198	  1.5022	  0.0000	  1.0418
160.0000	544.0000	 -2.8604	  1.3754	  0.0000	  1.0428
192.0000	544.0000	 -2.8062	  1.4644	  0.0000	  1.0216
224.0000	544.0000	 -2.8877	  1.9423	  0.0000	  1.0211
256.0000	544.0000	 -2.9718	  3.2623	  0.0000	  1.0270
288.0000	544.0000	 -2.6538	  5.8359	  1.0000	  1.0238
320.0000	544.0000	 -2.1775	  9.0099	  1.0000	  1.0066
352.0000	544.0000	 -1.7459	 12.1494	  1.0000	  1.0038
384.0000	544.0000	 -1.2220	 15.0097	  1.0000	  1.0024
416.0000	544.0000	 -0.3656	 17.9294	  1.0000	  1.0007
448.0000	544.0000	  1.1076	 20.0429	  1.0000	  1.0072
480.0000	544.0000	  3.5174	 20.8897	  1.0000	  1.0055
512.0000	544.0000	  6.5245	 20.7246	  1.0000	  0.0000
544.0000	544.0000	  9.2513	 19.6402	  1.0000	  1.0004
576.0000	544.0000	 10.6846	 17.6255	  1.0000	  1.0009
608.0000	544.0000	 11.2335	 15.7690	  1.0000	  1.0034
640.0000	544.0000	 10.6304	 14.1059	  1.0000	  1.0160
672.0000	544.0000	  9.1522	 13.1280	  1.0000	  1.0075
704.0000	544.0000	  7.0809	 12.8334	  1.0000	  1.0032
736.0000	544.0000	  4.7907	 13.0197	  1.0000	  1.0050
768.0000	544.0000	  2.7054	 13.1340	  1.0000	  1.0107
800.0000	544.0000	  1.0649	 13.1992	  1.0000	  1.0037
832.0000	544.0000	  0.0612	 13.3001	  1.0000	  1.0009
864.0000	544.0000	 -0.1200	 13.3634	  1.0000	  1.0015
896.0000	544.0000	  0.2107	 13.9188	  1.0000	  1.0065
928.0000	544.0000	  0.7153	 15.0085	  1.0000	  0.0000
960.0000	544.0000	  1.1267	 16.2950	  1.0000	  1.0002
992.0000	544.0000	  1.2909	 17.1182	  1.0000	  1.0008
1024.0000	544.0000	  1.2397	 17.0050	  1.0000	  1.0026
 32.0000	576.0000	 -1.8109	  3.2704	  1.0000	  1.0111
 64.0000	576.0000	 -1.8696	  3.2382	  1.0000	  1.0252
 96.0000	576.0000	 -1.9401	  3.1488	  1.0000	  1.0076
128.0000	576.0000	 -1.9347	  3.0616	  1.0000	  1.0015
160.0000	576.0000	 -1.7565	  3.1462	  1.0000	  1.0038
192.0000	576.0000	 -1.5616	  3.4873	  1.0000	  1.0012
224.0000	576.0000	 -1.6722	  3.9962	  1.0000	  1.0024
256.0000	576.0000	 -1.8541	  5.2190	  1.0000	  1.0131
288.0000	576.0000	 -1.8573	  7.4713	  1.0000	  1.0016
320.0000	576.0000	 -1.5447	 10.6066	  1.0000	  1.0021
352.0000	576.0000	 -1.2061	 13.7850	  1.0000	  1.0061
384.0000	576.0000	 -0.7288	 16.6879	  1.0000	  1.0004
416.0000	576.0000	  0.1476	 19.6448	  1.0000	  1.0008
448.0000	576.0000	  1.7160	 22.1667	  1.0000	  1.0032
480.0000	576.0000	  4.4362	 23.3359	  1.0000	  1.0034
512.0000	576.0000	  7.8118	 23.3942	  1.0000	  1.0009
544.0000	576.0000	 10.6736	 22.4638	  1.0000	  1.0020
576.0000	576.0000	 11.8643	 20.5362	  1.0000	  1.0106
608.0000	576.0000	 12.0125	 18.5928	  1.0000	  1.0066
640.0000	576.0000	 11.0566	 16.7824	  1.0000	  1.0104
672.0000	576.0000	  9.4461	 15.8149	  1.0000	  0.0000
704.0000	576.0000	  7.2290	 15.3508	  1.0000	  0.0000
736.0000	576.0000	  4.7754	 15.2719	  1.0000	  1.0062
768.0000	576.0000	  2.5039	 15.2068	  1.0000	  1.0039
800.0000	576.0000	  0.7481	 15.1232	  1.0000	  1.0049
832.0000	576.0000	 -0.1338	 15.0810	  1.0000	  1.0048
864.0000	576.0000	 -0.1528	 15.1222	  1.0000	  1.0041
896.0000	576.0000	  0.3158	 15.7923	  1.0000	  1.0061
928.0000	576.0000	  0.9137	 16.9709	  1.0000	  1.0041
960.0000	576.0000	  1.3932	 18.3274	  1.0000	  1.0045
992.0000	576.0000	  1.6102	 19.1232	  1.0000	  1.0020
1024.0000	576.0000	  1.6140	 19.0197	  1.0000	  1.0039
 32.0000	608.0000	 -1.4778	  3.8714	  1.0000	  1.0019
 64.0000	608.0000	 -1.4478	  3.9512	  1.0000	  1.0234
 96.0000	608.0000	 -1.5021	  3.8585	  1.0000	  1.0426
128.0000	608.0000	 -1.3889	  3.9444	  1.0000	  1.0293
160.0000	608.0000	 -1.1776	  4.0965	  1.0000	  1.0024
192.0000	608.0000	 -0.8887	  4.6288	  1.0000	  1.0049
224.0000	608.0000	 -1.1569	  4.9887	  1.0000	  1.0007
256.0000	608.0000	 -1.4169	  6.1165	  1.0000	  1.0078
288.0000	608.0000	 -1.5029	  8.2157	  1.0000	  1.0002
320.0000	608.0000	 -1.3182	 11.1297	  1.0000	  1.0010
352.0000	608.0000	 -0.9998	 14.2921	  1.0000	  1.0055
384.0000	608.0000	 -0.5102	 17.3681	  1.0000	  1.0061
416.0000	608.0000	  0.3715	 20.3653	  1.0000	  1.0086
448.0000	608.0000	  1.9625	 22.9451	  1.0000	  1.0016
480.0000	608.0000	  4.8388	 24.2217	  1.0000	  1.0069
512.0000	608.0000	  8.3790	 24.4170	  1.0000	  1.0111
544.0000	608.0000	 11.2989	 23.6896	  1.0000	  1.0140
576.0000	608.0000	 12.4662	 22.0349	  1.0000	  1.0016
608.0000	608.0000	 12.2476	 19.8447	  1.0000	  1.0044
640.0000	608.0000	 11.1109	 17.9526	  1.0000	  1.0041
672.0000	608.0000	  9.4058	 16.8198	  1.0000	  0.0000
704.0000	608.0000	  7.2053	 16.2239	  1.0000	  1.0063
736.0000	608.0000	  4.7982	 16.0065	  1.0000	  1.0034
768.0000	608.0000	  2.5524	 15.9102	  1.0000	  1.0012
800.0000	608.0000	  0.8102	 15.8887	  1.0000	  0.0000
832.0000	608.0000	 -0.1431	 16.0172	  1.0000	  1.0067
864.0000	608.0000	 -0.1260	 16.1036	  1.0000	  1.0002
896.0000	608.0000	  0.3595	 16.8466	  1.0000	  0.0000
928.0000	608.0000	  0.9677	 17.9591	  1.0000	  1.0038
960.0000	608.0000	  1.4821	 19.3482	  1.0000	  1.0150
992.0000	608.0000	  1.7269	 20.1130	  1.0000	  1.0112
1024.0000	608.0000	  1.7596	 20.0111	  1.0000	  1.0019
