 32.0000	 32.0000	 -5.9697	  0.0802	  1.0000	  1.0040
 64.0000	 32.0000	 -5.9723	  0.0527	  1.0000	  1.0004
 96.0000	 32.0000	 -5.9636	  0.0356	  1.0000	  1.0018
128.0000	 32.0000	 -5.8345	  0.0263	  0.0000	  1.0604
160.0000	 32.0000	 -5.6834	  0.0223	  0.0000	  1.0508
192.0000	 32.0000	 -5.5449	 -0.0338	  0.0000	  1.0473
224.0000	 32.0000	 -5.4790	 -0.0851	  0.0000	  1.0225
256.0000	 32.0000	 -5.5555	  0.0071	  1.0000	  1.0052
288.0000	 32.0000	 -5.7931	  0.0938	  1.0000	  1.0012
320.0000	 32.0000	 -6.1643	  0.1272	  1.0000	  1.0089
352.0000	 32.0000	 -6.6265	  0.1536	  0.0000	  1.0267
384.0000	 32.0000	 -7.0678	  0.4074	  0.0000	  1.0274
416.0000	 32.0000	 -7.4931	  0.9087	  1.0000	  1.0060
448.0000	 32.0000	 -7.7125	  1.2584	  1.0000	  1.0157
480.0000	 32.0000	 -7.6746	  1.3441	  1.0000	  1.0090
512.0000	 32.0000	 -7.4045	  1.1626	  1.0000	  0.0000
544.0000	 32.0000	 -7.0120	  0.8170	  1.0000	  1.0101
576.0000	 32.0000	 -6.6476	  0.4559	  1.0000	  1.0087
608.0000	 32.0000	 -6.3893	  0.1599	  1.0000	  1.0041
640.0000	 32.0000	 -6.2713	 -0.0307	  1.0000	  1.0052
672.0000	 32.0000	 -6.2328	 -0.1067	  1.0000	  0.0000
704.0000	 32.0000	 -6.2178	 -0.1299	  1.0000	  1.0025
736.0000	 32.0000	 -6.1780	 -0.1199	  1.0000	  1.0024
768.0000	 32.0000	 -6.0902	 -0.0878	  0.0000	  1.0116
800.0000	 32.0000	 -5.9317	 -0.1103	  0.0000	  1.0524
832.0000	 32.0000	 -5.8709	 -0.0992	  0.0000	  1.0487
864.0000	 32.0000	 -5.9623	 -0.0539	  0.0000	  1.0447
896.0000	 32.0000	 -6.1402	 -0.0108	  0.0000	  1.0587
928.0000	 32.0000	 -6.2500	  0.0295	  0.0000	  1.0402
960.0000	 32.0000	 -6.1739	  0.0141	  0.0000	  1.0371
992.0000	 32.0000	 -6.0254	 -0.0975	  0.0000	  1.0359
1024.0000	 32.0000	 -5.9290	 -0.2488	  1.0000	  0.0000
 32.0000	 64.0000	 -5.9555	  0.0274	  1.0000	  1.0025
 64.0000	 64.0000	 -5.9669	 -0.0060	  0.0000	  1.0153
 96.0000	 64.0000	 -6.0013	 -0.0156	  0.0000	  1.0061
128.0000	 64.0000	 -5.8263	 -0.0080	  0.0000	  1.0507
160.0000	 64.0000	 -5.6174	 -0.0000	  0.0000	  1.0468
192.0000	 64.0000	 -5.4687	 -0.0356	  0.0000	  1.0555
224.0000	 64.0000	 -5.4190	 -0.0588	  1.0000	  1.0060
256.0000	 64.0000	 -5.4884	  0.0401	  1.0000	  1.0022
288.0000	 64.0000	 -5.7359	  0.1704	  1.0000	  1.0007
320.0000	 64.0000	 -6.1185	  0.2603	  1.0000	  1.0036
352.0000	 64.0000	 -6.5920	  0.3708	  1.0000	  1.0350
384.0000	 64.0000	 -7.0691	  0.5977	  0.0000	  1.0351
416.0000	 64.0000	 -7.4965	  1.0303	  1.0000	  1.0050
448.0000	 64.0000	 -7.7006	  1.3105	  1.0000	  1.0009
480.0000	 64.0000	 -7.6472	  1.3490	  1.0000	  1.0079
512.0000	 64.0000	 -7.3575	  1.1390	  1.0000	  1.0043
544.0000	 64.0000	 -6.9352	  0.7685	  1.0000	  1.0010
576.0000	 64.0000	 -6.5696	  0.4189	  1.0000	  1.0550
608.0000	 64.0000	 -6.3270	  0.1435	  0.0000	  1.0315
640.0000	 64.0000	 -6.2412	 -0.0369	  0.0000	  1.0352
672.0000	 64.0000	 -6.2230	 -0.0987	  1.0000	  1.0013
704.0000	 64.0000	 -6.2271	 -0.1369	  1.0000	  1.0003
736.0000	 64.0000	 -6.2093	 -0.1661	  1.0000	  1.0010
768.0000	 64.0000	 -6.1416	 -0.1903	  0.0000	  1.0384
800.0000	 64.0000	 -6.0148	 -0.1885	  0.0000	  1.0603
832.0000	 64.0000	 -5.9475	 -0.1714	  0.0000	  1.0674
864.0000	 64.0000	 -5.9994	 -0.1435	  0.0000	  1.0530
896.0000	 64.0000	 -6.1257	 -0.0961	  0.0000	  1.0604
928.0000	 64.0000	 -6.1918	 -0.0273	  0.0000	  1.0284
960.0000	 64.0000	 -6.0932	 -0.0262	  0.0000	  1.0570
992.0000	 64.0000	 -5.9626	 -0.1361	  0.0000	  1.0613
1024.0000	 64.0000	 -5.8877	 -0.2907	  0.0000	  1.0290
 32.0000	 96.0000	 -5.9264	 -0.0241	  1.0000	  1.0269
 64.0000	 96.0000	 -5.9373	 -0.0508	  0.0000	  1.3008
 96.0000	 96.0000	 -5.9415	 -0.0653	  0.0000	  1.1059
128.0000	 96.0000	 -5.7874	 -0.0703	  0.0000	  1.2022
160.0000	 96.0000	 -5.5595	 -0.0866	  0.0000	  1.0559
192.0000	 96.0000	 -5.4039	 -0.1259	  0.0000	  1.0470
224.0000	 96.0000	 -5.3574	 -0.1267	  0.0000	  1.0849
256.0000	 96.0000	 -5.3929	  0.0267	  0.0000	  1.0258
288.0000	 96.0000	 -5.6573	  0.2441	  0.0000	  1.0263
320.0000	 96.0000	 -6.0472	  0.3858	  1.0000	  1.0015
352.0000	 96.0000	 -6.5165	  0.5619	  1.0000	  1.0047
384.0000	 96.0000	 -6.9980	  0.8006	  1.0000	  1.0059
416.0000	 96.0000	 -7.3673	  1.0698	  1.0000	  1.0014
448.0000	 96.0000	 -7.5204	  1.2133	  1.0000	  1.0016
480.0000	 96.0000	 -7.4478	  1.1879	  1.0000	  1.0089
512.0000	 96.0000	 -7.1500	  0.9659	  1.0000	  1.0024
544.0000	 96.0000	 -6.7378	  0.6217	  1.0000	  1.0034
576.0000	 96.0000	 -6.4167	  0.3469	  0.0000	  1.0738
608.0000	 96.0000	 -6.2642	  0.1679	  0.0000	  1.0406
640.0000	 96.0000	 -6.2013	  0.0399	  0.0000	  1.0588
672.0000	 96.0000	 -6.2021	 -0.0483	  1.0000	  1.0181
704.0000	 96.0000	 -6.2386	 -0.1215	  1.0000	  1.0046
736.0000	 96.0000	 -6.2663	 -0.1883	  1.0000	  1.0012
768.0000	 96.0000	 -6.2566	 -0.2497	  0.0000	  1.0386
800.0000	 96.0000	 -6.1590	 -0.2467	  0.0000	  1.0454
832.0000	 96.0000	 -6.0572	 -0.2313	  0.0000	  1.0486
864.0000	 96.0000	 -6.0397	 -0.2177	  0.0000	  1.0318
896.0000	 96.0000	 -6.0575	 -0.1850	  0.0000	  1.0180
928.0000	 96.0000	 -6.0545	 -0.0822	  0.0000	  1.0987
960.0000	 96.0000	 -5.9525	 -0.0600	  0.0000	  1.0602
992.0000	 96.0000	 -5.8841	 -0.1368	  0.0000	  1.0651
1024.0000	 96.0000	 -5.8672	 -0.2179	  1.0000	  1.0167
 32.0000	128.0000	 -5.8869	 -0.0422	  0.0000	  1.0336
 64.0000	128.0000	 -5.9044	 -0.0782	  0.0000	  1.2583
 96.0000	128.0000	 -5.9121	 -0.1101	  0.0000	  1.1026
128.0000	128.0000	 -5.7774	 -0.1250	  0.0000	  1.1741
160.0000	128.0000	 -5.5602	 -0.1545	  0.0000	  1.0645
192.0000	128.0000	 -5.4204	 -0.2035	  0.0000	  1.0515
224.0000	128.0000	 -5.3730	 -0.2146	  0.0000	  1.0384
256.0000	128.0000	 -5.3975	 -0.0665	  0.0000	  1.0119
288.0000	128.0000	 -5.6487	  0.1974	  1.0000	  1.0034
320.0000	128.0000	 -5.9858	  0.4202	  1.0000	  1.0048
352.0000	128.0000	 -6.3893	  0.6238	  1.0000	  1.0043
384.0000	128.0000	 -6.8018	  0.8054	  1.0000	  1.0034
416.0000	128.0000	 -7.0924	  0.9195	  1.0000	  1.0003
448.0000	128.0000	 -7.1779	  0.9111	  1.0000	  1.0012
480.0000	128.0000	 -7.0886	  0.8331	  1.0000	  1.0003
512.0000	128.0000	 -6.7911	  0.6345	  1.0000	  1.0382
544.0000	128.0000	 -6.4185	  0.3702	  0.0000	  1.0637
576.0000	128.0000	 -6.1636	  0.2374	  0.0000	  1.0634
608.0000	128.0000	 -6.0623	  0.1823	  0.0000	  1.0772
640.0000	128.0000	 -6.0660	  0.1122	  0.0000	  1.1154
672.0000	128.0000	 -6.1382	  0.0061	  1.0000	  1.0054
704.0000	128.0000	 -6.2318	 -0.0892	  1.0000	  1.0010
736.0000	128.0000	 -6.3084	 -0.1647	  1.0000	  0.0000
768.0000	128.0000	 -6.3487	 -0.2172	  0.0000	  1.0257
800.0000	128.0000	 -6.2896	 -0.2208	  0.0000	  1.0284
832.0000	128.0000	 -6.1689	 -0.2047	  1.0000	  1.0019
864.0000	128.0000	 -6.0967	 -0.1757	  1.0000	  0.0000
896.0000	128.0000	 -6.0567	 -0.1314	  1.0000	  0.0000
928.0000	128.0000	 -6.0174	 -0.0614	  0.0000	  1.0968
960.0000	128.0000	 -5.9295	 -0.0458	  0.0000	  1.0426
992.0000	128.0000	 -5.9055	 -0.0930	  0.0000	  1.0554
1024.0000	128.0000	 -5.9208	 -0.1413	  1.0000	  1.0049
 32.0000	160.0000	 -5.8802	 -0.0012	  0.0000	  1.0251
 64.0000	160.0000	 -5.9038	 -0.0740	  0.0000	  1.0041
 96.0000	160.0000	 -5.9388	 -0.1426	  0.0000	  1.0430
128.0000	160.0000	 -5.8198	 -0.1534	  0.0000	  1.0847
160.0000	160.0000	 -5.6252	 -0.1536	  0.0000	  1.0526
192.0000	160.0000	 -5.5188	 -0.1673	  0.0000	  1.0649
224.0000	160.0000	 -5.4964	 -0.1659	  0.0000	  1.0380
256.0000	160.0000	 -5.5463	 -0.0255	  1.0000	  1.0171
288.0000	160.0000	 -5.7023	  0.1972	  1.0000	  0.0000
320.0000	160.0000	 -5.9358	  0.4262	  1.0000	  0.0000
352.0000	160.0000	 -6.2238	  0.5970	  1.0000	  0.0000
384.0000	160.0000	 -6.5149	  0.6569	  1.0000	  1.0005
416.0000	160.0000	 -6.7267	  0.6211	  1.0000	  1.0139
448.0000	160.0000	 -6.7696	  0.4771	  1.0000	  1.0009
480.0000	160.0000	 -6.6547	  0.3412	  1.0000	  1.0090
512.0000	160.0000	 -6.3644	  0.2190	  0.0000	  1.0803
544.0000	160.0000	 -6.0842	  0.1327	  0.0000	  1.0694
576.0000	160.0000	 -5.8952	  0.1261	  0.0000	  1.0842
608.0000	160.0000	 -5.8208	  0.1389	  0.0000	  1.0910
640.0000	160.0000	 -5.8800	  0.1057	  0.0000	  1.1208
672.0000	160.0000	 -6.0508	  0.0111	  1.0000	  1.0006
704.0000	160.0000	 -6.2050	 -0.0773	  1.0000	  1.0020
736.0000	160.0000	 -6.3041	 -0.1377	  1.0000	  0.0000
768.0000	160.0000	 -6.3416	 -0.1666	  1.0000	  1.0008
800.0000	160.0000	 -6.2947	 -0.1632	  1.0000	  1.0071
832.0000	160.0000	 -6.1965	 -0.1351	  1.0000	  1.0017
864.0000	160.0000	 -6.1175	 -0.0920	  1.0000	  0.0000
896.0000	160.0000	 -6.0734	 -0.0494	  1.0000	  1.0004
928.0000	160.0000	 -6.0632	 -0.0155	  1.0000	  1.0071
960.0000	160.0000	 -6.0448	 -0.0118	  1.0000	  1.0104
992.0000	160.0000	 -6.0474	 -0.0334	  1.0000	  1.0029
1024.0000	160.0000	 -6.0592	 -0.0559	  1.0000	  1.0007
 32.0000	192.0000	 -5.9299	  0.0512	  0.0000	  1.0349
 64.0000	192.0000	 -5.9742	 -0.0702	  0.0000	  1.0520
 96.0000	192.0000	 -6.0029	 -0.1936	  0.0000	  1.0524
128.0000	192.0000	 -5.9072	 -0.1837	  0.0000	  1.0431
160.0000	192.0000	 -5.7552	 -0.1286	  0.0000	  1.0182
192.0000	192.0000	 -5.6852	 -0.0791	  0.0000	  1.0506
224.0000	192.0000	 -5.6821	 -0.0527	  0.0000	  1.0462
256.0000	192.0000	 -5.7001	  0.0338	  0.0000	  1.0578
288.0000	192.0000	 -5.7538	  0.2016	  0.0000	  1.0672
320.0000	192.0000	 -5.8859	  0.4234	  1.0000	  1.0039
352.0000	192.0000	 -6.0506	  0.5589	  1.0000	  1.0034
384.0000	192.0000	 -6.2193	  0.4911	  0.0000	  1.0264
416.0000	192.0000	 -6.3315	  0.2763	  0.0000	  1.0259
448.0000	192.0000	 -6.3299	 -0.0288	  0.0000	  1.0254
480.0000	192.0000	 -6.2538	 -0.1835	  0.0000	  1.0237
512.0000	192.0000	 -6.0791	 -0.1542	  0.0000	  1.0828
544.0000	192.0000	 -5.8631	 -0.0738	  0.0000	  1.0703
576.0000	192.0000	 -5.6988	 -0.0110	  0.0000	  1.0661
608.0000	192.0000	 -5.6448	  0.0126	  0.0000	  1.0456
640.0000	192.0000	 -5.7333	 -0.0090	  0.0000	  1.0567
672.0000	192.0000	 -5.9616	 -0.0880	  1.0000	  1.0004
704.0000	192.0000	 -6.1469	 -0.1595	  1.0000	  1.0056
736.0000	192.0000	 -6.2574	 -0.1874	  1.0000	  1.0054
768.0000	192.0000	 -6.2926	 -0.1769	  1.0000	  1.0015
800.0000	192.0000	 -6.2407	 -0.1474	  1.0000	  1.0115
832.0000	192.0000	 -6.1513	 -0.0828	  1.0000	  1.0003
864.0000	192.0000	 -6.0796	 -0.0059	  1.0000	  1.0070
896.0000	192.0000	 -6.0533	  0.0454	  1.0000	  1.0226
928.0000	192.0000	 -6.1117	  0.0587	  1.0000	  0.0000
960.0000	192.0000	 -6.1575	  0.0574	  1.0000	  1.0011
992.0000	192.0000	 -6.1778	  0.0497	  1.0000	  1.0092
1024.0000	192.0000	 -6.1886	  0.0436	  1.0000	  1.0034
 32.0000	224.0000	 -5.9852	  0.0985	  0.0000	  1.0521
 64.0000	224.0000	 -6.0356	 -0.0171	  0.0000	  1.0563
 96.0000	224.0000	 -6.0501	 -0.1528	  0.0000	  1.0471
128.0000	224.0000	 -5.9592	 -0.1334	  0.0000	  1.0153
160.0000	224.0000	 -5.8394	 -0.0574	  0.0000	  1.0416
192.0000	224.0000	 -5.7883	  0.0015	  0.0000	  1.0522
224.0000	224.0000	 -5.7754	  0.0297	  0.0000	  1.0501
256.0000	224.0000	 -5.7649	  0.0920	  0.0000	  1.0591
288.0000	224.0000	 -5.7695	  0.2246	  0.0000	  1.0525
320.0000	224.0000	 -5.8189	  0.4121	  0.0000	  1.0155
352.0000	224.0000	 -5.8740	  0.5458	  0.0000	  1.0426
384.0000	224.0000	 -5.9672	  0.4246	  0.0000	  1.0386
416.0000	224.0000	 -6.0455	  0.1300	  0.0000	  1.0706
448.0000	224.0000	 -6.0487	 -0.2321	  0.0000	  1.0049
480.0000	224.0000	 -6.0329	 -0.3791	  0.0000	  1.0332
512.0000	224.0000	 -5.9652	 -0.3473	  0.0000	  1.0249
544.0000	224.0000	 -5.7620	 -0.2371	  0.0000	  1.0156
576.0000	224.0000	 -5.5749	 -0.1857	  0.0000	  1.0422
608.0000	224.0000	 -5.5784	 -0.2322	  0.0000	  1.0277
640.0000	224.0000	 -5.6950	 -0.3111	  1.0000	  1.0120
672.0000	224.0000	 -5.8879	 -0.3930	  1.0000	  1.0023
704.0000	224.0000	 -6.0431	 -0.4572	  1.0000	  1.0015
736.0000	224.0000	 -6.1371	 -0.4487	  1.0000	  0.0000
768.0000	224.0000	 -6.1664	 -0.3774	  0.0000	  1.0069
800.0000	224.0000	 -6.0971	 -0.2964	  1.0000	  1.0134
832.0000	224.0000	 -6.0112	 -0.1489	  1.0000	  1.0020
864.0000	224.0000	 -5.9389	  0.0062	  1.0000	  1.0001
896.0000	224.0000	 -5.9112	  0.1041	  0.0000	  1.0212
928.0000	224.0000	 -6.0628	  0.1123	  0.0000	  1.0377
960.0000	224.0000	 -6.1527	  0.1143	  0.0000	  1.0274
992.0000	224.0000	 -6.1659	  0.1173	  1.0000	  1.0056
1024.0000	224.0000	 -6.1763	  0.1196	  1.0000	  1.0053
 32.0000	256.0000	 -6.1418	  0.0801	  0.0000	  1.0526
 64.0000	256.0000	 -6.1855	 -0.0059	  0.0000	  1.0490
 96.0000	256.0000	 -6.1631	 -0.1008	  0.0000	  1.0280
128.0000	256.0000	 -6.0352	 -0.0854	  0.0000	  1.0435
160.0000	256.0000	 -5.9137	 -0.0261	  0.0000	  1.0694
192.0000	256.0000	 -5.8484	  0.0160	  0.0000	  1.0595
224.0000	256.0000	 -5.7979	  0.0303	  0.0000	  1.0451
256.0000	256.0000	 -5.7628	  0.0926	  0.0000	  1.0517
288.0000	256.0000	 -5.7384	  0.2100	  0.0000	  1.0567
320.0000	256.0000	 -5.6928	  0.3096	  1.0000	  1.0301
352.0000	256.0000	 -5.6845	  0.4021	  0.0000	  1.0518
384.0000	256.0000	 -5.7391	  0.2795	  0.0000	  1.0688
416.0000	256.0000	 -5.8137	  0.0588	  0.0000	  1.0814
448.0000	256.0000	 -5.8417	 -0.1684	  1.0000	  1.0017
480.0000	256.0000	 -5.8604	 -0.2634	  1.0000	  1.0012
512.0000	256.0000	 -5.8296	 -0.2703	  1.0000	  1.0049
544.0000	256.0000	 -5.6925	 -0.2658	  0.0000	  1.0346
576.0000	256.0000	 -5.5382	 -0.3679	  0.0000	  1.0492
608.0000	256.0000	 -5.5410	 -0.5837	  0.0000	  1.0378
640.0000	256.0000	 -5.6247	 -0.8395	  1.0000	  1.0075
672.0000	256.0000	 -5.7407	 -1.0507	  1.0000	  0.0000
704.0000	256.0000	 -5.8300	 -1.1700	  1.0000	  0.0000
736.0000	256.0000	 -5.8704	 -1.1481	  1.0000	  0.0000
768.0000	256.0000	 -5.8487	 -1.0202	  1.0000	  1.0137
800.0000	256.0000	 -5.8059	 -0.7978	  1.0000	  1.0020
832.0000	256.0000	 -5.7555	 -0.4667	  1.0000	  1.0107
864.0000	256.0000	 -5.6935	 -0.1541	  1.0000	  1.0039
896.0000	256.0000	 -5.6629	  0.0595	  0.0000	  1.0078
928.0000	256.0000	 -5.8183	  0.1250	  0.0000	  1.0230
960.0000	256.0000	 -5.8764	  0.1500	  1.0000	  1.0159
992.0000	256.0000	 -5.9181	  0.1628	  1.0000	  1.0023
1024.0000	256.0000	 -5.9503	  0.1681	  1.0000	  1.0199
 32.0000	288.0000	 -6.3869	  0.0166	  1.0000	  1.0080
 64.0000	288.0000	 -6.4114	 -0.0360	  0.0000	  1.0311
 96.0000	288.0000	 -6.3062	 -0.0748	  0.0000	  1.0190
128.0000	288.0000	 -6.1123	 -0.0547	  0.0000	  1.0482
160.0000	288.0000	 -5.9816	 -0.0096	  0.0000	  1.0785
192.0000	288.0000	 -5.9095	  0.0208	  0.0000	  1.0769
224.0000	288.0000	 -5.8408	  0.0151	  0.0000	  1.0701
256.0000	288.0000	 -5.7720	  0.0367	  0.0000	  1.0583
288.0000	288.0000	 -5.6868	  0.0924	  0.0000	  1.0669
320.0000	288.0000	 -5.5485	  0.0836	  0.0000	  1.0236
352.0000	288.0000	 -5.4750	  0.0597	  0.0000	  1.0298
384.0000	288.0000	 -5.4912	  0.0112	  0.0000	  1.0006
416.0000	288.0000	 -5.5908	 -0.0661	  1.0000	  1.0011
448.0000	288.0000	 -5.6883	 -0.1218	  1.0000	  1.0136
480.0000	288.0000	 -5.7678	 -0.1324	  1.0000	  1.0015
512.0000	288.0000	 -5.7804	 -0.2051	  1.0000	  1.0018
544.0000	288.0000	 -5.6854	 -0.4166	  1.0000	  1.0072
576.0000	288.0000	 -5.5545	 -0.7885	  1.0000	  1.0002
608.0000	288.0000	 -5.4743	 -1.2852	  1.0000	  1.0000
640.0000	288.0000	 -5.4468	 -1.8076	  1.0000	  1.0031
672.0000	288.0000	 -5.4590	 -2.2238	  1.0000	  0.0000
704.0000	288.0000	 -5.4748	 -2.4362	  1.0000	  1.0011
736.0000	288.0000	 -5.4717	 -2.3762	  1.0000	  1.0032
768.0000	288.0000	 -5.4273	 -2.0868	  0.0000	  1.0115
800.0000	288.0000	 -5.4205	 -1.6678	  1.0000	  1.0047
832.0000	288.0000	 -5.4014	 -1.0950	  1.0000	  1.0100
864.0000	288.0000	 -5.3530	 -0.5556	  1.0000	  1.0019
896.0000	288.0000	 -5.3172	 -0.1683	  1.0000	  1.0017
928.0000	288.0000	 -5.3672	  0.0442	  1.0000	  1.0026
960.0000	288.0000	 -5.4199	  0.1463	  1.0000	  1.0022
992.0000	288.0000	 -5.4842	  0.1794	  1.0000	  1.0081
1024.0000	288.0000	 -5.5363	  0.1871	  1.0000	  1.0086
 32.0000	320.0000	 -6.4895	  0.0005	  1.0000	  1.0075
 64.0000	320.0000	 -6.4310	 -0.0180	  1.0000	  1.0198
 96.0000	320.0000	 -6.2860	 -0.0291	  0.0000	  1.0224
128.0000	320.0000	 -6.1278	 -0.0222	  0.0000	  1.0581
160.0000	320.0000	 -6.0290	  0.0015	  0.0000	  1.0593
192.0000	320.0000	 -5.9856	  0.0177	  0.0000	  1.0798
224.0000	320.0000	 -5.9267	 -0.0091	  0.0000	  1.1156
256.0000	320.0000	 -5.8135	 -0.0330	  0.0000	  1.0631
288.0000	320.0000	 -5.6529	 -0.0332	  0.0000	  1.0502
320.0000	320.0000	 -5.4679	 -0.1007	  0.0000	  1.0676
352.0000	320.0000	 -5.3311	 -0.2239	  0.0000	  1.0408
384.0000	320.0000	 -5.2945	 -0.2523	  1.0000	  1.0008
416.0000	320.0000	 -5.3981	 -0.2458	  1.0000	  1.0041
448.0000	320.0000	 -5.5743	 -0.1791	  1.0000	  1.0029
480.0000	320.0000	 -5.7316	 -0.1048	  0.0000	  1.0392
512.0000	320.0000	 -5.7832	 -0.2677	  0.0000	  1.0316
544.0000	320.0000	 -5.6717	 -0.7669	  1.0000	  1.0056
576.0000	320.0000	 -5.4828	 -1.5063	  1.0000	  1.0000
608.0000	320.0000	 -5.2817	 -2.3987	  1.0000	  1.0049
640.0000	320.0000	 -5.1162	 -3.2890	  1.0000	  1.0078
672.0000	320.0000	 -5.0154	 -3.9768	  1.0000	  1.0053
704.0000	320.0000	 -4.9688	 -4.3135	  1.0000	  1.0080
736.0000	320.0000	 -4.9608	 -4.2150	  1.0000	  0.0000
768.0000	320.0000	 -4.9564	 -3.7365	  1.0000	  0.0000
800.0000	320.0000	 -4.9675	 -2.9910	  1.0000	  1.0012
832.0000	320.0000	 -4.9573	 -2.0810	  1.0000	  1.0089
864.0000	320.0000	 -4.9080	 -1.2121	  1.0000	  1.0094
896.0000	320.0000	 -4.8446	 -0.5476	  1.0000	  0.0000
928.0000	320.0000	 -4.8171	 -0.1279	  1.0000	  1.0145
960.0000	320.0000	 -4.8599	  0.0936	  1.0000	  1.0008
992.0000	320.0000	 -4.9417	  0.1676	  1.0000	  1.0007
1024.0000	320.0000	 -5.0094	  0.1828	  1.0000	  1.0035
 32.0000	352.0000	 -6.5289	  0.0180	  1.0000	  1.0172
 64.0000	352.0000	 -6.4505	  0.0190	  1.0000	  1.0058
 96.0000	352.0000	 -6.3009	  0.0199	  0.0000	  1.0536
128.0000	352.0000	 -6.1849	  0.0237	  0.0000	  1.0567
160.0000	352.0000	 -6.1150	  0.0249	  0.0000	  1.0416
192.0000	352.0000	 -6.0868	  0.0144	  0.0000	  1.0769
224.0000	352.0000	 -6.0064	 -0.0296	  0.0000	  1.1361
256.0000	352.0000	 -5.8288	 -0.0805	  0.0000	  1.0447
288.0000	352.0000	 -5.6018	 -0.1008	  0.0000	  1.0612
320.0000	352.0000	 -5.3172	 -0.1913	  0.0000	  1.1038
352.0000	352.0000	 -5.0513	 -0.3942	  1.0000	  1.0029
384.0000	352.0000	 -4.9866	 -0.5056	  1.0000	  1.0050
416.0000	352.0000	 -5.1507	 -0.5088	  1.0000	  1.0096
448.0000	352.0000	 -5.4448	 -0.4146	  1.0000	  1.0005
480.0000	352.0000	 -5.6857	 -0.3372	  0.0000	  1.0442
512.0000	352.0000	 -5.7526	 -0.6246	  0.0000	  1.0376
544.0000	352.0000	 -5.6198	 -1.4385	  1.0000	  1.0112
576.0000	352.0000	 -5.3408	 -2.5915	  1.0000	  1.0054
608.0000	352.0000	 -4.9937	 -3.9413	  1.0000	  1.0057
640.0000	352.0000	 -4.6756	 -5.2519	  1.0000	  1.0027
672.0000	352.0000	 -4.4606	 -6.2326	  1.0000	  1.0054
704.0000	352.0000	 -4.3583	 -6.6885	  1.0000	  1.0015
736.0000	352.0000	 -4.3463	 -6.5405	  1.0000	  1.0045
768.0000	352.0000	 -4.3771	 -5.8469	  1.0000	  1.0024
800.0000	352.0000	 -4.4233	 -4.7411	  1.0000	  0.0000
832.0000	352.0000	 -4.4457	 -3.4086	  1.0000	  1.0008
864.0000	352.0000	 -4.4131	 -2.1151	  1.0000	  1.0130
896.0000	352.0000	 -4.3380	 -1.0687	  1.0000	  1.0093
928.0000	352.0000	 -4.2600	 -0.3504	  0.0000	  1.0394
960.0000	352.0000	 -4.3025	  0.0031	  0.0000	  1.0336
992.0000	352.0000	 -4.4038	  0.1287	  1.0000	  1.0086
1024.0000	352.0000	 -4.4790	  0.1552	  1.0000	  1.0058
 32.0000	384.0000	 -6.5030	  0.0453	  1.0000	  1.0004
 64.0000	384.0000	 -6.4726	  0.0695	  1.0000	  1.0010
 96.0000	384.0000	 -6.4081	  0.0925	  0.0000	  1.0468
128.0000	384.0000	 -6.3330	  0.0948	  0.0000	  1.0433
160.0000	384.0000	 -6.2740	  0.0758	  0.0000	  1.0238
192.0000	384.0000	 -6.1926	  0.0428	  0.0000	  1.0521
224.0000	384.0000	 -5.9980	 -0.0268	  0.0000	  1.0547
256.0000	384.0000	 -5.6803	 -0.1127	  0.0000	  1.0163
288.0000	384.0000	 -5.3306	 -0.1653	  0.0000	  1.0309
320.0000	384.0000	 -4.9008	 -0.2994	  0.0000	  1.0801
352.0000	384.0000	 -4.5192	 -0.5588	  1.0000	  1.0011
384.0000	384.0000	 -4.4571	 -0.7460	  1.0000	  1.0000
416.0000	384.0000	 -4.7354	 -0.8145	  1.0000	  1.0079
448.0000	384.0000	 -5.2098	 -0.8061	  1.0000	  1.0020
480.0000	384.0000	 -5.5850	 -0.8857	  1.0000	  1.0017
512.0000	384.0000	 -5.6920	 -1.3833	  1.0000	  0.0000
544.0000	384.0000	 -5.5345	 -2.4627	  1.0000	  0.0000
576.0000	384.0000	 -5.1575	 -4.0029	  1.0000	  1.0022
608.0000	384.0000	 -4.6571	 -5.7904	  1.0000	  1.0100
640.0000	384.0000	 -4.1869	 -7.4886	  1.0000	  1.0006
672.0000	384.0000	 -3.8710	 -8.7080	  1.0000	  1.0053
704.0000	384.0000	 -3.7290	 -9.2298	  1.0000	  1.0165
736.0000	384.0000	 -3.7183	 -9.0121	  1.0000	  1.0035
768.0000	384.0000	 -3.7839	 -8.1168	  1.0000	  1.0034
800.0000	384.0000	 -3.8835	 -6.6720	  1.0000	  0.0000
832.0000	384.0000	 -3.9706	 -4.9081	  1.0000	  1.0013
864.0000	384.0000	 -3.9989	 -3.1662	  1.0000	  1.0006
896.0000	384.0000	 -3.9721	 -1.7119	  1.0000	  1.0040
928.0000	384.0000	 -3.9189	 -0.6758	  0.0000	  1.0163
960.0000	384.0000	 -3.9729	 -0.1443	  1.0000	  1.0319
992.0000	384.0000	 -4.0421	  0.0503	  1.0000	  1.0129
1024.0000	384.0000	 -4.0954	  0.0973	  1.0000	  0.0000
 32.0000	416.0000	 -6.3874	  0.0412	  1.0000	  0.0000
 64.0000	416.0000	 -6.4422	  0.1062	  1.0000	  1.0109
 96.0000	416.0000	 -6.5204	  0.1669	  0.0000	  1.0195
128.0000	416.0000	 -6.4862	  0.1653	  0.0000	  1.0137
160.0000	416.0000	 -6.4143	  0.1172	  0.0000	  1.0146
192.0000	416.0000	 -6.2239	  0.0728	  0.0000	  1.0288
224.0000	416.0000	 -5.8480	 -0.0015	  0.0000	  1.0287
256.0000	416.0000	 -5.3074	 -0.1073	  1.0000	  1.0009
288.0000	416.0000	 -4.6961	 -0.2361	  1.0000	  1.0022
320.0000	416.0000	 -4.1529	 -0.4405	  1.0000	  1.0036
352.0000	416.0000	 -3.8136	 -0.7241	  1.0000	  1.0058
384.0000	416.0000	 -3.8067	 -0.9690	  1.0000	  1.0026
416.0000	416.0000	 -4.2147	 -1.1215	  1.0000	  1.0013
448.0000	416.0000	 -4.8517	 -1.2498	  1.0000	  1.0007
480.0000	416.0000	 -5.3796	 -1.5331	  1.0000	  1.0065
512.0000	416.0000	 -5.5661	 -2.3087	  1.0000	  1.0034
544.0000	416.0000	 -5.4155	 -3.7085	  1.0000	  1.0039
576.0000	416.0000	 -4.9671	 -5.6086	  1.0000	  1.0013
608.0000	416.0000	 -4.3329	 -7.7420	  1.0000	  1.0017
640.0000	416.0000	 -3.7327	 -9.6935	  1.0000	  1.0003
672.0000	416.0000	 -3.3509	-10.9914	  1.0000	  1.0084
704.0000	416.0000	 -3.2074	-11.4348	  1.0000	  1.0050
736.0000	416.0000	 -3.2257	-11.0895	  1.0000	  1.0022
768.0000	416.0000	 -3.3407	-10.0323	  1.0000	  1.0008
800.0000	416.0000	 -3.5153	 -8.3277	  1.0000	  0.0000
832.0000	416.0000	 -3.6952	 -6.2292	  1.0000	  1.0080
864.0000	416.0000	 -3.8202	 -4.1396	  1.0000	  1.0016
896.0000	416.0000	 -3.8800	 -2.3782	  1.0000	  1.0085
928.0000	416.0000	 -3.8916	 -1.1117	  1.0000	  1.0096
960.0000	416.0000	 -3.9121	 -0.3985	  1.0000	  1.0009
992.0000	416.0000	 -3.9272	 -0.1173	  1.0000	  1.0035
1024.0000	416.0000	 -3.9413	 -0.0386	  1.0000	  1.0066
 32.0000	448.0000	 -6.1434	 -0.0338	  0.0000	  1.0307
 64.0000	448.0000	 -6.2356	  0.0891	  0.0000	  1.0512
 96.0000	448.0000	 -6.3079	  0.1945	  0.0000	  1.0533
128.0000	448.0000	 -6.2891	  0.1997	  1.0000	  1.0121
160.0000	448.0000	 -6.2198	  0.1330	  1.0000	  1.0023
192.0000	448.0000	 -5.9922	  0.0929	  1.0000	  1.0028
224.0000	448.0000	 -5.5674	  0.0233	  1.0000	  1.0005
256.0000	448.0000	 -4.9301	 -0.1055	  1.0000	  0.0000
288.0000	448.0000	 -4.1658	 -0.2850	  1.0000	  1.0003
320.0000	448.0000	 -3.5192	 -0.5311	  1.0000	  1.0001
352.0000	448.0000	 -3.1545	 -0.8336	  1.0000	  1.0017
384.0000	448.0000	 -3.1105	 -1.1332	  1.0000	  0.0000
416.0000	448.0000	 -3.5488	 -1.3854	  1.0000	  1.0050
448.0000	448.0000	 -4.3211	 -1.6674	  1.0000	  1.0001
480.0000	448.0000	 -5.0031	 -2.1963	  1.0000	  1.0008
512.0000	448.0000	 -5.3039	 -3.3202	  1.0000	  1.0082
544.0000	448.0000	 -5.2202	 -5.0838	  1.0000	  1.0071
576.0000	448.0000	 -4.7652	 -7.2982	  1.0000	  1.0026
608.0000	448.0000	 -4.0466	 -9.6427	  1.0000	  1.0009
640.0000	448.0000	 -3.3589	-11.6605	  1.0000	  1.0090
672.0000	448.0000	 -2.9615	-12.8326	  1.0000	  1.0069
704.0000	448.0000	 -2.8714	-13.0078	  1.0000	  1.0023
736.0000	448.0000	 -2.9592	-12.4546	  1.0000	  1.0065
768.0000	448.0000	 -3.1465	-11.2761	  1.0000	  1.0047
800.0000	448.0000	 -3.4190	 -9.4029	  1.0000	  1.0048
832.0000	448.0000	 -3.7064	 -7.1200	  1.0000	  1.0029
864.0000	448.0000	 -3.9338	 -4.8583	  1.0000	  1.0016
896.0000	448.0000	 -4.0747	 -2.9517	  1.0000	  1.0008
928.0000	448.0000	 -4.1270	 -1.5692	  1.0000	  1.0011
960.0000	448.0000	 -4.1169	 -0.7526	  1.0000	  1.0015
992.0000	448.0000	 -4.0817	 -0.4093	  1.0000	  1.0029
1024.0000	448.0000	 -4.0570	 -0.3020	  1.0000	  1.0035
 32.0000	480.0000	 -5.7789	 -0.1531	  0.0000	  1.0433
 64.0000	480.0000	 -5.8639	  0.0019	  0.0000	  1.0504
 96.0000	480.0000	 -5.9257	  0.1499	  0.0000	  1.0531
128.0000	480.0000	 -5.9613	  0.1757	  0.0000	  1.0270
160.0000	480.0000	 -5.9675	  0.0796	  0.0000	  1.0393
192.0000	480.0000	 -5.7621	  0.0954	  0.0000	  1.0377
224.0000	480.0000	 -5.3508	  0.0507	  0.0000	  1.0472
256.0000	480.0000	 -4.7016	 -0.1080	  1.0000	  1.0033
288.0000	480.0000	 -3.8834	 -0.3099	  1.0000	  1.0040
320.0000	480.0000	 -3.1248	 -0.5606	  1.0000	  1.0091
352.0000	480.0000	 -2.6214	 -0.8606	  1.0000	  1.0036
384.0000	480.0000	 -2.4682	 -1.1727	  1.0000	  1.0034
416.0000	480.0000	 -2.8451	 -1.4939	  1.0000	  1.0011
448.0000	480.0000	 -3.6061	 -1.9283	  1.0000	  1.0022
480.0000	480.0000	 -4.3671	 -2.7277	  1.0000	  1.0059
512.0000	480.0000	 -4.7971	 -4.2434	  1.0000	  1.0145
544.0000	480.0000	 -4.8624	 -6.3854	  1.0000	  0.0000
576.0000	480.0000	 -4.5065	 -8.8586	  1.0000	  1.0045
608.0000	480.0000	 -3.7945	-11.2784	  1.0000	  0.0000
640.0000	480.0000	 -3.0905	-13.1986	  1.0000	  1.0020
672.0000	480.0000	 -2.7207	-14.1441	  1.0000	  0.0000
704.0000	480.0000	 -2.6922	-14.0939	  1.0000	  1.0028
736.0000	480.0000	 -2.8887	-13.2607	  1.0000	  1.0000
768.0000	480.0000	 -3.2166	-11.7893	  1.0000	  1.0003
800.0000	480.0000	 -3.6175	 -9.7631	  1.0000	  1.0014
832.0000	480.0000	 -4.0134	 -7.4468	  1.0000	  1.0022
864.0000	480.0000	 -4.3288	 -5.2186	  1.0000	  1.0089
896.0000	480.0000	 -4.5300	 -3.3632	  1.0000	  1.0008
928.0000	480.0000	 -4.6050	 -2.0163	  1.0000	  1.0062
960.0000	480.0000	 -4.5702	 -1.1996	  1.0000	  1.0006
992.0000	480.0000	 -4.4965	 -0.8413	  1.0000	  1.0004
1024.0000	480.0000	 -4.4403	 -0.7201	  1.0000	  0.0000
 32.0000	512.0000	 -5.5143	 -0.2629	  0.0000	  1.0217
 64.0000	512.0000	 -5.5493	 -0.1657	  0.0000	  1.0342
 96.0000	512.0000	 -5.5975	 -0.0465	  0.0000	  1.0512
128.0000	512.0000	 -5.6637	 -0.0170	  0.0000	  1.0564
160.0000	512.0000	 -5.7417	 -0.0537	  0.0000	  1.0426
192.0000	512.0000	 -5.6295	  0.0652	  0.0000	  1.0303
224.0000	512.0000	 -5.2676	  0.0282	  0.0000	  1.0176
256.0000	512.0000	 -4.6758	 -0.1388	  0.0000	  1.0170
288.0000	512.0000	 -3.9133	 -0.3190	  1.0000	  1.0056
320.0000	512.0000	 -3.0625	 -0.5263	  1.0000	  1.0068
352.0000	512.0000	 -2.3754	 -0.7749	  1.0000	  1.0000
384.0000	512.0000	 -1.9977	 -1.0581	  1.0000	  1.0024
416.0000	512.0000	 -2.1870	 -1.4107	  1.0000	  1.0023
448.0000	512.0000	 -2.7308	 -1.9744	  1.0000	  0.0000
480.0000	512.0000	 -3.4607	 -3.0466	  1.0000	  0.0000
512.0000	512.0000	 -4.0212	 -4.9753	  1.0000	  1.0007
544.0000	512.0000	 -4.3128	 -7.4906	  1.0000	  0.0000
576.0000	512.0000	 -4.1712	-10.1596	  1.0000	  0.0000
608.0000	512.0000	 -3.5761	-12.5084	  1.0000	  1.0016
640.0000	512.0000	 -2.9535	-14.1453	  1.0000	  1.0012
672.0000	512.0000	 -2.6747	-14.7134	  1.0000	  1.0006
704.0000	512.0000	 -2.7579	-14.2991	  1.0000	  1.0020
736.0000	512.0000	 -3.0899	-13.1357	  1.0000	  1.0033
768.0000	512.0000	 -3.5590	-11.4259	  1.0000	  1.0022
800.0000	512.0000	 -4.0751	 -9.3511	  1.0000	  1.0025
832.0000	512.0000	 -4.5481	 -7.1733	  1.0000	  1.0040
864.0000	512.0000	 -4.9121	 -5.1794	  1.0000	  0.0000
896.0000	512.0000	 -5.1419	 -3.5606	  1.0000	  1.0063
928.0000	512.0000	 -5.2243	 -2.3968	  1.0000	  1.0057
960.0000	512.0000	 -5.1738	 -1.6837	  1.0000	  1.0102
992.0000	512.0000	 -5.0781	 -1.3633	  1.0000	  1.0010
1024.0000	512.0000	 -5.0037	 -1.2487	  1.0000	  1.0052
 32.0000	544.0000	 -5.3840	 -0.3617	  1.0000	  0.0000
 64.0000	544.0000	 -5.3903	 -0.3462	  0.0000	  1.0094
 96.0000	544.0000	 -5.4223	 -0.2619	  0.0000	  1.0382
128.0000	544.0000	 -5.4889	 -0.2177	  0.0000	  1.0304
160.0000	544.0000	 -5.5853	 -0.1860	  0.0000	  1.0304
192.0000	544.0000	 -5.5385	 -0.0050	  0.0000	  1.0224
224.0000	544.0000	 -5.2385	 -0.0428	  0.0000	  1.0152
256.0000	544.0000	 -4.7354	 -0.1715	  0.0000	  1.0312
288.0000	544.0000	 -4.1149	 -0.3085	  0.0000	  1.0016
320.0000	544.0000	 -3.2804	 -0.4615	  1.0000	  1.0026
352.0000	544.0000	 -2.4669	 -0.6481	  1.0000	  1.0027
384.0000	544.0000	 -1.8113	 -0.8856	  1.0000	  1.0016
416.0000	544.0000	 -1.6254	 -1.2443	  1.0000	  1.0122
448.0000	544.0000	 -1.9794	 -1.9186	  1.0000	  1.0074
480.0000	544.0000	 -2.6521	 -3.2401	  1.0000	  0.0000
512.0000	544.0000	 -3.3052	 -5.5364	  1.0000	  0.0000
544.0000	544.0000	 -3.7952	 -8.3544	  1.0000	  0.0000
576.0000	544.0000	 -3.8762	-11.1230	  1.0000	  0.0000
608.0000	544.0000	 -3.4473	-13.2771	  1.0000	  0.0000
640.0000	544.0000	 -2.9677	-14.4942	  1.0000	  0.0000
672.0000	544.0000	 -2.8083	-14.6153	  1.0000	  1.0040
704.0000	544.0000	 -3.0234	-13.7737	  1.0000	  1.0024
736.0000	544.0000	 -3.4921	-12.2748	  1.0000	  1.0016
768.0000	544.0000	 -4.0796	-10.3969	  1.0000	  1.0030
800.0000	544.0000	 -4.6736	 -8.3796	  1.0000	  1.0030
832.0000	544.0000	 -5.1761	 -6.4744	  1.0000	  1.0020
864.0000	544.0000	 -5.5447	 -4.8498	  1.0000	  0.0000
896.0000	544.0000	 -5.7786	 -3.5802	  1.0000	  0.0000
928.0000	544.0000	 -5.8644	 -2.6905	  1.0000	  0.0000
960.0000	544.0000	 -5.8157	 -2.1514	  1.0000	  1.0056
992.0000	544.0000	 -5.7199	 -1.9098	  1.0000	  1.0057
1024.0000	544.0000	 -5.6439	 -1.8214	  1.0000	  1.0009
 32.0000	576.0000	 -5.3501	 -0.4001	  1.0000	  1.0056
 64.0000	576.0000	 -5.3646	 -0.3925	  1.0000	  1.0021
 96.0000	576.0000	 -5.4093	 -0.3549	  1.0000	  1.0049
128.0000	576.0000	 -5.4787	 -0.3174	  0.0000	  1.0068
160.0000	576.0000	 -5.5086	 -0.2358	  1.0000	  1.0024
192.0000	576.0000	 -5.4469	 -0.1205	  1.0000	  1.0086
224.0000	576.0000	 -5.2227	 -0.1161	  1.0000	  1.0018
256.0000	576.0000	 -4.8150	 -0.1799	  1.0000	  1.0007
288.0000	576.0000	 -4.2427	 -0.2774	  1.0000	  1.0048
320.0000	576.0000	 -3.4729	 -0.3889	  1.0000	  1.0022
352.0000	576.0000	 -2.5896	 -0.5228	  1.0000	  1.0016
384.0000	576.0000	 -1.7051	 -0.7136	  1.0000	  1.0018
416.0000	576.0000	 -1.2062	 -1.0635	  1.0000	  1.0003
448.0000	576.0000	 -1.3515	 -1.8143	  1.0000	  1.0042
480.0000	576.0000	 -1.9514	 -3.3355	  1.0000	  0.0000
512.0000	576.0000	 -2.6913	 -5.9397	  1.0000	  1.0067
544.0000	576.0000	 -3.3325	 -8.9947	  1.0000	  1.0129
576.0000	576.0000	 -3.6217	-11.8057	  1.0000	  1.0016
608.0000	576.0000	 -3.3816	-13.7008	  1.0000	  1.0009
640.0000	576.0000	 -3.0899	-14.4256	  1.0000	  1.0039
672.0000	576.0000	 -3.0071	-14.2331	  1.0000	  1.0080
704.0000	576.0000	 -3.3149	-13.0737	  1.0000	  1.0124
736.0000	576.0000	 -3.8812	-11.3317	  1.0000	  1.0079
768.0000	576.0000	 -4.5458	 -9.3604	  1.0000	  1.0196
800.0000	576.0000	 -5.1794	 -7.4371	  1.0000	  1.0002
832.0000	576.0000	 -5.6812	 -5.7999	  1.0000	  1.0031
864.0000	576.0000	 -6.0328	 -4.5219	  1.0000	  1.0073
896.0000	576.0000	 -6.2780	 -3.5579	  1.0000	  1.0005
928.0000	576.0000	 -6.3862	 -2.9139	  1.0000	  1.0127
960.0000	576.0000	 -6.3677	 -2.5457	  1.0000	  1.0014
992.0000	576.0000	 -6.2976	 -2.3927	  1.0000	  1.0049
1024.0000	576.0000	 -6.2377	 -2.3411	  1.0000	  1.0330
 32.0000	608.0000	 -5.3495	 -0.4156	  1.0000	  1.0245
 64.0000	608.0000	 -5.3699	 -0.4053	  1.0000	  1.0196
 96.0000	608.0000	 -5.4164	 -0.3737	  0.0000	  1.0042
128.0000	608.0000	 -5.4622	 -0.3327	  1.0000	  1.0032
160.0000	608.0000	 -5.4694	 -0.2564	  1.0000	  1.0017
192.0000	608.0000	 -5.4016	 -0.1755	  1.0000	  1.0003
224.0000	608.0000	 -5.2144	 -0.1543	  1.0000	  1.0104
256.0000	608.0000	 -4.8610	 -0.1848	  1.0000	  1.0026
288.0000	608.0000	 -4.3267	 -0.2555	  1.0000	  1.0028
320.0000	608.0000	 -3.5930	 -0.3378	  1.0000	  1.0001
352.0000	608.0000	 -2.6729	 -0.4353	  1.0000	  1.0062
384.0000	608.0000	 -1.6488	 -0.5886	  1.0000	  1.0104
416.0000	608.0000	 -0.9469	 -0.9176	  1.0000	  1.0034
448.0000	608.0000	 -0.9260	 -1.6937	  1.0000	  1.0094
480.0000	608.0000	 -1.4670	 -3.3217	  1.0000	  1.0011
512.0000	608.0000	 -2.3207	 -6.1207	  1.0000	  1.0038
544.0000	608.0000	 -3.0054	 -9.3153	  1.0000	  1.0051
576.0000	608.0000	 -3.4280	-12.1576	  1.0000	  1.0098
608.0000	608.0000	 -3.3233	-13.8932	  1.0000	  1.0042
640.0000	608.0000	 -3.1590	-14.3365	  1.0000	  1.0006
672.0000	608.0000	 -3.1452	-13.9200	  1.0000	  1.0019
704.0000	608.0000	 -3.5146	-12.5633	  1.0000	  1.0023
736.0000	608.0000	 -4.1363	-10.6854	  1.0000	  1.0016
768.0000	608.0000	 -4.8382	 -8.6764	  1.0000	  1.0029
800.0000	608.0000	 -5.4819	 -6.8315	  1.0000	  1.0092
832.0000	608.0000	 -5.9644	 -5.3824	  1.0000	  1.0063
864.0000	608.0000	 -6.2812	 -4.3483	  1.0000	  1.0018
896.0000	608.0000	 -6.5562	 -3.5526	  1.0000	  0.0000
928.0000	608.0000	 -6.6991	 -3.0545	  1.0000	  1.0068
960.0000	608.0000	 -6.7230	 -2.8008	  1.0000	  1.0004
992.0000	608.0000	 -6.6879	 -2.7138	  1.0000	  1.0006
1024.0000	608.0000	 -6.6514	 -2.6941	  1.0000	  1.0130
