 32.0000	 32.0000	 -3.7930	 -0.2504	  1.0000	  1.0011
 64.0000	 32.0000	 -3.9824	 -0.2093	  1.0000	  1.0155
 96.0000	 32.0000	 -4.2694	 -0.1718	  1.0000	  1.0078
128.0000	 32.0000	 -4.5255	 -0.2049	  1.0000	  1.0017
160.0000	 32.0000	 -4.7482	 -0.2776	  1.0000	  1.0101
192.0000	 32.0000	 -4.8930	 -0.3655	  0.0000	  1.0239
224.0000	 32.0000	 -4.9577	 -0.3006	  1.0000	  1.0003
256.0000	 32.0000	 -4.9527	 -0.2606	  1.0000	  1.0090
288.0000	 32.0000	 -4.8373	 -0.1776	  1.0000	  1.0160
320.0000	 32.0000	 -4.6298	 -0.0384	  1.0000	  1.0037
352.0000	 32.0000	 -4.4349	  0.0874	  0.0000	  1.0141
384.0000	 32.0000	 -4.4340	  0.0352	  0.0000	  1.0266
416.0000	 32.0000	 -4.5760	 -0.0470	  1.0000	  1.0039
448.0000	 32.0000	 -4.7565	 -0.0736	  1.0000	  1.0041
480.0000	 32.0000	 -4.9366	 -0.0691	  1.0000	  1.0011
512.0000	 32.0000	 -5.1043	 -0.0524	  1.0000	  1.0009
544.0000	 32.0000	 -5.2488	 -0.0336	  1.0000	  1.0004
576.0000	 32.0000	 -5.3477	 -0.0070	  1.0000	  1.0001
608.0000	 32.0000	 -5.3728	  0.0450	  1.0000	  1.0007
640.0000	 32.0000	 -5.3107	  0.1033	  1.0000	  1.0038
672.0000	 32.0000	 -5.1988	  0.1651	  1.0000	  1.0109
704.0000	 32.0000	 -5.0827	  0.1597	  1.0000	  0.0000
736.0000	 32.0000	 -4.9902	  0.0765	  1.0000	  1.0012
768.0000	 32.0000	 -4.9321	 -0.0527	  1.0000	  1.0024
800.0000	 32.0000	 -4.9090	 -0.1187	  0.0000	  1.0597
832.0000	 32.0000	 -4.9242	 -0.1163	  0.0000	  1.0820
864.0000	 32.0000	 -4.9832	 -0.1005	  0.0000	  1.0836
896.0000	 32.0000	 -5.0923	 -0.1376	  0.0000	  1.0694
928.0000	 32.0000	 -5.1748	 -0.1954	  0.0000	  1.0479
960.0000	 32.0000	 -5.1122	 -0.1869	  0.0000	  1.0442
992.0000	 32.0000	 -4.9857	 -0.0560	  0.0000	  1.0161
1024.0000	 32.0000	 -4.9253	  0.1214	  1.0000	  1.0023
 32.0000	 64.0000	 -4.0659	 -0.0722	  1.0000	  0.0000
 64.0000	 64.0000	 -4.2107	 -0.0571	  1.0000	  1.0099
 96.0000	 64.0000	 -4.4354	 -0.0482	  1.0000	  1.0397
128.0000	 64.0000	 -4.6843	 -0.0724	  0.0000	  1.0435
160.0000	 64.0000	 -4.8294	 -0.1673	  0.0000	  1.0488
192.0000	 64.0000	 -4.9197	 -0.2205	  0.0000	  1.0494
224.0000	 64.0000	 -4.9777	 -0.1932	  0.0000	  1.0408
256.0000	 64.0000	 -4.9662	 -0.2176	  1.0000	  1.0044
288.0000	 64.0000	 -4.8610	 -0.1961	  1.0000	  1.0007
320.0000	 64.0000	 -4.6712	 -0.0894	  1.0000	  0.0000
352.0000	 64.0000	 -4.4931	  0.0178	  0.0000	  1.0188
384.0000	 64.0000	 -4.4906	 -0.0144	  0.0000	  1.0499
416.0000	 64.0000	 -4.6180	 -0.0789	  0.0000	  1.0024
448.0000	 64.0000	 -4.7793	 -0.0707	  1.0000	  1.0050
480.0000	 64.0000	 -4.9445	 -0.0556	  1.0000	  1.0015
512.0000	 64.0000	 -5.1034	 -0.0419	  1.0000	  1.0081
544.0000	 64.0000	 -5.2470	 -0.0315	  1.0000	  1.0041
576.0000	 64.0000	 -5.3548	 -0.0272	  1.0000	  1.0016
608.0000	 64.0000	 -5.3841	 -0.0191	  0.0000	  1.0537
640.0000	 64.0000	 -5.3041	  0.0154	  0.0000	  1.0468
672.0000	 64.0000	 -5.1753	  0.0914	  1.0000	  1.0098
704.0000	 64.0000	 -5.0538	  0.0905	  1.0000	  1.0112
736.0000	 64.0000	 -4.9603	  0.0035	  1.0000	  1.0029
768.0000	 64.0000	 -4.9003	 -0.1329	  1.0000	  1.0001
800.0000	 64.0000	 -4.8703	 -0.1999	  0.0000	  1.0730
832.0000	 64.0000	 -4.8753	 -0.1873	  0.0000	  1.0927
864.0000	 64.0000	 -4.9308	 -0.1424	  0.0000	  1.1260
896.0000	 64.0000	 -5.0446	 -0.1226	  0.0000	  1.0648
928.0000	 64.0000	 -5.1406	 -0.1113	  0.0000	  1.0493
960.0000	 64.0000	 -5.0804	 -0.0494	  0.0000	  1.0502
992.0000	 64.0000	 -4.9540	  0.1221	  0.0000	  1.0243
1024.0000	 64.0000	 -4.9120	  0.2764	  1.0000	  1.0384
 32.0000	 96.0000	 -4.5248	  0.1946	  1.0000	  1.0004
 64.0000	 96.0000	 -4.6003	  0.1640	  1.0000	  1.0125
 96.0000	 96.0000	 -4.7245	  0.1179	  0.0000	  1.1110
128.0000	 96.0000	 -4.8587	  0.0577	  0.0000	  1.1376
160.0000	 96.0000	 -4.9531	 -0.0282	  0.0000	  1.0796
192.0000	 96.0000	 -5.0276	 -0.0765	  0.0000	  1.0631
224.0000	 96.0000	 -5.0494	 -0.0950	  0.0000	  1.0304
256.0000	 96.0000	 -4.9819	 -0.1898	  0.0000	  1.0361
288.0000	 96.0000	 -4.8870	 -0.2562	  0.0000	  1.0250
320.0000	 96.0000	 -4.7348	 -0.1798	  1.0000	  1.0016
352.0000	 96.0000	 -4.6190	 -0.0843	  1.0000	  1.0043
384.0000	 96.0000	 -4.6115	 -0.0477	  1.0000	  1.0001
416.0000	 96.0000	 -4.6940	 -0.0426	  1.0000	  1.0129
448.0000	 96.0000	 -4.8179	 -0.0289	  1.0000	  0.0000
480.0000	 96.0000	 -4.9557	 -0.0247	  1.0000	  1.0019
512.0000	 96.0000	 -5.0965	 -0.0254	  1.0000	  1.0010
544.0000	 96.0000	 -5.2316	 -0.0190	  1.0000	  1.0013
576.0000	 96.0000	 -5.3438	 -0.0254	  0.0000	  1.0642
608.0000	 96.0000	 -5.3567	 -0.0347	  0.0000	  1.0579
640.0000	 96.0000	 -5.2588	 -0.0203	  0.0000	  1.0490
672.0000	 96.0000	 -5.1131	  0.0200	  1.0000	  1.0068
704.0000	 96.0000	 -4.9881	  0.0015	  1.0000	  1.0001
736.0000	 96.0000	 -4.8978	 -0.0979	  1.0000	  1.0045
768.0000	 96.0000	 -4.8404	 -0.2490	  0.0000	  1.0427
800.0000	 96.0000	 -4.7934	 -0.3064	  0.0000	  1.0627
832.0000	 96.0000	 -4.7956	 -0.2502	  0.0000	  1.0835
864.0000	 96.0000	 -4.8747	 -0.1363	  0.0000	  1.0860
896.0000	 96.0000	 -5.0012	 -0.0266	  1.0000	  1.0173
928.0000	 96.0000	 -5.0885	  0.0631	  0.0000	  1.0213
960.0000	 96.0000	 -5.0583	  0.1676	  0.0000	  1.0501
992.0000	 96.0000	 -4.9813	  0.3393	  0.0000	  1.0579
1024.0000	 96.0000	 -4.9425	  0.5160	  0.0000	  1.0436
 32.0000	128.0000	 -4.9969	  0.4242	  0.0000	  1.0103
 64.0000	128.0000	 -4.9937	  0.3334	  0.0000	  1.0216
 96.0000	128.0000	 -4.9957	  0.1995	  0.0000	  1.1109
128.0000	128.0000	 -5.0296	  0.1028	  0.0000	  1.1175
160.0000	128.0000	 -5.0838	  0.0317	  0.0000	  1.1138
192.0000	128.0000	 -5.1276	 -0.0168	  0.0000	  1.0860
224.0000	128.0000	 -5.0862	 -0.0721	  0.0000	  1.0690
256.0000	128.0000	 -4.9564	 -0.1901	  1.0000	  1.0182
288.0000	128.0000	 -4.8548	 -0.2934	  0.0000	  1.0153
320.0000	128.0000	 -4.7536	 -0.2371	  1.0000	  1.0044
352.0000	128.0000	 -4.7015	 -0.1450	  1.0000	  1.0028
384.0000	128.0000	 -4.7117	 -0.0621	  1.0000	  1.0010
416.0000	128.0000	 -4.7700	 -0.0013	  1.0000	  1.0031
448.0000	128.0000	 -4.8584	  0.0295	  1.0000	  1.0034
480.0000	128.0000	 -4.9630	  0.0142	  1.0000	  1.0084
512.0000	128.0000	 -5.0752	 -0.0146	  0.0000	  1.0187
544.0000	128.0000	 -5.1752	 -0.0013	  0.0000	  1.1156
576.0000	128.0000	 -5.2321	 -0.0035	  0.0000	  1.0802
608.0000	128.0000	 -5.2112	 -0.0212	  0.0000	  1.0883
640.0000	128.0000	 -5.1178	 -0.0283	  0.0000	  1.1132
672.0000	128.0000	 -4.9864	 -0.0274	  1.0000	  1.0116
704.0000	128.0000	 -4.8653	 -0.0771	  1.0000	  1.0090
736.0000	128.0000	 -4.7841	 -0.1743	  1.0000	  1.0071
768.0000	128.0000	 -4.7452	 -0.2886	  0.0000	  1.0983
800.0000	128.0000	 -4.7159	 -0.2950	  0.0000	  1.0585
832.0000	128.0000	 -4.7523	 -0.1889	  0.0000	  1.0311
864.0000	128.0000	 -4.8790	 -0.0169	  1.0000	  1.0032
896.0000	128.0000	 -5.0092	  0.1482	  1.0000	  1.0052
928.0000	128.0000	 -5.0923	  0.2781	  1.0000	  1.0114
960.0000	128.0000	 -5.0988	  0.3749	  0.0000	  1.0444
992.0000	128.0000	 -5.0790	  0.4927	  0.0000	  1.0776
1024.0000	128.0000	 -5.0649	  0.6279	  1.0000	  1.0045
 32.0000	160.0000	 -5.4319	  0.4076	  0.0000	  1.0393
 64.0000	160.0000	 -5.3291	  0.3023	  1.0000	  1.0017
 96.0000	160.0000	 -5.2385	  0.1564	  0.0000	  1.0804
128.0000	160.0000	 -5.1932	  0.0614	  0.0000	  1.0621
160.0000	160.0000	 -5.1811	  0.0174	  0.0000	  1.1002
192.0000	160.0000	 -5.1488	 -0.0145	  0.0000	  1.0986
224.0000	160.0000	 -5.0295	 -0.0687	  0.0000	  1.0644
256.0000	160.0000	 -4.8441	 -0.1751	  1.0000	  1.0060
288.0000	160.0000	 -4.7440	 -0.2556	  1.0000	  1.0047
320.0000	160.0000	 -4.7215	 -0.2391	  1.0000	  1.0010
352.0000	160.0000	 -4.7409	 -0.1719	  1.0000	  0.0000
384.0000	160.0000	 -4.7846	 -0.0788	  1.0000	  1.0003
416.0000	160.0000	 -4.8334	  0.0183	  1.0000	  1.0001
448.0000	160.0000	 -4.8903	  0.0821	  1.0000	  1.0069
480.0000	160.0000	 -4.9626	  0.0394	  1.0000	  1.0027
512.0000	160.0000	 -5.0466	 -0.0322	  0.0000	  1.0712
544.0000	160.0000	 -5.1082	 -0.0236	  0.0000	  1.0962
576.0000	160.0000	 -5.1244	  0.0000	  0.0000	  1.0766
608.0000	160.0000	 -5.0792	 -0.0007	  0.0000	  1.0882
640.0000	160.0000	 -4.9695	 -0.0303	  0.0000	  1.1262
672.0000	160.0000	 -4.8077	 -0.0879	  1.0000	  1.0025
704.0000	160.0000	 -4.6621	 -0.1843	  1.0000	  1.0016
736.0000	160.0000	 -4.5923	 -0.2652	  1.0000	  1.0005
768.0000	160.0000	 -4.6074	 -0.2965	  1.0000	  1.0049
800.0000	160.0000	 -4.6761	 -0.2240	  1.0000	  0.0000
832.0000	160.0000	 -4.7905	 -0.0620	  1.0000	  1.0005
864.0000	160.0000	 -4.9418	  0.1615	  1.0000	  1.0027
896.0000	160.0000	 -5.0816	  0.3820	  1.0000	  1.0004
928.0000	160.0000	 -5.1807	  0.5613	  1.0000	  1.0008
960.0000	160.0000	 -5.2238	  0.6749	  1.0000	  1.0069
992.0000	160.0000	 -5.2322	  0.7431	  1.0000	  1.0075
1024.0000	160.0000	 -5.2285	  0.7903	  1.0000	  1.0030
 32.0000	192.0000	 -5.5311	  0.3806	  0.0000	  1.0688
 64.0000	192.0000	 -5.4912	  0.2458	  0.0000	  1.0564
 96.0000	192.0000	 -5.3944	  0.0628	  0.0000	  1.0313
128.0000	192.0000	 -5.3046	 -0.0285	  0.0000	  1.0229
160.0000	192.0000	 -5.2087	 -0.0430	  0.0000	  1.0046
192.0000	192.0000	 -5.1095	 -0.0610	  0.0000	  1.0589
224.0000	192.0000	 -4.9211	 -0.1112	  0.0000	  1.0632
256.0000	192.0000	 -4.6860	 -0.1822	  0.0000	  1.0508
288.0000	192.0000	 -4.6148	 -0.2325	  0.0000	  1.0775
320.0000	192.0000	 -4.6828	 -0.2278	  1.0000	  1.0032
352.0000	192.0000	 -4.7643	 -0.1976	  1.0000	  1.0009
384.0000	192.0000	 -4.8411	 -0.1313	  0.0000	  1.0864
416.0000	192.0000	 -4.8797	 -0.0063	  0.0000	  1.0513
448.0000	192.0000	 -4.9048	  0.1247	  0.0000	  1.0685
480.0000	192.0000	 -4.9484	  0.0640	  1.0000	  1.0108
512.0000	192.0000	 -5.0125	 -0.0169	  0.0000	  1.0887
544.0000	192.0000	 -5.0643	 -0.0207	  0.0000	  1.0817
576.0000	192.0000	 -5.0901	  0.0229	  0.0000	  1.0510
608.0000	192.0000	 -5.0195	  0.0221	  0.0000	  1.0703
640.0000	192.0000	 -4.8286	 -0.0664	  0.0000	  1.0973
672.0000	192.0000	 -4.5420	 -0.2119	  0.0000	  1.0011
704.0000	192.0000	 -4.3213	 -0.3921	  1.0000	  1.0002
736.0000	192.0000	 -4.2698	 -0.4541	  1.0000	  0.0000
768.0000	192.0000	 -4.3793	 -0.3855	  1.0000	  0.0000
800.0000	192.0000	 -4.5866	 -0.2030	  1.0000	  1.0022
832.0000	192.0000	 -4.8112	  0.0413	  1.0000	  1.0031
864.0000	192.0000	 -5.0175	  0.3244	  1.0000	  1.0073
896.0000	192.0000	 -5.1900	  0.6038	  1.0000	  1.0030
928.0000	192.0000	 -5.3201	  0.8423	  1.0000	  1.0024
960.0000	192.0000	 -5.3901	  0.9584	  1.0000	  0.0000
992.0000	192.0000	 -5.4050	  0.9521	  1.0000	  1.0129
1024.0000	192.0000	 -5.3998	  0.9260	  1.0000	  1.0005
 32.0000	224.0000	 -5.3763	  0.3092	  0.0000	  1.0722
 64.0000	224.0000	 -5.3566	  0.1533	  0.0000	  1.0821
 96.0000	224.0000	 -5.2615	 -0.0345	  0.0000	  1.1017
128.0000	224.0000	 -5.1548	 -0.1185	  0.0000	  1.0778
160.0000	224.0000	 -5.0999	 -0.1208	  0.0000	  1.0865
192.0000	224.0000	 -5.0272	 -0.1339	  0.0000	  1.0833
224.0000	224.0000	 -4.8539	 -0.1654	  0.0000	  1.0595
256.0000	224.0000	 -4.6693	 -0.1912	  0.0000	  1.0383
288.0000	224.0000	 -4.6377	 -0.2075	  0.0000	  1.0570
320.0000	224.0000	 -4.7159	 -0.2051	  0.0000	  1.0386
352.0000	224.0000	 -4.8005	 -0.2258	  0.0000	  1.0501
384.0000	224.0000	 -4.8721	 -0.2112	  0.0000	  1.0816
416.0000	224.0000	 -4.8975	 -0.1053	  0.0000	  1.0736
448.0000	224.0000	 -4.8962	  0.0338	  1.0000	  1.0195
480.0000	224.0000	 -4.9092	  0.0607	  1.0000	  1.0102
512.0000	224.0000	 -4.9531	  0.0443	  0.0000	  1.0408
544.0000	224.0000	 -5.0170	  0.0829	  0.0000	  1.0741
576.0000	224.0000	 -5.0840	  0.1494	  0.0000	  1.0330
608.0000	224.0000	 -4.9220	  0.0509	  0.0000	  1.0370
640.0000	224.0000	 -4.5577	 -0.2077	  0.0000	  1.0198
672.0000	224.0000	 -4.0709	 -0.5321	  1.0000	  0.0000
704.0000	224.0000	 -3.7710	 -0.7593	  1.0000	  1.0133
736.0000	224.0000	 -3.7552	 -0.7819	  1.0000	  0.0000
768.0000	224.0000	 -3.9958	 -0.6059	  1.0000	  1.0081
800.0000	224.0000	 -4.3935	 -0.2883	  1.0000	  1.0079
832.0000	224.0000	 -4.7577	  0.0431	  1.0000	  1.0065
864.0000	224.0000	 -5.0345	  0.3728	  1.0000	  0.0000
896.0000	224.0000	 -5.2619	  0.7036	  1.0000	  1.0037
928.0000	224.0000	 -5.4495	  1.0205	  0.0000	  1.0102
960.0000	224.0000	 -5.5498	  1.1350	  0.0000	  1.0138
992.0000	224.0000	 -5.5471	  1.0257	  1.0000	  1.0047
1024.0000	224.0000	 -5.5273	  0.9412	  1.0000	  1.0053
 32.0000	256.0000	 -5.1076	  0.2095	  0.0000	  1.0588
 64.0000	256.0000	 -5.1044	  0.0872	  0.0000	  1.0867
 96.0000	256.0000	 -5.0460	 -0.0413	  0.0000	  1.1098
128.0000	256.0000	 -4.9871	 -0.0874	  0.0000	  1.0915
160.0000	256.0000	 -4.9978	 -0.0817	  0.0000	  1.1133
192.0000	256.0000	 -4.9669	 -0.1273	  0.0000	  1.0768
224.0000	256.0000	 -4.8461	 -0.1805	  0.0000	  1.0472
256.0000	256.0000	 -4.7493	 -0.1877	  0.0000	  1.0358
288.0000	256.0000	 -4.7605	 -0.1747	  0.0000	  1.0651
320.0000	256.0000	 -4.8048	 -0.1836	  0.0000	  1.0441
352.0000	256.0000	 -4.8690	 -0.2410	  0.0000	  1.0533
384.0000	256.0000	 -4.9058	 -0.2468	  0.0000	  1.0725
416.0000	256.0000	 -4.8972	 -0.1387	  0.0000	  1.0674
448.0000	256.0000	 -4.8648	  0.0219	  1.0000	  1.0112
480.0000	256.0000	 -4.8427	  0.1146	  1.0000	  1.0032
512.0000	256.0000	 -4.8509	  0.1619	  1.0000	  1.0003
544.0000	256.0000	 -4.8766	  0.1996	  1.0000	  1.0030
576.0000	256.0000	 -4.8662	  0.2016	  0.0000	  1.0535
608.0000	256.0000	 -4.5673	 -0.0217	  0.0000	  1.0538
640.0000	256.0000	 -3.9758	 -0.4821	  1.0000	  1.0075
672.0000	256.0000	 -3.3658	 -0.9467	  1.0000	  1.0045
704.0000	256.0000	 -3.0146	 -1.2279	  1.0000	  1.0002
736.0000	256.0000	 -3.0339	 -1.2329	  1.0000	  1.0046
768.0000	256.0000	 -3.4028	 -0.9780	  1.0000	  1.0043
800.0000	256.0000	 -4.0317	 -0.5176	  0.0000	  1.0376
832.0000	256.0000	 -4.5568	 -0.1135	  0.0000	  1.0280
864.0000	256.0000	 -4.9052	  0.2268	  1.0000	  0.0000
896.0000	256.0000	 -5.2171	  0.5550	  1.0000	  0.0000
928.0000	256.0000	 -5.5098	  0.8649	  0.0000	  1.0152
960.0000	256.0000	 -5.6624	  0.9562	  0.0000	  1.0055
992.0000	256.0000	 -5.6180	  0.8362	  1.0000	  1.0069
1024.0000	256.0000	 -5.5756	  0.7464	  1.0000	  1.0047
 32.0000	288.0000	 -4.8128	  0.0974	  1.0000	  1.0082
 64.0000	288.0000	 -4.8508	  0.0493	  1.0000	  1.0157
 96.0000	288.0000	 -4.8668	  0.0097	  1.0000	  1.0101
128.0000	288.0000	 -4.8739	  0.0113	  0.0000	  1.0258
160.0000	288.0000	 -4.9272	  0.0406	  0.0000	  1.0555
192.0000	288.0000	 -4.9259	 -0.0506	  0.0000	  1.0730
224.0000	288.0000	 -4.8455	 -0.1377	  0.0000	  1.0630
256.0000	288.0000	 -4.7730	 -0.1462	  0.0000	  1.0370
288.0000	288.0000	 -4.8019	 -0.1205	  0.0000	  1.0490
320.0000	288.0000	 -4.8720	 -0.1464	  0.0000	  1.0531
352.0000	288.0000	 -4.9842	 -0.2101	  0.0000	  1.0415
384.0000	288.0000	 -4.9639	 -0.1849	  0.0000	  1.0667
416.0000	288.0000	 -4.8950	 -0.0241	  0.0000	  1.0104
448.0000	288.0000	 -4.8347	  0.1472	  1.0000	  0.0000
480.0000	288.0000	 -4.7692	  0.2487	  1.0000	  1.0093
512.0000	288.0000	 -4.7148	  0.3136	  1.0000	  1.0051
544.0000	288.0000	 -4.6423	  0.3238	  1.0000	  1.0093
576.0000	288.0000	 -4.4532	  0.2013	  1.0000	  1.0049
608.0000	288.0000	 -4.0058	 -0.1511	  1.0000	  1.0067
640.0000	288.0000	 -3.3319	 -0.7001	  1.0000	  1.0047
672.0000	288.0000	 -2.6508	 -1.2582	  1.0000	  1.0008
704.0000	288.0000	 -2.2520	 -1.6074	  1.0000	  1.0042
736.0000	288.0000	 -2.2651	 -1.6480	  1.0000	  0.0000
768.0000	288.0000	 -2.6443	 -1.4259	  1.0000	  1.0009
800.0000	288.0000	 -3.3283	 -0.9680	  1.0000	  1.0247
832.0000	288.0000	 -4.0400	 -0.4777	  0.0000	  1.0169
864.0000	288.0000	 -4.5303	 -0.1350	  1.0000	  1.0020
896.0000	288.0000	 -4.9429	  0.1502	  1.0000	  1.0083
928.0000	288.0000	 -5.2892	  0.3652	  1.0000	  0.0000
960.0000	288.0000	 -5.5027	  0.4337	  1.0000	  1.0039
992.0000	288.0000	 -5.5190	  0.4035	  1.0000	  1.0119
1024.0000	288.0000	 -5.4931	  0.3636	  1.0000	  1.0059
 32.0000	320.0000	 -4.6465	  0.0391	  1.0000	  0.0000
 64.0000	320.0000	 -4.7057	  0.0367	  1.0000	  0.0000
 96.0000	320.0000	 -4.7773	  0.0550	  1.0000	  1.0047
128.0000	320.0000	 -4.8226	  0.0943	  0.0000	  1.0597
160.0000	320.0000	 -4.8771	  0.1346	  0.0000	  1.0526
192.0000	320.0000	 -4.8784	  0.0433	  0.0000	  1.0879
224.0000	320.0000	 -4.8157	 -0.0462	  0.0000	  1.0970
256.0000	320.0000	 -4.7407	 -0.0649	  0.0000	  1.0397
288.0000	320.0000	 -4.7651	 -0.0460	  0.0000	  1.0872
320.0000	320.0000	 -4.8442	 -0.0219	  0.0000	  1.0628
352.0000	320.0000	 -4.9995	 -0.0102	  0.0000	  1.0423
384.0000	320.0000	 -4.9988	  0.0731	  0.0000	  1.0034
416.0000	320.0000	 -4.9380	  0.3234	  1.0000	  1.0149
448.0000	320.0000	 -4.8666	  0.5057	  1.0000	  0.0000
480.0000	320.0000	 -4.7590	  0.5731	  0.0000	  1.0709
512.0000	320.0000	 -4.6474	  0.6444	  0.0000	  1.0400
544.0000	320.0000	 -4.5096	  0.6666	  0.0000	  1.0142
576.0000	320.0000	 -4.2109	  0.4772	  1.0000	  1.0040
608.0000	320.0000	 -3.6606	  0.0410	  1.0000	  0.0000
640.0000	320.0000	 -2.9172	 -0.5798	  1.0000	  1.0067
672.0000	320.0000	 -2.1680	 -1.2245	  1.0000	  1.0056
704.0000	320.0000	 -1.7012	 -1.6705	  1.0000	  0.0000
736.0000	320.0000	 -1.6618	 -1.8071	  1.0000	  1.0032
768.0000	320.0000	 -1.9378	 -1.7454	  1.0000	  1.0018
800.0000	320.0000	 -2.5550	 -1.4301	  1.0000	  1.0028
832.0000	320.0000	 -3.3209	 -0.9964	  1.0000	  1.0008
864.0000	320.0000	 -3.9871	 -0.6293	  1.0000	  1.0009
896.0000	320.0000	 -4.5351	 -0.3575	  1.0000	  1.0014
928.0000	320.0000	 -4.9747	 -0.1892	  1.0000	  1.0027
960.0000	320.0000	 -5.2885	 -0.1400	  0.0000	  1.0166
992.0000	320.0000	 -5.3431	 -0.0998	  1.0000	  1.0265
1024.0000	320.0000	 -5.3323	 -0.0872	  1.0000	  1.0055
 32.0000	352.0000	 -4.6454	  0.0104	  1.0000	  1.0139
 64.0000	352.0000	 -4.7151	  0.0278	  1.0000	  1.0157
 96.0000	352.0000	 -4.8204	  0.0715	  0.0000	  1.0270
128.0000	352.0000	 -4.8692	  0.1179	  0.0000	  1.0557
160.0000	352.0000	 -4.8729	  0.1468	  0.0000	  1.0716
192.0000	352.0000	 -4.8356	  0.0763	  0.0000	  1.0930
224.0000	352.0000	 -4.7827	  0.0019	  0.0000	  1.1165
256.0000	352.0000	 -4.7492	 -0.0159	  1.0000	  1.0101
288.0000	352.0000	 -4.7764	  0.0235	  0.0000	  1.0591
320.0000	352.0000	 -4.8244	  0.1685	  0.0000	  1.0341
352.0000	352.0000	 -4.9739	  0.4029	  1.0000	  1.0089
384.0000	352.0000	 -5.0379	  0.6763	  1.0000	  0.0000
416.0000	352.0000	 -5.0510	  0.9846	  1.0000	  1.0007
448.0000	352.0000	 -5.0263	  1.1988	  1.0000	  1.0090
480.0000	352.0000	 -4.9373	  1.2693	  0.0000	  1.0512
512.0000	352.0000	 -4.8291	  1.3583	  0.0000	  1.0406
544.0000	352.0000	 -4.6670	  1.3964	  0.0000	  1.0112
576.0000	352.0000	 -4.3186	  1.2051	  1.0000	  0.0000
608.0000	352.0000	 -3.7258	  0.7502	  1.0000	  1.0019
640.0000	352.0000	 -2.9479	  0.0976	  1.0000	  1.0000
672.0000	352.0000	 -2.1420	 -0.6203	  1.0000	  1.0047
704.0000	352.0000	 -1.5686	 -1.2073	  1.0000	  1.0026
736.0000	352.0000	 -1.3668	 -1.5607	  1.0000	  1.0089
768.0000	352.0000	 -1.5259	 -1.6955	  1.0000	  1.0030
800.0000	352.0000	 -2.0318	 -1.5949	  1.0000	  1.0003
832.0000	352.0000	 -2.7585	 -1.3244	  1.0000	  1.0010
864.0000	352.0000	 -3.4791	 -1.0373	  1.0000	  1.0027
896.0000	352.0000	 -4.0969	 -0.8057	  1.0000	  1.0009
928.0000	352.0000	 -4.5851	 -0.6471	  1.0000	  1.0019
960.0000	352.0000	 -4.9241	 -0.5671	  1.0000	  1.0051
992.0000	352.0000	 -5.0767	 -0.5276	  0.0000	  1.0052
1024.0000	352.0000	 -5.1028	 -0.4865	  1.0000	  1.0005
 32.0000	384.0000	 -4.7689	 -0.0022	  1.0000	  0.0000
 64.0000	384.0000	 -4.8113	  0.0177	  1.0000	  1.0080
 96.0000	384.0000	 -4.8763	  0.0746	  0.0000	  1.0244
128.0000	384.0000	 -4.9109	  0.0813	  0.0000	  1.0398
160.0000	384.0000	 -4.8713	  0.0680	  0.0000	  1.0641
192.0000	384.0000	 -4.7742	  0.0160	  0.0000	  1.0471
224.0000	384.0000	 -4.7360	 -0.0151	  0.0000	  1.0534
256.0000	384.0000	 -4.7726	  0.0362	  1.0000	  1.0013
288.0000	384.0000	 -4.8624	  0.1702	  0.0000	  1.0315
320.0000	384.0000	 -4.9341	  0.4670	  0.0000	  1.0448
352.0000	384.0000	 -5.0676	  0.9302	  1.0000	  1.0007
384.0000	384.0000	 -5.1871	  1.4230	  1.0000	  1.0086
416.0000	384.0000	 -5.2851	  1.8829	  1.0000	  0.0000
448.0000	384.0000	 -5.3533	  2.2403	  1.0000	  1.0027
480.0000	384.0000	 -5.3630	  2.4697	  1.0000	  1.0064
512.0000	384.0000	 -5.3137	  2.6187	  1.0000	  1.0044
544.0000	384.0000	 -5.1624	  2.6483	  1.0000	  1.0021
576.0000	384.0000	 -4.8283	  2.4730	  1.0000	  0.0000
608.0000	384.0000	 -4.2692	  2.0575	  1.0000	  1.0046
640.0000	384.0000	 -3.5257	  1.4367	  1.0000	  1.0046
672.0000	384.0000	 -2.7161	  0.6952	  1.0000	  1.0007
704.0000	384.0000	 -2.0567	 -0.0179	  1.0000	  1.0025
736.0000	384.0000	 -1.6838	 -0.6083	  1.0000	  1.0034
768.0000	384.0000	 -1.6498	 -1.0333	  1.0000	  1.0012
800.0000	384.0000	 -1.9514	 -1.2615	  1.0000	  1.0035
832.0000	384.0000	 -2.5155	 -1.2896	  1.0000	  1.0077
864.0000	384.0000	 -3.1555	 -1.2129	  1.0000	  1.0067
896.0000	384.0000	 -3.7520	 -1.0980	  1.0000	  0.0000
928.0000	384.0000	 -4.2444	 -0.9760	  1.0000	  1.0018
960.0000	384.0000	 -4.5983	 -0.8704	  1.0000	  1.0047
992.0000	384.0000	 -4.7916	 -0.8002	  1.0000	  1.0041
1024.0000	384.0000	 -4.8596	 -0.7583	  1.0000	  1.0230
 32.0000	416.0000	 -4.8981	 -0.0150	  1.0000	  1.0255
 64.0000	416.0000	 -4.9025	 -0.0125	  1.0000	  1.0038
 96.0000	416.0000	 -4.9083	 -0.0075	  0.0000	  1.0118
128.0000	416.0000	 -4.9029	 -0.0189	  1.0000	  1.0111
160.0000	416.0000	 -4.8307	 -0.0371	  1.0000	  1.0040
192.0000	416.0000	 -4.6986	 -0.0436	  0.0000	  1.0277
224.0000	416.0000	 -4.7067	 -0.0059	  0.0000	  1.0299
256.0000	416.0000	 -4.8170	  0.1293	  1.0000	  1.0036
288.0000	416.0000	 -4.9546	  0.4082	  1.0000	  1.0014
320.0000	416.0000	 -5.0959	  0.8813	  1.0000	  0.0000
352.0000	416.0000	 -5.2660	  1.5320	  1.0000	  1.0015
384.0000	416.0000	 -5.4468	  2.2399	  1.0000	  1.0009
416.0000	416.0000	 -5.6275	  2.9000	  1.0000	  1.0041
448.0000	416.0000	 -5.7954	  3.4503	  1.0000	  1.0064
480.0000	416.0000	 -5.9171	  3.8657	  1.0000	  1.0054
512.0000	416.0000	 -5.9683	  4.1409	  1.0000	  1.0020
544.0000	416.0000	 -5.9033	  4.2501	  1.0000	  1.0019
576.0000	416.0000	 -5.6702	  4.1711	  1.0000	  1.0016
608.0000	416.0000	 -5.2322	  3.8751	  1.0000	  1.0004
640.0000	416.0000	 -4.6108	  3.3697	  1.0000	  1.0064
672.0000	416.0000	 -3.8850	  2.6892	  1.0000	  0.0000
704.0000	416.0000	 -3.2009	  1.9118	  1.0000	  1.0094
736.0000	416.0000	 -2.6850	  1.1121	  1.0000	  1.0045
768.0000	416.0000	 -2.4170	  0.3526	  1.0000	  1.0126
800.0000	416.0000	 -2.4241	 -0.3027	  1.0000	  1.0057
832.0000	416.0000	 -2.6945	 -0.7677	  1.0000	  1.0051
864.0000	416.0000	 -3.1176	 -1.0450	  1.0000	  1.0056
896.0000	416.0000	 -3.5803	 -1.1672	  1.0000	  1.0127
928.0000	416.0000	 -4.0095	 -1.1627	  1.0000	  0.0000
960.0000	416.0000	 -4.3523	 -1.0742	  1.0000	  0.0000
992.0000	416.0000	 -4.5629	 -0.9845	  1.0000	  1.0010
1024.0000	416.0000	 -4.6534	 -0.9327	  1.0000	  1.0133
 32.0000	448.0000	 -4.9963	 -0.0056	  0.0000	  1.0607
 64.0000	448.0000	 -4.9661	 -0.0009	  0.0000	  1.0616
 96.0000	448.0000	 -4.9260	 -0.0257	  0.0000	  1.0366
128.0000	448.0000	 -4.9227	 -0.0684	  1.0000	  1.0347
160.0000	448.0000	 -4.8803	 -0.0968	  1.0000	  1.0107
192.0000	448.0000	 -4.8081	 -0.0837	  1.0000	  1.0087
224.0000	448.0000	 -4.8126	  0.0109	  1.0000	  1.0006
256.0000	448.0000	 -4.9310	  0.2330	  1.0000	  1.0138
288.0000	448.0000	 -5.1097	  0.6372	  1.0000	  1.0001
320.0000	448.0000	 -5.3112	  1.2702	  1.0000	  1.0010
352.0000	448.0000	 -5.5295	  2.0998	  1.0000	  0.0000
384.0000	448.0000	 -5.7699	  3.0103	  1.0000	  1.0111
416.0000	448.0000	 -6.0240	  3.8798	  1.0000	  1.0126
448.0000	448.0000	 -6.2800	  4.6383	  1.0000	  1.0047
480.0000	448.0000	 -6.5146	  5.2641	  1.0000	  1.0006
512.0000	448.0000	 -6.6929	  5.7219	  1.0000	  1.0015
544.0000	448.0000	 -6.7688	  5.9923	  1.0000	  0.0000
576.0000	448.0000	 -6.6997	  6.0814	  1.0000	  1.0011
608.0000	448.0000	 -6.4471	  5.9685	  1.0000	  1.0003
640.0000	448.0000	 -6.0119	  5.6430	  1.0000	  1.0093
672.0000	448.0000	 -5.4323	  5.0953	  1.0000	  0.0000
704.0000	448.0000	 -4.7946	  4.3401	  1.0000	  1.0158
736.0000	448.0000	 -4.1946	  3.4104	  1.0000	  1.0023
768.0000	448.0000	 -3.7098	  2.3529	  1.0000	  1.0025
800.0000	448.0000	 -3.3937	  1.2511	  1.0000	  1.0051
832.0000	448.0000	 -3.3058	  0.2800	  1.0000	  1.0015
864.0000	448.0000	 -3.4106	 -0.4686	  1.0000	  1.0128
896.0000	448.0000	 -3.6351	 -0.9626	  1.0000	  1.0066
928.0000	448.0000	 -3.9185	 -1.1895	  1.0000	  1.0010
960.0000	448.0000	 -4.2061	 -1.1851	  1.0000	  1.0127
992.0000	448.0000	 -4.4116	 -1.1034	  1.0000	  1.0078
1024.0000	448.0000	 -4.5120	 -1.0432	  1.0000	  0.0000
 32.0000	480.0000	 -5.0056	  0.0387	  0.0000	  1.0793
 64.0000	480.0000	 -4.9735	  0.0272	  0.0000	  1.0821
 96.0000	480.0000	 -4.9553	 -0.0177	  0.0000	  1.0781
128.0000	480.0000	 -4.9764	 -0.0808	  0.0000	  1.0519
160.0000	480.0000	 -4.9646	 -0.0974	  1.0000	  1.0195
192.0000	480.0000	 -4.9031	 -0.0600	  0.0000	  1.0772
224.0000	480.0000	 -4.8744	  0.0582	  0.0000	  1.0710
256.0000	480.0000	 -5.0219	  0.3272	  1.0000	  1.0053
288.0000	480.0000	 -5.2507	  0.8141	  1.0000	  0.0000
320.0000	480.0000	 -5.5026	  1.5789	  1.0000	  1.0006
352.0000	480.0000	 -5.7704	  2.5665	  1.0000	  1.0043
384.0000	480.0000	 -6.0686	  3.6567	  1.0000	  1.0054
416.0000	480.0000	 -6.3918	  4.7186	  1.0000	  1.0026
448.0000	480.0000	 -6.7312	  5.6724	  1.0000	  1.0055
480.0000	480.0000	 -7.0779	  6.5190	  1.0000	  1.0062
512.0000	480.0000	 -7.3907	  7.1828	  1.0000	  1.0011
544.0000	480.0000	 -7.6253	  7.6490	  1.0000	  1.0004
576.0000	480.0000	 -7.7418	  7.9374	  1.0000	  1.0089
608.0000	480.0000	 -7.6971	  8.0313	  1.0000	  0.0000
640.0000	480.0000	 -7.4764	  7.9149	  1.0000	  1.0080
672.0000	480.0000	 -7.0915	  7.5611	  1.0000	  1.0078
704.0000	480.0000	 -6.5750	  6.9279	  1.0000	  1.0007
736.0000	480.0000	 -5.9788	  5.9940	  1.0000	  1.0003
768.0000	480.0000	 -5.3542	  4.7609	  1.0000	  1.0038
800.0000	480.0000	 -4.7567	  3.2923	  1.0000	  1.0123
832.0000	480.0000	 -4.3030	  1.8278	  1.0000	  1.0080
864.0000	480.0000	 -4.0282	  0.5406	  1.0000	  1.0104
896.0000	480.0000	 -3.9190	 -0.4526	  1.0000	  1.0105
928.0000	480.0000	 -3.9647	 -1.0471	  1.0000	  1.0236
960.0000	480.0000	 -4.1389	 -1.2129	  1.0000	  1.0226
992.0000	480.0000	 -4.3092	 -1.1800	  1.0000	  1.0050
1024.0000	480.0000	 -4.4053	 -1.1249	  1.0000	  1.0097
 32.0000	512.0000	 -4.9958	  0.0876	  0.0000	  1.0694
 64.0000	512.0000	 -4.9761	  0.0616	  0.0000	  1.0792
 96.0000	512.0000	 -4.9870	  0.0177	  0.0000	  1.0810
128.0000	512.0000	 -5.0340	 -0.0348	  0.0000	  1.0493
160.0000	512.0000	 -5.0729	 -0.0703	  0.0000	  1.0652
192.0000	512.0000	 -4.9933	 -0.0379	  0.0000	  1.0729
224.0000	512.0000	 -4.9187	  0.0786	  0.0000	  1.0610
256.0000	512.0000	 -5.0899	  0.3640	  0.0000	  1.0485
288.0000	512.0000	 -5.3639	  0.9129	  0.0000	  1.0274
320.0000	512.0000	 -5.6457	  1.7882	  1.0000	  0.0000
352.0000	512.0000	 -5.9525	  2.9002	  1.0000	  1.0119
384.0000	512.0000	 -6.3012	  4.1359	  1.0000	  1.0031
416.0000	512.0000	 -6.6885	  5.3704	  1.0000	  1.0071
448.0000	512.0000	 -7.1090	  6.5202	  1.0000	  1.0042
480.0000	512.0000	 -7.5504	  7.5420	  1.0000	  1.0041
512.0000	512.0000	 -7.9818	  8.3865	  1.0000	  1.0080
544.0000	512.0000	 -8.3588	  9.0342	  1.0000	  1.0063
576.0000	512.0000	 -8.6395	  9.5020	  1.0000	  1.0096
608.0000	512.0000	 -8.7764	  9.7748	  1.0000	  1.0107
640.0000	512.0000	 -8.7482	  9.8440	  1.0000	  1.0074
672.0000	512.0000	 -8.5703	  9.7086	  1.0000	  1.0111
704.0000	512.0000	 -8.2190	  9.2674	  1.0000	  1.0015
736.0000	512.0000	 -7.7023	  8.4482	  1.0000	  1.0031
768.0000	512.0000	 -7.0334	  7.1941	  1.0000	  0.0000
800.0000	512.0000	 -6.2452	  5.5136	  1.0000	  1.0008
832.0000	512.0000	 -5.4843	  3.6612	  1.0000	  1.0046
864.0000	512.0000	 -4.8383	  1.8576	  1.0000	  0.0000
896.0000	512.0000	 -4.3571	  0.3009	  1.0000	  1.0011
928.0000	512.0000	 -4.1059	 -0.7699	  1.0000	  1.0087
960.0000	512.0000	 -4.1291	 -1.1744	  1.0000	  1.0078
992.0000	512.0000	 -4.2441	 -1.2239	  1.0000	  1.0023
1024.0000	512.0000	 -4.3269	 -1.1863	  1.0000	  1.0062
 32.0000	544.0000	 -4.9886	  0.0965	  1.0000	  1.0075
 64.0000	544.0000	 -4.9888	  0.0794	  1.0000	  1.0033
 96.0000	544.0000	 -5.0101	  0.0535	  1.0000	  1.0273
128.0000	544.0000	 -5.0420	  0.0328	  0.0000	  1.0360
160.0000	544.0000	 -5.1004	  0.0003	  0.0000	  1.0466
192.0000	544.0000	 -5.0449	  0.0185	  0.0000	  1.0352
224.0000	544.0000	 -4.9455	  0.1280	  0.0000	  1.0419
256.0000	544.0000	 -5.1044	  0.4222	  0.0000	  1.0425
288.0000	544.0000	 -5.3998	  0.9999	  0.0000	  1.0309
320.0000	544.0000	 -5.7147	  1.9306	  1.0000	  1.0042
352.0000	544.0000	 -6.0576	  3.1081	  1.0000	  1.0047
384.0000	544.0000	 -6.4476	  4.4331	  1.0000	  1.0059
416.0000	544.0000	 -6.8868	  5.7898	  1.0000	  0.0000
448.0000	544.0000	 -7.3717	  7.0858	  1.0000	  1.0052
480.0000	544.0000	 -7.8894	  8.2506	  1.0000	  1.0071
512.0000	544.0000	 -8.4139	  9.2422	  1.0000	  1.0017
544.0000	544.0000	 -8.9007	 10.0370	  1.0000	  0.0000
576.0000	544.0000	 -9.3052	 10.6440	  1.0000	  1.0006
608.0000	544.0000	 -9.5767	 11.0482	  1.0000	  1.0060
640.0000	544.0000	 -9.6893	 11.2483	  1.0000	  1.0087
672.0000	544.0000	 -9.7018	 11.3243	  1.0000	  1.0002
704.0000	544.0000	 -9.5192	 11.0906	  1.0000	  1.0107
736.0000	544.0000	 -9.1160	 10.4396	  1.0000	  1.0032
768.0000	544.0000	 -8.4658	  9.2557	  1.0000	  1.0036
800.0000	544.0000	 -7.5703	  7.4846	  1.0000	  1.0016
832.0000	544.0000	 -6.5921	  5.3788	  1.0000	  1.0100
864.0000	544.0000	 -5.6468	  3.1691	  1.0000	  1.0032
896.0000	544.0000	 -4.8302	  1.1050	  1.0000	  1.0003
928.0000	544.0000	 -4.2821	 -0.4467	  1.0000	  1.0045
960.0000	544.0000	 -4.1453	 -1.1037	  1.0000	  1.0014
992.0000	544.0000	 -4.1960	 -1.2476	  1.0000	  1.0078
1024.0000	544.0000	 -4.2600	 -1.2340	  1.0000	  1.0039
 32.0000	576.0000	 -4.9898	  0.0974	  1.0000	  1.0071
 64.0000	576.0000	 -4.9980	  0.0895	  1.0000	  1.0068
 96.0000	576.0000	 -5.0219	  0.0752	  1.0000	  1.0016
128.0000	576.0000	 -5.0486	  0.0615	  1.0000	  1.0021
160.0000	576.0000	 -5.0717	  0.0491	  1.0000	  1.0058
192.0000	576.0000	 -5.0513	  0.0815	  1.0000	  1.0048
224.0000	576.0000	 -5.0384	  0.2138	  1.0000	  0.0000
256.0000	576.0000	 -5.1692	  0.5342	  1.0000	  1.0116
288.0000	576.0000	 -5.4204	  1.1280	  1.0000	  1.0038
320.0000	576.0000	 -5.7393	  2.0441	  1.0000	  1.0082
352.0000	576.0000	 -6.1041	  3.2230	  1.0000	  1.0017
384.0000	576.0000	 -6.5201	  4.5782	  1.0000	  1.0074
416.0000	576.0000	 -6.9934	  6.0017	  1.0000	  1.0015
448.0000	576.0000	 -7.5212	  7.3883	  1.0000	  1.0132
480.0000	576.0000	 -8.0904	  8.6511	  1.0000	  1.0029
512.0000	576.0000	 -8.6770	  9.7461	  1.0000	  0.0000
544.0000	576.0000	 -9.2380	 10.6486	  1.0000	  1.0009
576.0000	576.0000	 -9.7275	 11.3571	  1.0000	  1.0087
608.0000	576.0000	-10.1017	 11.8708	  1.0000	  1.0053
640.0000	576.0000	-10.3418	 12.2076	  1.0000	  1.0047
672.0000	576.0000	-10.4580	 12.3893	  1.0000	  1.0009
704.0000	576.0000	-10.3913	 12.2965	  1.0000	  1.0155
736.0000	576.0000	-10.0811	 11.7802	  1.0000	  1.0003
768.0000	576.0000	 -9.4506	 10.6492	  1.0000	  1.0033
800.0000	576.0000	 -8.4665	  8.7851	  1.0000	  1.0083
832.0000	576.0000	 -7.3447	  6.5117	  1.0000	  1.0031
864.0000	576.0000	 -6.2114	  4.0557	  1.0000	  1.0079
896.0000	576.0000	 -5.1812	  1.6800	  1.0000	  0.0000
928.0000	576.0000	 -4.4256	 -0.1988	  1.0000	  0.0000
960.0000	576.0000	 -4.1633	 -1.0408	  1.0000	  1.0019
992.0000	576.0000	 -4.1567	 -1.2600	  1.0000	  0.0000
1024.0000	576.0000	 -4.2013	 -1.2679	  1.0000	  0.0000
 32.0000	608.0000	 -4.9933	  0.0961	  1.0000	  1.0067
 64.0000	608.0000	 -5.0022	  0.0936	  1.0000	  1.0359
 96.0000	608.0000	 -5.0244	  0.0859	  1.0000	  1.0205
128.0000	608.0000	 -5.0458	  0.0772	  1.0000	  1.0336
160.0000	608.0000	 -5.0542	  0.0764	  1.0000	  1.0027
192.0000	608.0000	 -5.0516	  0.1207	  1.0000	  1.0013
224.0000	608.0000	 -5.0797	  0.2671	  1.0000	  1.0074
256.0000	608.0000	 -5.2028	  0.5996	  1.0000	  1.0005
288.0000	608.0000	 -5.4302	  1.1962	  1.0000	  1.0096
320.0000	608.0000	 -5.7448	  2.0992	  1.0000	  1.0009
352.0000	608.0000	 -6.1187	  3.2712	  1.0000	  1.0000
384.0000	608.0000	 -6.5488	  4.6364	  1.0000	  1.0014
416.0000	608.0000	 -7.0405	  6.0905	  1.0000	  1.0038
448.0000	608.0000	 -7.5909	  7.5225	  1.0000	  1.0142
480.0000	608.0000	 -8.1869	  8.8370	  1.0000	  1.0073
512.0000	608.0000	 -8.8051	  9.9862	  1.0000	  1.0038
544.0000	608.0000	 -9.4027	 10.9434	  1.0000	  1.0041
576.0000	608.0000	 -9.9347	 11.7041	  1.0000	  1.0011
608.0000	608.0000	-10.3612	 12.2744	  1.0000	  1.0032
640.0000	608.0000	-10.6651	 12.6790	  1.0000	  1.0051
672.0000	608.0000	-10.8392	 12.9203	  1.0000	  1.0054
704.0000	608.0000	-10.8380	 12.9063	  1.0000	  1.0098
736.0000	608.0000	-10.5794	 12.4606	  1.0000	  1.0055
768.0000	608.0000	 -9.9379	 11.3171	  1.0000	  1.0005
800.0000	608.0000	 -8.8281	  9.2682	  1.0000	  1.0000
832.0000	608.0000	 -7.6107	  6.8663	  1.0000	  1.0039
864.0000	608.0000	 -6.4004	  4.3141	  1.0000	  1.0054
896.0000	608.0000	 -5.3148	  1.8764	  1.0000	  1.0008
928.0000	608.0000	 -4.4946	 -0.0928	  1.0000	  1.0065
960.0000	608.0000	 -4.1711	 -1.0096	  1.0000	  0.0000
992.0000	608.0000	 -4.1295	 -1.2659	  1.0000	  1.0094
1024.0000	608.0000	 -4.1602	 -1.2862	  1.0000	  1.0029
