 32.0000	 32.0000	  0.2094	  0.8362	  1.0000	  1.0022
 64.0000	 32.0000	  0.1594	  0.7630	  1.0000	  1.0018
 96.0000	 32.0000	  0.1277	  0.6348	  1.0000	  0.0000
128.0000	 32.0000	  0.2354	  0.4474	  1.0000	  0.0000
160.0000	 32.0000	  0.3602	  0.3060	  1.0000	  1.0004
192.0000	 32.0000	  0.5080	  0.2485	  0.0000	  1.0245
224.0000	 32.0000	  0.5812	  0.2614	  0.0000	  1.0212
256.0000	 32.0000	  0.6284	  0.3028	  1.0000	  1.0015
288.0000	 32.0000	  0.7503	  0.3702	  1.0000	  0.0000
320.0000	 32.0000	  1.0330	  0.3919	  1.0000	  1.0028
352.0000	 32.0000	  1.4712	  0.3260	  1.0000	  1.0024
384.0000	 32.0000	  1.9762	  0.1543	  1.0000	  0.0000
416.0000	 32.0000	  2.3040	 -0.0253	  1.0000	  1.0026
448.0000	 32.0000	  2.3623	 -0.1509	  0.0000	  1.0021
480.0000	 32.0000	  2.3670	 -0.1805	  1.0000	  1.0015
512.0000	 32.0000	  2.0588	 -0.1113	  1.0000	  1.0005
544.0000	 32.0000	  1.5086	  0.0227	  1.0000	  0.0000
576.0000	 32.0000	  0.9484	  0.1546	  1.0000	  1.0003
608.0000	 32.0000	  0.4974	  0.2639	  1.0000	  1.0001
640.0000	 32.0000	  0.2186	  0.3388	  1.0000	  1.0011
672.0000	 32.0000	  0.0923	  0.3575	  1.0000	  1.0011
704.0000	 32.0000	  0.1012	  0.3091	  1.0000	  1.0008
736.0000	 32.0000	  0.1796	  0.2330	  1.0000	  1.0001
768.0000	 32.0000	  0.2911	  0.2115	  1.0000	  0.0000
800.0000	 32.0000	  0.4025	  0.2944	  1.0000	  0.0000
832.0000	 32.0000	  0.4990	  0.4607	  1.0000	  1.0077
864.0000	 32.0000	  0.5663	  0.5929	  0.0000	  1.0150
896.0000	 32.0000	  0.5841	  0.5993	  0.0000	  1.0209
928.0000	 32.0000	  0.5604	  0.4423	  0.0000	  1.0187
960.0000	 32.0000	  0.4469	  0.2094	  0.0000	  1.0090
992.0000	 32.0000	  0.2858	  0.0877	  0.0000	  1.0051
1024.0000	 32.0000	  0.1822	  0.0863	  0.0000	  1.0044
 32.0000	 64.0000	  0.3486	  0.7834	  1.0000	  1.0006
 64.0000	 64.0000	  0.3232	  0.7046	  1.0000	  1.0029
 96.0000	 64.0000	  0.2773	  0.5702	  1.0000	  1.0001
128.0000	 64.0000	  0.2887	  0.3824	  1.0000	  1.0116
160.0000	 64.0000	  0.3211	  0.2268	  1.0000	  1.0092
192.0000	 64.0000	  0.4125	  0.1383	  0.0000	  1.0346
224.0000	 64.0000	  0.4917	  0.1756	  0.0000	  1.0260
256.0000	 64.0000	  0.5679	  0.2605	  0.0000	  1.0256
288.0000	 64.0000	  0.6761	  0.3617	  1.0000	  1.0002
320.0000	 64.0000	  0.9303	  0.4210	  1.0000	  1.0019
352.0000	 64.0000	  1.3447	  0.3894	  1.0000	  1.0011
384.0000	 64.0000	  1.8678	  0.2063	  1.0000	  1.0014
416.0000	 64.0000	  2.2391	  0.0171	  1.0000	  1.0000
448.0000	 64.0000	  2.3648	 -0.1077	  1.0000	  1.0005
480.0000	 64.0000	  2.2985	 -0.1274	  1.0000	  1.0016
512.0000	 64.0000	  1.9531	 -0.0519	  1.0000	  1.0003
544.0000	 64.0000	  1.4023	  0.0779	  1.0000	  1.0001
576.0000	 64.0000	  0.8617	  0.1859	  1.0000	  1.0003
608.0000	 64.0000	  0.4333	  0.2690	  1.0000	  1.0009
640.0000	 64.0000	  0.1810	  0.3405	  0.0000	  1.0215
672.0000	 64.0000	  0.0603	  0.3718	  0.0000	  1.0209
704.0000	 64.0000	  0.0843	  0.3289	  1.0000	  1.0250
736.0000	 64.0000	  0.1745	  0.2580	  1.0000	  1.0002
768.0000	 64.0000	  0.2915	  0.2441	  1.0000	  1.0001
800.0000	 64.0000	  0.4041	  0.3271	  1.0000	  0.0000
832.0000	 64.0000	  0.4980	  0.4747	  0.0000	  1.0271
864.0000	 64.0000	  0.5425	  0.5698	  0.0000	  1.0154
896.0000	 64.0000	  0.5538	  0.5441	  0.0000	  1.0190
928.0000	 64.0000	  0.5337	  0.3946	  0.0000	  1.0197
960.0000	 64.0000	  0.3950	  0.2022	  0.0000	  1.0170
992.0000	 64.0000	  0.2185	  0.1148	  0.0000	  1.0069
1024.0000	 64.0000	  0.1382	  0.1249	  0.0000	  1.0203
 32.0000	 96.0000	  0.5353	  0.7070	  1.0000	  1.0094
 64.0000	 96.0000	  0.5666	  0.6172	  0.0000	  1.0203
 96.0000	 96.0000	  0.5117	  0.4730	  0.0000	  1.0326
128.0000	 96.0000	  0.3681	  0.2937	  0.0000	  1.0354
160.0000	 96.0000	  0.2778	  0.1421	  0.0000	  1.0302
192.0000	 96.0000	  0.3484	  0.0475	  0.0000	  1.0289
224.0000	 96.0000	  0.4337	  0.0944	  0.0000	  1.0268
256.0000	 96.0000	  0.4958	  0.2054	  0.0000	  1.0329
288.0000	 96.0000	  0.5658	  0.3417	  0.0000	  1.0368
320.0000	 96.0000	  0.7637	  0.4555	  0.0000	  1.0437
352.0000	 96.0000	  1.1206	  0.4893	  0.0000	  1.0103
384.0000	 96.0000	  1.6680	  0.2722	  1.0000	  1.0002
416.0000	 96.0000	  2.0600	  0.0724	  1.0000	  1.0003
448.0000	 96.0000	  2.2012	 -0.0437	  1.0000	  1.0006
480.0000	 96.0000	  2.1177	 -0.0547	  1.0000	  1.0009
512.0000	 96.0000	  1.7585	  0.0321	  1.0000	  1.0000
544.0000	 96.0000	  1.2141	  0.1646	  1.0000	  1.0002
576.0000	 96.0000	  0.7193	  0.2229	  1.0000	  1.0001
608.0000	 96.0000	  0.3347	  0.2473	  0.0000	  1.0094
640.0000	 96.0000	  0.1279	  0.3041	  0.0000	  1.0285
672.0000	 96.0000	  0.0334	  0.3463	  0.0000	  1.0239
704.0000	 96.0000	  0.0729	  0.3372	  0.0000	  1.0141
736.0000	 96.0000	  0.1782	  0.2852	  1.0000	  1.0015
768.0000	 96.0000	  0.2985	  0.2920	  1.0000	  1.0003
800.0000	 96.0000	  0.4055	  0.3809	  1.0000	  1.0044
832.0000	 96.0000	  0.4858	  0.5017	  0.0000	  1.0136
864.0000	 96.0000	  0.5105	  0.5495	  0.0000	  1.0194
896.0000	 96.0000	  0.5043	  0.5007	  0.0000	  1.0179
928.0000	 96.0000	  0.4717	  0.3694	  0.0000	  1.0093
960.0000	 96.0000	  0.3059	  0.2117	  0.0000	  1.0108
992.0000	 96.0000	  0.1058	  0.1279	  0.0000	  1.0239
1024.0000	 96.0000	  0.0379	  0.1311	  0.0000	  1.0240
 32.0000	128.0000	  0.6453	  0.6474	  0.0000	  1.0172
 64.0000	128.0000	  0.6851	  0.5306	  0.0000	  1.0355
 96.0000	128.0000	  0.6141	  0.3720	  0.0000	  1.0293
128.0000	128.0000	  0.4346	  0.2042	  0.0000	  1.0294
160.0000	128.0000	  0.3184	  0.1050	  0.0000	  1.0254
192.0000	128.0000	  0.3778	  0.0778	  0.0000	  1.0317
224.0000	128.0000	  0.4561	  0.1116	  0.0000	  1.0199
256.0000	128.0000	  0.4839	  0.1903	  0.0000	  1.0244
288.0000	128.0000	  0.5091	  0.3051	  0.0000	  1.0341
320.0000	128.0000	  0.6502	  0.4180	  0.0000	  1.0280
352.0000	128.0000	  0.9437	  0.4388	  0.0000	  1.0083
384.0000	128.0000	  1.4294	  0.2663	  1.0000	  1.0001
416.0000	128.0000	  1.7929	  0.0995	  1.0000	  1.0020
448.0000	128.0000	  1.9449	  0.0026	  1.0000	  0.0000
480.0000	128.0000	  1.8493	  0.0098	  1.0000	  1.0003
512.0000	128.0000	  1.5019	  0.1114	  1.0000	  0.0000
544.0000	128.0000	  0.9750	  0.2648	  0.0000	  1.0008
576.0000	128.0000	  0.5734	  0.2594	  0.0000	  1.0295
608.0000	128.0000	  0.2901	  0.2268	  0.0000	  1.0377
640.0000	128.0000	  0.1216	  0.2356	  0.0000	  1.0178
672.0000	128.0000	  0.0517	  0.2646	  0.0000	  1.0172
704.0000	128.0000	  0.1018	  0.2786	  0.0000	  1.0242
736.0000	128.0000	  0.2125	  0.2911	  1.0000	  1.0011
768.0000	128.0000	  0.3259	  0.3430	  1.0000	  1.0004
800.0000	128.0000	  0.4172	  0.4391	  1.0000	  1.0042
832.0000	128.0000	  0.4778	  0.5440	  0.0000	  1.0116
864.0000	128.0000	  0.4870	  0.5943	  0.0000	  1.0127
896.0000	128.0000	  0.4522	  0.5625	  1.0000	  1.0007
928.0000	128.0000	  0.3726	  0.4523	  1.0000	  1.0001
960.0000	128.0000	  0.2121	  0.3024	  1.0000	  1.0004
992.0000	128.0000	  0.0174	  0.1693	  0.0000	  1.0101
1024.0000	128.0000	 -0.0590	  0.1324	  0.0000	  1.0082
 32.0000	160.0000	  0.7467	  0.5266	  0.0000	  1.0347
 64.0000	160.0000	  0.7032	  0.4336	  0.0000	  1.0514
 96.0000	160.0000	  0.6243	  0.3093	  0.0000	  1.0190
128.0000	160.0000	  0.5013	  0.2027	  0.0000	  1.0154
160.0000	160.0000	  0.4342	  0.1812	  0.0000	  1.0181
192.0000	160.0000	  0.4775	  0.1874	  0.0000	  1.0380
224.0000	160.0000	  0.5265	  0.1825	  0.0000	  1.0286
256.0000	160.0000	  0.5214	  0.1998	  0.0000	  1.0451
288.0000	160.0000	  0.5132	  0.2628	  0.0000	  1.0328
320.0000	160.0000	  0.5830	  0.3429	  1.0000	  1.0012
352.0000	160.0000	  0.7805	  0.3414	  1.0000	  1.0016
384.0000	160.0000	  1.1306	  0.2294	  1.0000	  1.0011
416.0000	160.0000	  1.4158	  0.1140	  1.0000	  1.0010
448.0000	160.0000	  1.5563	  0.0426	  1.0000	  1.0013
480.0000	160.0000	  1.4966	  0.0490	  1.0000	  0.0000
512.0000	160.0000	  1.2470	  0.1152	  1.0000	  1.0002
544.0000	160.0000	  0.8632	  0.1979	  1.0000	  1.0045
576.0000	160.0000	  0.5309	  0.1989	  0.0000	  1.0123
608.0000	160.0000	  0.3011	  0.1548	  0.0000	  1.0185
640.0000	160.0000	  0.1704	  0.1300	  0.0000	  1.0152
672.0000	160.0000	  0.1303	  0.1652	  0.0000	  1.0215
704.0000	160.0000	  0.1883	  0.2370	  0.0000	  1.0227
736.0000	160.0000	  0.2895	  0.3204	  1.0000	  0.0000
768.0000	160.0000	  0.3807	  0.4240	  1.0000	  1.0003
800.0000	160.0000	  0.4450	  0.5432	  1.0000	  1.0003
832.0000	160.0000	  0.4777	  0.6563	  1.0000	  0.0000
864.0000	160.0000	  0.4699	  0.7224	  1.0000	  0.0000
896.0000	160.0000	  0.4197	  0.7134	  1.0000	  1.0001
928.0000	160.0000	  0.3286	  0.6160	  1.0000	  1.0001
960.0000	160.0000	  0.1995	  0.4648	  1.0000	  1.0020
992.0000	160.0000	  0.0670	  0.3165	  1.0000	  1.0012
1024.0000	160.0000	 -0.0013	  0.2322	  1.0000	  1.0006
 32.0000	192.0000	  0.8975	  0.3830	  0.0000	  1.0204
 64.0000	192.0000	  0.7752	  0.3274	  0.0000	  1.0347
 96.0000	192.0000	  0.6715	  0.2903	  0.0000	  1.0257
128.0000	192.0000	  0.6490	  0.2826	  0.0000	  1.0492
160.0000	192.0000	  0.6607	  0.3007	  0.0000	  1.0234
192.0000	192.0000	  0.6501	  0.3150	  0.0000	  1.0334
224.0000	192.0000	  0.6089	  0.2978	  0.0000	  1.0400
256.0000	192.0000	  0.5481	  0.2636	  0.0000	  1.0307
288.0000	192.0000	  0.4942	  0.2777	  0.0000	  1.0184
320.0000	192.0000	  0.4827	  0.3129	  0.0000	  1.0304
352.0000	192.0000	  0.5452	  0.2921	  0.0000	  1.0259
384.0000	192.0000	  0.7758	  0.2043	  1.0000	  1.0003
416.0000	192.0000	  0.9809	  0.1305	  1.0000	  0.0000
448.0000	192.0000	  1.1063	  0.0827	  1.0000	  1.0214
480.0000	192.0000	  1.1053	  0.0807	  1.0000	  1.0218
512.0000	192.0000	  0.9817	  0.1127	  1.0000	  1.0014
544.0000	192.0000	  0.7581	  0.1473	  0.0000	  1.0179
576.0000	192.0000	  0.5365	  0.1527	  0.0000	  1.0279
608.0000	192.0000	  0.3373	  0.1113	  0.0000	  1.0247
640.0000	192.0000	  0.2427	  0.0853	  0.0000	  1.0200
672.0000	192.0000	  0.2502	  0.1452	  0.0000	  1.0287
704.0000	192.0000	  0.3220	  0.2757	  0.0000	  1.0269
736.0000	192.0000	  0.3881	  0.4276	  1.0000	  1.0002
768.0000	192.0000	  0.4433	  0.5729	  1.0000	  1.0012
800.0000	192.0000	  0.4819	  0.7139	  1.0000	  1.0014
832.0000	192.0000	  0.4971	  0.8458	  1.0000	  1.0020
864.0000	192.0000	  0.4796	  0.9349	  1.0000	  1.0000
896.0000	192.0000	  0.4230	  0.9419	  1.0000	  1.0004
928.0000	192.0000	  0.3351	  0.8366	  1.0000	  1.0004
960.0000	192.0000	  0.2268	  0.6571	  1.0000	  0.0000
992.0000	192.0000	  0.1264	  0.4639	  1.0000	  0.0000
1024.0000	192.0000	  0.0690	  0.3204	  1.0000	  1.0000
 32.0000	224.0000	  1.1136	 -0.0106	  0.0000	  1.0045
 64.0000	224.0000	  0.9519	  0.0172	  0.0000	  1.0398
 96.0000	224.0000	  0.8564	  0.1258	  0.0000	  1.0278
128.0000	224.0000	  0.8763	  0.2529	  0.0000	  1.0331
160.0000	224.0000	  0.9055	  0.3442	  0.0000	  1.0386
192.0000	224.0000	  0.8511	  0.3694	  0.0000	  1.0307
224.0000	224.0000	  0.7209	  0.3629	  0.0000	  1.0356
256.0000	224.0000	  0.5699	  0.3111	  0.0000	  1.0165
288.0000	224.0000	  0.4606	  0.2799	  0.0000	  1.0191
320.0000	224.0000	  0.4194	  0.2944	  0.0000	  1.0289
352.0000	224.0000	  0.4136	  0.2785	  0.0000	  1.0260
384.0000	224.0000	  0.5161	  0.1863	  0.0000	  1.0278
416.0000	224.0000	  0.6437	  0.1480	  0.0000	  1.0302
448.0000	224.0000	  0.7526	  0.1146	  0.0000	  1.0354
480.0000	224.0000	  0.8055	  0.1010	  0.0000	  1.0328
512.0000	224.0000	  0.7888	  0.1266	  1.0000	  1.0001
544.0000	224.0000	  0.6917	  0.1661	  0.0000	  1.0196
576.0000	224.0000	  0.5661	  0.1918	  0.0000	  1.0174
608.0000	224.0000	  0.3702	  0.1667	  0.0000	  1.0251
640.0000	224.0000	  0.2890	  0.1830	  0.0000	  1.0293
672.0000	224.0000	  0.3419	  0.2984	  0.0000	  1.0454
704.0000	224.0000	  0.4153	  0.4862	  0.0000	  1.0281
736.0000	224.0000	  0.4268	  0.6712	  1.0000	  1.0006
768.0000	224.0000	  0.4478	  0.8093	  1.0000	  1.0003
800.0000	224.0000	  0.4812	  0.9344	  1.0000	  0.0000
832.0000	224.0000	  0.5122	  1.0663	  1.0000	  0.0000
864.0000	224.0000	  0.5167	  1.1800	  1.0000	  1.0001
896.0000	224.0000	  0.4711	  1.2077	  1.0000	  1.0000
928.0000	224.0000	  0.3956	  1.0750	  1.0000	  1.0003
960.0000	224.0000	  0.2900	  0.8508	  1.0000	  1.0240
992.0000	224.0000	  0.1843	  0.5956	  0.0000	  1.0249
1024.0000	224.0000	  0.1208	  0.3710	  0.0000	  1.0034
 32.0000	256.0000	  1.2250	 -0.5915	  1.0000	  1.0020
 64.0000	256.0000	  1.1578	 -0.4756	  1.0000	  0.0000
 96.0000	256.0000	  1.1120	 -0.1841	  0.0000	  1.0264
128.0000	256.0000	  1.1506	  0.1091	  0.0000	  1.0327
160.0000	256.0000	  1.1394	  0.3025	  0.0000	  1.0259
192.0000	256.0000	  1.0210	  0.3696	  0.0000	  1.0296
224.0000	256.0000	  0.8105	  0.3684	  0.0000	  1.0261
256.0000	256.0000	  0.5924	  0.2935	  0.0000	  1.0178
288.0000	256.0000	  0.4465	  0.2372	  0.0000	  1.0120
320.0000	256.0000	  0.4086	  0.2430	  0.0000	  1.0234
352.0000	256.0000	  0.4045	  0.2410	  0.0000	  1.0359
384.0000	256.0000	  0.4782	  0.1917	  0.0000	  1.0295
416.0000	256.0000	  0.5741	  0.1745	  0.0000	  1.0322
448.0000	256.0000	  0.6538	  0.1322	  0.0000	  1.0345
480.0000	256.0000	  0.6963	  0.1187	  0.0000	  1.0348
512.0000	256.0000	  0.6815	  0.1834	  1.0000	  1.0004
544.0000	256.0000	  0.6098	  0.2971	  1.0000	  1.0000
576.0000	256.0000	  0.5067	  0.4175	  1.0000	  1.0006
608.0000	256.0000	  0.3600	  0.4741	  0.0000	  1.0191
640.0000	256.0000	  0.2803	  0.5834	  0.0000	  1.0312
672.0000	256.0000	  0.2878	  0.7664	  0.0000	  1.0307
704.0000	256.0000	  0.2805	  0.9869	  1.0000	  1.0002
736.0000	256.0000	  0.2572	  1.0936	  1.0000	  1.0020
768.0000	256.0000	  0.2774	  1.1381	  1.0000	  1.0003
800.0000	256.0000	  0.3577	  1.1841	  1.0000	  1.0007
832.0000	256.0000	  0.4760	  1.2691	  1.0000	  1.0224
864.0000	256.0000	  0.5716	  1.3989	  0.0000	  1.0214
896.0000	256.0000	  0.5768	  1.4535	  0.0000	  1.0175
928.0000	256.0000	  0.5335	  1.2741	  1.0000	  1.0011
960.0000	256.0000	  0.4129	  1.0174	  1.0000	  1.0278
992.0000	256.0000	  0.2590	  0.7321	  0.0000	  1.0247
1024.0000	256.0000	  0.1566	  0.4899	  0.0000	  1.0041
 32.0000	288.0000	  1.3156	 -1.1132	  1.0000	  0.0000
 64.0000	288.0000	  1.3021	 -0.8984	  1.0000	  0.0000
 96.0000	288.0000	  1.3098	 -0.5128	  1.0000	  1.0040
128.0000	288.0000	  1.3589	 -0.0657	  0.0000	  1.0115
160.0000	288.0000	  1.2591	  0.2262	  0.0000	  1.0138
192.0000	288.0000	  1.0727	  0.3593	  0.0000	  1.0261
224.0000	288.0000	  0.8329	  0.3647	  0.0000	  1.0164
256.0000	288.0000	  0.6169	  0.2649	  0.0000	  1.0133
288.0000	288.0000	  0.4714	  0.1944	  0.0000	  1.0101
320.0000	288.0000	  0.4339	  0.1973	  0.0000	  1.0078
352.0000	288.0000	  0.4683	  0.2257	  0.0000	  1.0189
384.0000	288.0000	  0.6016	  0.2402	  0.0000	  1.0251
416.0000	288.0000	  0.7019	  0.2355	  0.0000	  1.0238
448.0000	288.0000	  0.7383	  0.1830	  0.0000	  1.0137
480.0000	288.0000	  0.7142	  0.1856	  0.0000	  1.0222
512.0000	288.0000	  0.6417	  0.3064	  1.0000	  1.0008
544.0000	288.0000	  0.5343	  0.5414	  1.0000	  1.0012
576.0000	288.0000	  0.4237	  0.8564	  1.0000	  1.0002
608.0000	288.0000	  0.2872	  1.1447	  1.0000	  1.0004
640.0000	288.0000	  0.1451	  1.4021	  1.0000	  1.0007
672.0000	288.0000	  0.0178	  1.6175	  1.0000	  1.0007
704.0000	288.0000	 -0.1056	  1.7158	  1.0000	  1.0007
736.0000	288.0000	 -0.1905	  1.6418	  1.0000	  1.0005
768.0000	288.0000	 -0.1511	  1.5253	  1.0000	  1.0006
800.0000	288.0000	  0.0368	  1.4372	  1.0000	  1.0008
832.0000	288.0000	  0.3343	  1.4087	  0.0000	  1.0153
864.0000	288.0000	  0.6177	  1.4939	  0.0000	  1.0207
896.0000	288.0000	  0.7854	  1.4941	  1.0000	  1.0210
928.0000	288.0000	  0.8091	  1.3589	  1.0000	  1.0008
960.0000	288.0000	  0.6697	  1.1439	  1.0000	  1.0003
992.0000	288.0000	  0.4317	  0.9116	  1.0000	  1.0007
1024.0000	288.0000	  0.2556	  0.7366	  1.0000	  0.0000
 32.0000	320.0000	  1.2914	 -1.2662	  1.0000	  1.0001
 64.0000	320.0000	  1.2935	 -1.0359	  1.0000	  1.0032
 96.0000	320.0000	  1.2913	 -0.6566	  1.0000	  1.0003
128.0000	320.0000	  1.2610	 -0.2098	  1.0000	  1.0000
160.0000	320.0000	  1.1228	  0.1206	  0.0000	  1.0282
192.0000	320.0000	  0.9583	  0.2825	  0.0000	  1.0268
224.0000	320.0000	  0.7954	  0.3100	  0.0000	  1.0212
256.0000	320.0000	  0.6503	  0.2372	  0.0000	  1.0168
288.0000	320.0000	  0.5490	  0.1741	  0.0000	  1.0276
320.0000	320.0000	  0.5187	  0.1748	  0.0000	  1.0344
352.0000	320.0000	  0.5763	  0.2155	  0.0000	  1.0349
384.0000	320.0000	  0.7319	  0.2646	  0.0000	  1.0476
416.0000	320.0000	  0.8210	  0.2789	  0.0000	  1.0276
448.0000	320.0000	  0.8132	  0.2514	  1.0000	  1.0005
480.0000	320.0000	  0.7431	  0.2998	  1.0000	  1.0003
512.0000	320.0000	  0.6129	  0.4812	  1.0000	  1.0014
544.0000	320.0000	  0.4213	  0.8333	  0.0000	  1.0084
576.0000	320.0000	  0.2362	  1.3155	  1.0000	  1.0259
608.0000	320.0000	  0.0218	  1.8031	  1.0000	  1.0000
640.0000	320.0000	 -0.2613	  2.1776	  1.0000	  1.0005
672.0000	320.0000	 -0.5565	  2.4126	  1.0000	  1.0014
704.0000	320.0000	 -0.8216	  2.4087	  1.0000	  1.0006
736.0000	320.0000	 -0.9775	  2.1765	  1.0000	  0.0000
768.0000	320.0000	 -0.8944	  1.9088	  1.0000	  1.0004
800.0000	320.0000	 -0.5411	  1.6992	  1.0000	  1.0003
832.0000	320.0000	  0.0124	  1.5809	  1.0000	  1.0015
864.0000	320.0000	  0.6028	  1.5511	  1.0000	  1.0009
896.0000	320.0000	  1.0695	  1.5086	  1.0000	  1.0007
928.0000	320.0000	  1.2630	  1.3983	  1.0000	  0.0000
960.0000	320.0000	  1.1537	  1.2311	  1.0000	  1.0005
992.0000	320.0000	  0.8168	  1.0534	  0.0000	  1.0279
1024.0000	320.0000	  0.5478	  0.9194	  0.0000	  1.0262
 32.0000	352.0000	  1.1388	 -1.0434	  1.0000	  1.0280
 64.0000	352.0000	  1.1503	 -0.8632	  1.0000	  1.0001
 96.0000	352.0000	  1.1524	 -0.5674	  1.0000	  1.0021
128.0000	352.0000	  1.1097	 -0.2189	  1.0000	  1.0003
160.0000	352.0000	  0.9810	  0.0692	  0.0000	  1.0263
192.0000	352.0000	  0.8633	  0.2200	  0.0000	  1.0286
224.0000	352.0000	  0.7856	  0.2561	  0.0000	  1.0170
256.0000	352.0000	  0.7143	  0.2076	  0.0000	  1.0265
288.0000	352.0000	  0.6596	  0.1654	  0.0000	  1.0360
320.0000	352.0000	  0.6551	  0.1651	  0.0000	  1.0367
352.0000	352.0000	  0.7323	  0.2017	  0.0000	  1.0340
384.0000	352.0000	  0.8580	  0.2461	  0.0000	  1.0447
416.0000	352.0000	  0.9016	  0.2663	  0.0000	  1.0070
448.0000	352.0000	  0.8737	  0.2953	  1.0000	  1.0007
480.0000	352.0000	  0.7784	  0.4089	  1.0000	  1.0000
512.0000	352.0000	  0.5965	  0.6682	  1.0000	  1.0010
544.0000	352.0000	  0.3174	  1.1294	  1.0000	  1.0269
576.0000	352.0000	 -0.0338	  1.7365	  1.0000	  1.0251
608.0000	352.0000	 -0.4460	  2.3326	  1.0000	  1.0003
640.0000	352.0000	 -0.9576	  2.7485	  1.0000	  1.0003
672.0000	352.0000	 -1.4502	  2.9887	  1.0000	  1.0002
704.0000	352.0000	 -1.8672	  2.9147	  1.0000	  1.0001
736.0000	352.0000	 -2.0892	  2.5760	  1.0000	  1.0005
768.0000	352.0000	 -1.9342	  2.2027	  1.0000	  1.0001
800.0000	352.0000	 -1.3549	  1.9023	  1.0000	  1.0003
832.0000	352.0000	 -0.4507	  1.7036	  1.0000	  1.0010
864.0000	352.0000	  0.5493	  1.5911	  1.0000	  1.0003
896.0000	352.0000	  1.4103	  1.5126	  1.0000	  1.0002
928.0000	352.0000	  1.8825	  1.4120	  1.0000	  1.0008
960.0000	352.0000	  1.9318	  1.2776	  1.0000	  1.0004
992.0000	352.0000	  1.6864	  1.1267	  1.0000	  1.0145
1024.0000	352.0000	  1.3687	  0.9896	  0.0000	  1.0132
 32.0000	384.0000	  0.9235	 -0.7638	  1.0000	  1.0290
 64.0000	384.0000	  0.9372	 -0.6389	  1.0000	  1.0005
 96.0000	384.0000	  0.9536	 -0.4205	  1.0000	  1.0006
128.0000	384.0000	  0.9453	 -0.1634	  1.0000	  0.0000
160.0000	384.0000	  0.8826	  0.0596	  0.0000	  1.0216
192.0000	384.0000	  0.8319	  0.1795	  0.0000	  1.0283
224.0000	384.0000	  0.8131	  0.2113	  0.0000	  1.0158
256.0000	384.0000	  0.7964	  0.2030	  0.0000	  1.0237
288.0000	384.0000	  0.7478	  0.2054	  0.0000	  1.0041
320.0000	384.0000	  0.7499	  0.2033	  0.0000	  1.0335
352.0000	384.0000	  0.8236	  0.2194	  0.0000	  1.0312
384.0000	384.0000	  0.9181	  0.2418	  0.0000	  1.0212
416.0000	384.0000	  0.9325	  0.2746	  1.0000	  1.0010
448.0000	384.0000	  0.9020	  0.3421	  1.0000	  1.0005
480.0000	384.0000	  0.7845	  0.5105	  1.0000	  1.0010
512.0000	384.0000	  0.5233	  0.8361	  1.0000	  1.0017
544.0000	384.0000	  0.1044	  1.3714	  1.0000	  1.0011
576.0000	384.0000	 -0.4496	  2.0501	  1.0000	  1.0005
608.0000	384.0000	 -1.1273	  2.6637	  1.0000	  1.0014
640.0000	384.0000	 -1.8869	  3.0757	  1.0000	  0.0000
672.0000	384.0000	 -2.5955	  3.2557	  1.0000	  1.0005
704.0000	384.0000	 -3.1466	  3.1260	  1.0000	  1.0017
736.0000	384.0000	 -3.4091	  2.7469	  1.0000	  1.0003
768.0000	384.0000	 -3.1622	  2.3425	  1.0000	  0.0000
800.0000	384.0000	 -2.3243	  2.0114	  1.0000	  1.0002
832.0000	384.0000	 -1.0182	  1.7730	  1.0000	  1.0010
864.0000	384.0000	  0.4451	  1.6177	  1.0000	  1.0006
896.0000	384.0000	  1.7533	  1.5166	  1.0000	  1.0001
928.0000	384.0000	  2.5755	  1.4212	  1.0000	  1.0023
960.0000	384.0000	  2.8669	  1.3177	  1.0000	  1.0006
992.0000	384.0000	  2.8678	  1.2100	  1.0000	  1.0026
1024.0000	384.0000	  2.7373	  1.1255	  1.0000	  1.0063
 32.0000	416.0000	  0.7397	 -0.5330	  1.0000	  1.0001
 64.0000	416.0000	  0.7405	 -0.4599	  1.0000	  1.0015
 96.0000	416.0000	  0.7582	 -0.2845	  1.0000	  1.0034
128.0000	416.0000	  0.7892	 -0.0859	  1.0000	  0.0000
160.0000	416.0000	  0.7968	  0.0804	  1.0000	  1.0074
192.0000	416.0000	  0.8070	  0.1758	  1.0000	  1.0056
224.0000	416.0000	  0.8260	  0.2148	  0.0000	  1.0238
256.0000	416.0000	  0.8418	  0.2451	  0.0000	  1.0110
288.0000	416.0000	  0.7850	  0.2833	  0.0000	  1.0282
320.0000	416.0000	  0.7670	  0.3158	  1.0000	  1.0011
352.0000	416.0000	  0.8013	  0.3295	  1.0000	  1.0005
384.0000	416.0000	  0.8653	  0.3288	  1.0000	  1.0006
416.0000	416.0000	  0.9045	  0.3379	  1.0000	  1.0002
448.0000	416.0000	  0.8895	  0.4089	  1.0000	  1.0007
480.0000	416.0000	  0.7340	  0.6035	  1.0000	  1.0008
512.0000	416.0000	  0.3369	  0.9637	  1.0000	  1.0005
544.0000	416.0000	 -0.2972	  1.5143	  1.0000	  1.0001
576.0000	416.0000	 -1.1110	  2.1786	  1.0000	  1.0008
608.0000	416.0000	 -2.0540	  2.7442	  1.0000	  1.0008
640.0000	416.0000	 -3.0233	  3.0957	  1.0000	  1.0006
672.0000	416.0000	 -3.8624	  3.2092	  1.0000	  1.0000
704.0000	416.0000	 -4.4579	  3.0569	  1.0000	  1.0004
736.0000	416.0000	 -4.7027	  2.7069	  1.0000	  1.0004
768.0000	416.0000	 -4.3635	  2.3413	  1.0000	  1.0008
800.0000	416.0000	 -3.2881	  2.0367	  1.0000	  1.0010
832.0000	416.0000	 -1.6067	  1.8042	  1.0000	  1.0001
864.0000	416.0000	  0.3003	  1.6409	  1.0000	  1.0006
896.0000	416.0000	  2.0539	  1.5325	  1.0000	  1.0003
928.0000	416.0000	  3.2602	  1.4437	  1.0000	  1.0011
960.0000	416.0000	  3.8382	  1.3641	  1.0000	  1.0014
992.0000	416.0000	  4.0471	  1.2919	  1.0000	  1.0008
1024.0000	416.0000	  4.0517	  1.2437	  1.0000	  1.0003
 32.0000	448.0000	  0.7260	 -0.3782	  1.0000	  1.0004
 64.0000	448.0000	  0.6718	 -0.3615	  0.0000	  1.0119
 96.0000	448.0000	  0.6392	 -0.1920	  0.0000	  1.0299
128.0000	448.0000	  0.6690	 -0.0160	  0.0000	  1.0240
160.0000	448.0000	  0.7205	  0.1243	  0.0000	  1.0316
192.0000	448.0000	  0.7676	  0.2116	  1.0000	  1.0000
224.0000	448.0000	  0.8188	  0.2737	  1.0000	  1.0001
256.0000	448.0000	  0.8256	  0.3509	  1.0000	  1.0014
288.0000	448.0000	  0.7579	  0.4334	  1.0000	  1.0007
320.0000	448.0000	  0.7105	  0.4863	  1.0000	  1.0019
352.0000	448.0000	  0.7173	  0.4946	  1.0000	  1.0011
384.0000	448.0000	  0.7736	  0.4710	  1.0000	  1.0010
416.0000	448.0000	  0.8378	  0.4491	  1.0000	  1.0002
448.0000	448.0000	  0.8268	  0.4996	  1.0000	  1.0000
480.0000	448.0000	  0.5925	  0.6851	  1.0000	  1.0011
512.0000	448.0000	 -0.0212	  1.0359	  1.0000	  1.0014
544.0000	448.0000	 -0.9494	  1.5404	  1.0000	  1.0006
576.0000	448.0000	 -2.0587	  2.1116	  1.0000	  1.0014
608.0000	448.0000	 -3.2277	  2.5786	  1.0000	  0.0000
640.0000	448.0000	 -4.3084	  2.8407	  1.0000	  1.0000
672.0000	448.0000	 -5.1534	  2.8989	  1.0000	  0.0000
704.0000	448.0000	 -5.6770	  2.7619	  1.0000	  1.0005
736.0000	448.0000	 -5.8353	  2.5083	  1.0000	  1.0006
768.0000	448.0000	 -5.4240	  2.2370	  1.0000	  1.0002
800.0000	448.0000	 -4.1677	  2.0022	  1.0000	  0.0000
832.0000	448.0000	 -2.1918	  1.8104	  1.0000	  1.0002
864.0000	448.0000	  0.0800	  1.6642	  1.0000	  1.0003
896.0000	448.0000	  2.2273	  1.5609	  1.0000	  1.0000
928.0000	448.0000	  3.8172	  1.4806	  1.0000	  1.0006
960.0000	448.0000	  4.7092	  1.4175	  1.0000	  1.0000
992.0000	448.0000	  5.0520	  1.3721	  1.0000	  1.0002
1024.0000	448.0000	  5.1250	  1.3465	  1.0000	  1.0010
 32.0000	480.0000	  0.9643	 -0.2144	  1.0000	  1.0098
 64.0000	480.0000	  0.8271	 -0.1957	  0.0000	  1.0315
 96.0000	480.0000	  0.7002	 -0.1297	  0.0000	  1.0162
128.0000	480.0000	  0.6603	 -0.0013	  0.0000	  1.0185
160.0000	480.0000	  0.6634	  0.1347	  0.0000	  1.0203
192.0000	480.0000	  0.6920	  0.2469	  0.0000	  1.0181
224.0000	480.0000	  0.7784	  0.3248	  0.0000	  1.0403
256.0000	480.0000	  0.7948	  0.4512	  0.0000	  1.0397
288.0000	480.0000	  0.6876	  0.5976	  0.0000	  1.0441
320.0000	480.0000	  0.6012	  0.6811	  1.0000	  1.0005
352.0000	480.0000	  0.5979	  0.6829	  1.0000	  1.0000
384.0000	480.0000	  0.6591	  0.6427	  1.0000	  0.0000
416.0000	480.0000	  0.7382	  0.5959	  1.0000	  0.0000
448.0000	480.0000	  0.7083	  0.6188	  1.0000	  1.0020
480.0000	480.0000	  0.3545	  0.7734	  1.0000	  1.0013
512.0000	480.0000	 -0.5364	  1.0823	  1.0000	  1.0003
544.0000	480.0000	 -1.7972	  1.5115	  1.0000	  1.0001
576.0000	480.0000	 -3.1717	  1.9717	  1.0000	  1.0008
608.0000	480.0000	 -4.4726	  2.3258	  1.0000	  1.0002
640.0000	480.0000	 -5.5516	  2.5024	  1.0000	  1.0009
672.0000	480.0000	 -6.3283	  2.5303	  1.0000	  1.0000
704.0000	480.0000	 -6.7900	  2.4362	  1.0000	  1.0001
736.0000	480.0000	 -6.8729	  2.2722	  1.0000	  0.0000
768.0000	480.0000	 -6.3362	  2.0984	  1.0000	  1.0000
800.0000	480.0000	 -4.9569	  1.9443	  1.0000	  1.0013
832.0000	480.0000	 -2.8076	  1.8064	  1.0000	  1.0004
864.0000	480.0000	 -0.2976	  1.6887	  1.0000	  0.0000
896.0000	480.0000	  2.1438	  1.5958	  1.0000	  1.0004
928.0000	480.0000	  4.0641	  1.5214	  1.0000	  1.0001
960.0000	480.0000	  5.2371	  1.4665	  1.0000	  1.0000
992.0000	480.0000	  5.7078	  1.4345	  1.0000	  1.0005
1024.0000	480.0000	  5.8259	  1.4199	  1.0000	  1.0005
 32.0000	512.0000	  1.3845	 -0.0864	  0.0000	  1.0174
 64.0000	512.0000	  1.1800	 -0.0853	  0.0000	  1.0079
 96.0000	512.0000	  0.9208	 -0.0723	  0.0000	  1.0195
128.0000	512.0000	  0.7706	  0.0126	  0.0000	  1.0215
160.0000	512.0000	  0.6983	  0.1369	  0.0000	  1.0305
192.0000	512.0000	  0.6900	  0.2617	  0.0000	  1.0344
224.0000	512.0000	  0.7556	  0.3355	  0.0000	  1.0267
256.0000	512.0000	  0.7590	  0.4872	  0.0000	  1.0348
288.0000	512.0000	  0.6087	  0.7077	  0.0000	  1.0343
320.0000	512.0000	  0.4705	  0.8553	  0.0000	  1.0360
352.0000	512.0000	  0.4768	  0.8514	  1.0000	  1.0009
384.0000	512.0000	  0.5460	  0.8063	  1.0000	  1.0001
416.0000	512.0000	  0.6244	  0.7503	  1.0000	  1.0004
448.0000	512.0000	  0.5507	  0.7512	  1.0000	  1.0005
480.0000	512.0000	  0.0471	  0.8675	  1.0000	  1.0014
512.0000	512.0000	 -1.1490	  1.1189	  1.0000	  1.0001
544.0000	512.0000	 -2.7410	  1.4627	  1.0000	  1.0003
576.0000	512.0000	 -4.3169	  1.8168	  1.0000	  0.0000
608.0000	512.0000	 -5.6390	  2.0725	  1.0000	  1.0000
640.0000	512.0000	 -6.6010	  2.1861	  1.0000	  1.0003
672.0000	512.0000	 -7.2262	  2.2023	  1.0000	  1.0001
704.0000	512.0000	 -7.5712	  2.1515	  1.0000	  1.0001
736.0000	512.0000	 -7.5760	  2.0655	  1.0000	  1.0010
768.0000	512.0000	 -6.9970	  1.9761	  1.0000	  1.0010
800.0000	512.0000	 -5.6211	  1.8931	  1.0000	  1.0017
832.0000	512.0000	 -3.4553	  1.8051	  1.0000	  1.0013
864.0000	512.0000	 -0.8489	  1.7156	  1.0000	  1.0013
896.0000	512.0000	  1.7873	  1.6327	  1.0000	  1.0000
928.0000	512.0000	  3.9942	  1.5607	  1.0000	  1.0007
960.0000	512.0000	  5.4484	  1.5068	  1.0000	  1.0002
992.0000	512.0000	  6.0599	  1.4789	  1.0000	  1.0002
1024.0000	512.0000	  6.2257	  1.4681	  1.0000	  1.0018
 32.0000	544.0000	  1.7575	 -0.0110	  0.0000	  1.0200
 64.0000	544.0000	  1.5355	 -0.0116	  0.0000	  1.0110
 96.0000	544.0000	  1.1911	  0.0005	  1.0000	  1.0001
128.0000	544.0000	  0.9472	  0.0588	  1.0000	  1.0280
160.0000	544.0000	  0.8022	  0.1508	  0.0000	  1.0311
192.0000	544.0000	  0.7447	  0.2577	  0.0000	  1.0377
224.0000	544.0000	  0.7529	  0.3253	  0.0000	  1.0441
256.0000	544.0000	  0.7272	  0.4729	  0.0000	  1.0421
288.0000	544.0000	  0.5635	  0.7051	  0.0000	  1.0475
320.0000	544.0000	  0.4128	  0.9003	  0.0000	  1.0405
352.0000	544.0000	  0.4030	  0.9421	  1.0000	  1.0006
384.0000	544.0000	  0.4568	  0.9292	  1.0000	  1.0011
416.0000	544.0000	  0.5114	  0.8887	  1.0000	  1.0010
448.0000	544.0000	  0.3728	  0.8814	  1.0000	  1.0006
480.0000	544.0000	 -0.2905	  0.9620	  1.0000	  1.0012
512.0000	544.0000	 -1.7741	  1.1538	  1.0000	  1.0008
544.0000	544.0000	 -3.6561	  1.4173	  1.0000	  1.0011
576.0000	544.0000	 -5.3674	  1.6869	  1.0000	  0.0000
608.0000	544.0000	 -6.6240	  1.8760	  1.0000	  1.0012
640.0000	544.0000	 -7.3905	  1.9577	  1.0000	  1.0001
672.0000	544.0000	 -7.8154	  1.9780	  1.0000	  0.0000
704.0000	544.0000	 -8.0176	  1.9638	  1.0000	  1.0008
736.0000	544.0000	 -7.9507	  1.9345	  1.0000	  1.0004
768.0000	544.0000	 -7.3770	  1.9026	  1.0000	  1.0003
800.0000	544.0000	 -6.0669	  1.8657	  1.0000	  1.0002
832.0000	544.0000	 -3.9577	  1.8105	  1.0000	  1.0002
864.0000	544.0000	 -1.3317	  1.7410	  1.0000	  0.0000
896.0000	544.0000	  1.4127	  1.6668	  1.0000	  0.0000
928.0000	544.0000	  3.8204	  1.5974	  1.0000	  1.0006
960.0000	544.0000	  5.5060	  1.5431	  1.0000	  1.0002
992.0000	544.0000	  6.2529	  1.5159	  1.0000	  1.0005
1024.0000	544.0000	  6.4712	  1.5064	  1.0000	  0.0000
 32.0000	576.0000	  1.7843	  0.0175	  1.0000	  1.0046
 64.0000	576.0000	  1.6055	  0.0226	  1.0000	  0.0000
 96.0000	576.0000	  1.3292	  0.0414	  1.0000	  1.0001
128.0000	576.0000	  1.0780	  0.0895	  1.0000	  1.0016
160.0000	576.0000	  0.8995	  0.1600	  1.0000	  1.0012
192.0000	576.0000	  0.8005	  0.2488	  1.0000	  1.0000
224.0000	576.0000	  0.7448	  0.3455	  1.0000	  1.0000
256.0000	576.0000	  0.6721	  0.4970	  1.0000	  1.0004
288.0000	576.0000	  0.5415	  0.6935	  1.0000	  1.0004
320.0000	576.0000	  0.4196	  0.8741	  1.0000	  0.0000
352.0000	576.0000	  0.3765	  0.9717	  1.0000	  0.0000
384.0000	576.0000	  0.3965	  1.0080	  1.0000	  1.0019
416.0000	576.0000	  0.4111	  0.9995	  1.0000	  1.0015
448.0000	576.0000	  0.1981	  0.9993	  1.0000	  1.0001
480.0000	576.0000	 -0.6153	  1.0564	  1.0000	  1.0002
512.0000	576.0000	 -2.3459	  1.1980	  1.0000	  1.0004
544.0000	576.0000	 -4.4383	  1.3908	  1.0000	  0.0000
576.0000	576.0000	 -6.2472	  1.5942	  1.0000	  0.0000
608.0000	576.0000	 -7.3946	  1.7373	  1.0000	  1.0011
640.0000	576.0000	 -7.9479	  1.8044	  1.0000	  1.0004
672.0000	576.0000	 -8.1819	  1.8345	  1.0000	  1.0003
704.0000	576.0000	 -8.2584	  1.8486	  1.0000	  1.0006
736.0000	576.0000	 -8.1419	  1.8576	  1.0000	  1.0000
768.0000	576.0000	 -7.6017	  1.8625	  1.0000	  1.0001
800.0000	576.0000	 -6.3819	  1.8546	  1.0000	  1.0001
832.0000	576.0000	 -4.3485	  1.8198	  1.0000	  1.0000
864.0000	576.0000	 -1.7170	  1.7622	  1.0000	  1.0002
896.0000	576.0000	  1.0781	  1.6951	  1.0000	  1.0007
928.0000	576.0000	  3.6065	  1.6298	  1.0000	  1.0000
960.0000	576.0000	  5.4869	  1.5751	  1.0000	  1.0014
992.0000	576.0000	  6.3567	  1.5478	  1.0000	  1.0004
1024.0000	576.0000	  6.6255	  1.5385	  1.0000	  1.0015
 32.0000	608.0000	  1.7742	  0.0307	  1.0000	  1.0288
 64.0000	608.0000	  1.6239	  0.0395	  1.0000	  1.0001
 96.0000	608.0000	  1.3904	  0.0617	  1.0000	  1.0152
128.0000	608.0000	  1.1485	  0.1057	  1.0000	  1.0215
160.0000	608.0000	  0.9563	  0.1669	  1.0000	  1.0167
192.0000	608.0000	  0.8323	  0.2482	  1.0000	  1.0010
224.0000	608.0000	  0.7435	  0.3544	  1.0000	  1.0011
256.0000	608.0000	  0.6496	  0.5043	  1.0000	  0.0000
288.0000	608.0000	  0.5331	  0.6822	  1.0000	  1.0002
320.0000	608.0000	  0.4248	  0.8546	  1.0000	  1.0007
352.0000	608.0000	  0.3663	  0.9791	  1.0000	  1.0013
384.0000	608.0000	  0.3618	  1.0495	  1.0000	  1.0020
416.0000	608.0000	  0.3420	  1.0717	  1.0000	  1.0020
448.0000	608.0000	  0.0752	  1.0906	  1.0000	  1.0004
480.0000	608.0000	 -0.8230	  1.1474	  1.0000	  0.0000
512.0000	608.0000	 -2.6576	  1.2658	  1.0000	  1.0001
544.0000	608.0000	 -4.7571	  1.4126	  1.0000	  1.0000
576.0000	608.0000	 -6.6835	  1.5762	  1.0000	  1.0002
608.0000	608.0000	 -7.7613	  1.6861	  1.0000	  1.0002
640.0000	608.0000	 -8.1989	  1.7421	  1.0000	  1.0006
672.0000	608.0000	 -8.3343	  1.7760	  1.0000	  1.0002
704.0000	608.0000	 -8.3506	  1.8026	  1.0000	  1.0005
736.0000	608.0000	 -8.2211	  1.8279	  1.0000	  1.0005
768.0000	608.0000	 -7.7234	  1.8488	  1.0000	  1.0001
800.0000	608.0000	 -6.5813	  1.8540	  1.0000	  1.0006
832.0000	608.0000	 -4.5988	  1.8277	  1.0000	  1.0014
864.0000	608.0000	 -1.9180	  1.7730	  1.0000	  0.0000
896.0000	608.0000	  0.8834	  1.7095	  1.0000	  1.0005
928.0000	608.0000	  3.4227	  1.6498	  1.0000	  0.0000
960.0000	608.0000	  5.4356	  1.5950	  1.0000	  1.0006
992.0000	608.0000	  6.3893	  1.5671	  1.0000	  1.0009
1024.0000	608.0000	  6.6921	  1.5577	  1.0000	  1.0026
