 32.0000	 32.0000	 -0.9264	  0.1743	  1.0000	  1.0014
 64.0000	 32.0000	 -0.9536	  0.2189	  1.0000	  1.0001
 96.0000	 32.0000	 -0.9781	  0.2860	  1.0000	  1.0053
128.0000	 32.0000	 -0.9522	  0.3443	  1.0000	  1.0005
160.0000	 32.0000	 -0.8297	  0.3511	  1.0000	  1.0006
192.0000	 32.0000	 -0.6358	  0.3031	  0.0000	  1.0217
224.0000	 32.0000	 -0.5760	  0.2329	  0.0000	  1.0224
256.0000	 32.0000	 -0.4576	  0.1461	  0.0000	  1.0000
288.0000	 32.0000	 -0.3691	  0.2210	  1.0000	  1.0038
320.0000	 32.0000	 -0.3057	  0.3002	  1.0000	  1.0001
352.0000	 32.0000	 -0.3058	  0.3528	  1.0000	  1.0015
384.0000	 32.0000	 -0.3496	  0.3704	  1.0000	  1.0022
416.0000	 32.0000	 -0.3993	  0.3642	  0.0000	  1.0015
448.0000	 32.0000	 -0.3959	  0.3448	  1.0000	  1.0049
480.0000	 32.0000	 -0.3655	  0.3213	  1.0000	  0.0000
512.0000	 32.0000	 -0.3333	  0.3001	  1.0000	  1.0007
544.0000	 32.0000	 -0.3602	  0.2894	  1.0000	  1.0016
576.0000	 32.0000	 -0.4498	  0.2834	  1.0000	  1.0001
608.0000	 32.0000	 -0.5781	  0.2771	  1.0000	  1.0027
640.0000	 32.0000	 -0.7031	  0.2704	  1.0000	  1.0000
672.0000	 32.0000	 -0.7695	  0.2799	  1.0000	  1.0002
704.0000	 32.0000	 -0.7599	  0.3005	  1.0000	  1.0019
736.0000	 32.0000	 -0.7356	  0.3233	  1.0000	  1.0003
768.0000	 32.0000	 -0.7365	  0.3520	  1.0000	  1.0016
800.0000	 32.0000	 -0.7615	  0.3944	  1.0000	  1.0001
832.0000	 32.0000	 -0.8289	  0.4505	  1.0000	  1.0104
864.0000	 32.0000	 -0.9080	  0.4803	  0.0000	  1.0297
896.0000	 32.0000	 -0.9796	  0.4823	  0.0000	  1.0295
928.0000	 32.0000	 -1.0479	  0.3813	  0.0000	  1.0218
960.0000	 32.0000	 -1.1454	  0.2436	  0.0000	  1.0087
992.0000	 32.0000	 -1.2851	  0.2368	  0.0000	  1.0054
1024.0000	 32.0000	 -1.3722	  0.2664	  0.0000	  1.0065
 32.0000	 64.0000	 -0.8543	  0.1148	  1.0000	  1.0003
 64.0000	 64.0000	 -0.8982	  0.1668	  1.0000	  1.0039
 96.0000	 64.0000	 -0.9689	  0.2522	  1.0000	  1.0033
128.0000	 64.0000	 -1.0138	  0.3366	  0.0000	  1.0053
160.0000	 64.0000	 -0.9460	  0.3460	  0.0000	  1.0826
192.0000	 64.0000	 -0.8202	  0.2801	  0.0000	  1.0152
224.0000	 64.0000	 -0.7455	  0.2423	  0.0000	  1.0270
256.0000	 64.0000	 -0.5864	  0.2331	  0.0000	  1.0353
288.0000	 64.0000	 -0.3924	  0.2853	  1.0000	  1.0012
320.0000	 64.0000	 -0.2873	  0.3416	  1.0000	  1.0008
352.0000	 64.0000	 -0.2972	  0.3765	  1.0000	  1.0002
384.0000	 64.0000	 -0.3570	  0.3837	  1.0000	  1.0015
416.0000	 64.0000	 -0.4157	  0.3731	  1.0000	  1.0000
448.0000	 64.0000	 -0.4315	  0.3521	  1.0000	  1.0020
480.0000	 64.0000	 -0.4168	  0.3294	  1.0000	  1.0014
512.0000	 64.0000	 -0.3979	  0.3109	  1.0000	  0.0000
544.0000	 64.0000	 -0.4322	  0.3049	  1.0000	  1.0001
576.0000	 64.0000	 -0.5262	  0.3050	  1.0000	  1.0000
608.0000	 64.0000	 -0.6584	  0.3009	  1.0000	  1.0024
640.0000	 64.0000	 -0.7901	  0.2836	  0.0000	  1.0456
672.0000	 64.0000	 -0.8438	  0.2859	  0.0000	  1.0305
704.0000	 64.0000	 -0.8265	  0.3049	  1.0000	  1.0058
736.0000	 64.0000	 -0.7867	  0.3213	  1.0000	  0.0000
768.0000	 64.0000	 -0.7706	  0.3453	  1.0000	  0.0000
800.0000	 64.0000	 -0.7957	  0.3948	  0.0000	  1.0293
832.0000	 64.0000	 -0.8569	  0.4435	  0.0000	  1.0313
864.0000	 64.0000	 -0.9593	  0.4518	  0.0000	  1.0247
896.0000	 64.0000	 -1.0551	  0.4199	  0.0000	  1.0338
928.0000	 64.0000	 -1.1393	  0.3212	  0.0000	  1.0310
960.0000	 64.0000	 -1.2496	  0.1887	  0.0000	  1.0113
992.0000	 64.0000	 -1.3981	  0.1578	  0.0000	  1.0119
1024.0000	 64.0000	 -1.4806	  0.1778	  0.0000	  1.0213
 32.0000	 96.0000	 -0.7217	  0.0226	  0.0000	  1.0227
 64.0000	 96.0000	 -0.7885	  0.0821	  0.0000	  1.0186
 96.0000	 96.0000	 -0.9283	  0.1894	  1.0000	  1.0004
128.0000	 96.0000	 -1.0636	  0.2897	  0.0000	  1.0382
160.0000	 96.0000	 -1.0711	  0.3101	  0.0000	  1.0214
192.0000	 96.0000	 -0.9878	  0.2486	  0.0000	  1.0425
224.0000	 96.0000	 -0.8927	  0.2259	  0.0000	  1.0247
256.0000	 96.0000	 -0.6591	  0.2738	  0.0000	  1.0242
288.0000	 96.0000	 -0.3733	  0.3514	  0.0000	  1.0347
320.0000	 96.0000	 -0.2481	  0.3960	  0.0000	  1.0371
352.0000	 96.0000	 -0.3031	  0.4117	  1.0000	  1.0005
384.0000	 96.0000	 -0.3947	  0.4061	  1.0000	  1.0004
416.0000	 96.0000	 -0.4709	  0.3902	  1.0000	  1.0004
448.0000	 96.0000	 -0.5057	  0.3674	  1.0000	  1.0015
480.0000	 96.0000	 -0.5090	  0.3458	  1.0000	  1.0002
512.0000	 96.0000	 -0.5055	  0.3290	  1.0000	  1.0009
544.0000	 96.0000	 -0.5470	  0.3256	  1.0000	  1.0001
576.0000	 96.0000	 -0.6416	  0.3318	  1.0000	  1.0005
608.0000	 96.0000	 -0.7626	  0.3366	  0.0000	  1.0248
640.0000	 96.0000	 -0.8767	  0.3200	  0.0000	  1.0374
672.0000	 96.0000	 -0.9401	  0.3049	  0.0000	  1.0349
704.0000	 96.0000	 -0.9277	  0.3080	  0.0000	  1.0162
736.0000	 96.0000	 -0.8710	  0.3120	  1.0000	  1.0004
768.0000	 96.0000	 -0.8372	  0.3290	  1.0000	  1.0016
800.0000	 96.0000	 -0.8492	  0.3664	  0.0000	  1.0162
832.0000	 96.0000	 -0.9112	  0.3973	  0.0000	  1.0169
864.0000	 96.0000	 -1.0391	  0.3990	  0.0000	  1.0208
896.0000	 96.0000	 -1.1541	  0.3613	  0.0000	  1.0222
928.0000	 96.0000	 -1.2630	  0.2769	  0.0000	  1.0123
960.0000	 96.0000	 -1.3993	  0.1616	  0.0000	  1.0104
992.0000	 96.0000	 -1.5897	  0.1130	  0.0000	  1.0252
1024.0000	 96.0000	 -1.6690	  0.1109	  0.0000	  1.0173
 32.0000	128.0000	 -0.4723	 -0.1000	  0.0000	  1.0183
 64.0000	128.0000	 -0.6087	 -0.0266	  0.0000	  1.0176
 96.0000	128.0000	 -0.8368	  0.1160	  1.0000	  1.0002
128.0000	128.0000	 -1.0080	  0.2138	  0.0000	  1.0426
160.0000	128.0000	 -1.0569	  0.2422	  0.0000	  1.0258
192.0000	128.0000	 -1.0103	  0.2243	  0.0000	  1.0317
224.0000	128.0000	 -0.9173	  0.2282	  0.0000	  1.0243
256.0000	128.0000	 -0.6805	  0.3147	  0.0000	  1.0223
288.0000	128.0000	 -0.4009	  0.4076	  0.0000	  1.0377
320.0000	128.0000	 -0.2975	  0.4318	  0.0000	  1.0299
352.0000	128.0000	 -0.3804	  0.4409	  1.0000	  1.0008
384.0000	128.0000	 -0.4862	  0.4297	  1.0000	  1.0002
416.0000	128.0000	 -0.5707	  0.4135	  1.0000	  0.0000
448.0000	128.0000	 -0.6179	  0.3919	  1.0000	  1.0008
480.0000	128.0000	 -0.6358	  0.3724	  1.0000	  1.0002
512.0000	128.0000	 -0.6432	  0.3512	  1.0000	  0.0000
544.0000	128.0000	 -0.6842	  0.3397	  1.0000	  1.0001
576.0000	128.0000	 -0.7580	  0.3333	  0.0000	  1.0501
608.0000	128.0000	 -0.8385	  0.3270	  0.0000	  1.0309
640.0000	128.0000	 -0.9273	  0.3153	  0.0000	  1.0152
672.0000	128.0000	 -0.9995	  0.2931	  0.0000	  1.0166
704.0000	128.0000	 -1.0071	  0.2776	  0.0000	  1.0186
736.0000	128.0000	 -0.9610	  0.2848	  1.0000	  1.0015
768.0000	128.0000	 -0.9261	  0.3065	  1.0000	  0.0000
800.0000	128.0000	 -0.9258	  0.3315	  0.0000	  1.0228
832.0000	128.0000	 -0.9774	  0.3301	  0.0000	  1.0159
864.0000	128.0000	 -1.0950	  0.3205	  0.0000	  1.0356
896.0000	128.0000	 -1.1881	  0.3030	  1.0000	  1.0003
928.0000	128.0000	 -1.2995	  0.2494	  1.0000	  1.0004
960.0000	128.0000	 -1.4545	  0.1754	  1.0000	  0.0000
992.0000	128.0000	 -1.6685	  0.1234	  0.0000	  1.0195
1024.0000	128.0000	 -1.7647	  0.0911	  0.0000	  1.0147
 32.0000	160.0000	 -0.3929	 -0.0701	  0.0000	  1.0346
 64.0000	160.0000	 -0.5815	  0.0137	  0.0000	  1.0711
 96.0000	160.0000	 -0.7989	  0.1230	  1.0000	  1.0016
128.0000	160.0000	 -0.9078	  0.1883	  0.0000	  1.0487
160.0000	160.0000	 -0.9228	  0.2182	  0.0000	  1.0257
192.0000	160.0000	 -0.9302	  0.2243	  0.0000	  1.0384
224.0000	160.0000	 -0.8736	  0.2421	  0.0000	  1.0420
256.0000	160.0000	 -0.7082	  0.3305	  0.0000	  1.0380
288.0000	160.0000	 -0.5287	  0.4347	  0.0000	  1.0359
320.0000	160.0000	 -0.4909	  0.4528	  1.0000	  1.0041
352.0000	160.0000	 -0.5491	  0.4618	  1.0000	  1.0021
384.0000	160.0000	 -0.6279	  0.4441	  1.0000	  1.0027
416.0000	160.0000	 -0.6996	  0.4337	  1.0000	  1.0007
448.0000	160.0000	 -0.7514	  0.4288	  1.0000	  1.0009
480.0000	160.0000	 -0.7796	  0.4174	  1.0000	  1.0009
512.0000	160.0000	 -0.7920	  0.3804	  1.0000	  1.0039
544.0000	160.0000	 -0.8299	  0.3416	  0.0000	  1.0326
576.0000	160.0000	 -0.8679	  0.2789	  0.0000	  1.0277
608.0000	160.0000	 -0.8982	  0.2092	  0.0000	  1.0202
640.0000	160.0000	 -0.9512	  0.1846	  0.0000	  1.0230
672.0000	160.0000	 -1.0218	  0.1873	  0.0000	  1.0258
704.0000	160.0000	 -1.0485	  0.1992	  0.0000	  1.0258
736.0000	160.0000	 -1.0303	  0.2415	  1.0000	  0.0000
768.0000	160.0000	 -1.0131	  0.2822	  1.0000	  1.0010
800.0000	160.0000	 -1.0167	  0.3116	  1.0000	  1.0006
832.0000	160.0000	 -1.0503	  0.3175	  1.0000	  1.0012
864.0000	160.0000	 -1.1117	  0.3092	  1.0000	  1.0010
896.0000	160.0000	 -1.1671	  0.2902	  1.0000	  1.0008
928.0000	160.0000	 -1.2386	  0.2540	  1.0000	  1.0002
960.0000	160.0000	 -1.3361	  0.2083	  1.0000	  1.0015
992.0000	160.0000	 -1.4591	  0.1708	  1.0000	  1.0011
1024.0000	160.0000	 -1.5288	  0.1441	  1.0000	  1.0032
 32.0000	192.0000	 -0.4519	 -0.0384	  0.0000	  1.0286
 64.0000	192.0000	 -0.6220	  0.0725	  0.0000	  1.0560
 96.0000	192.0000	 -0.8198	  0.1697	  0.0000	  1.0332
128.0000	192.0000	 -0.8537	  0.2144	  0.0000	  1.0442
160.0000	192.0000	 -0.8406	  0.2251	  0.0000	  1.0387
192.0000	192.0000	 -0.8779	  0.2095	  0.0000	  1.0094
224.0000	192.0000	 -0.8460	  0.2172	  0.0000	  1.0494
256.0000	192.0000	 -0.7785	  0.2787	  0.0000	  1.0314
288.0000	192.0000	 -0.7015	  0.3577	  0.0000	  1.0183
320.0000	192.0000	 -0.7039	  0.4111	  0.0000	  1.0278
352.0000	192.0000	 -0.7400	  0.4550	  0.0000	  1.0211
384.0000	192.0000	 -0.7761	  0.4253	  1.0000	  1.0011
416.0000	192.0000	 -0.8200	  0.4231	  0.0000	  1.0508
448.0000	192.0000	 -0.8742	  0.4572	  0.0000	  1.0285
480.0000	192.0000	 -0.9114	  0.4651	  0.0000	  1.0340
512.0000	192.0000	 -0.9183	  0.3945	  1.0000	  1.0073
544.0000	192.0000	 -0.9509	  0.3061	  0.0000	  1.0394
576.0000	192.0000	 -0.9825	  0.1955	  0.0000	  1.0377
608.0000	192.0000	 -0.9851	  0.0715	  0.0000	  1.0202
640.0000	192.0000	 -1.0060	  0.0449	  0.0000	  1.0261
672.0000	192.0000	 -1.0456	  0.0823	  0.0000	  1.0439
704.0000	192.0000	 -1.0735	  0.1331	  0.0000	  1.0396
736.0000	192.0000	 -1.0745	  0.2088	  1.0000	  1.0001
768.0000	192.0000	 -1.0693	  0.2693	  1.0000	  1.0001
800.0000	192.0000	 -1.0701	  0.3103	  1.0000	  1.0024
832.0000	192.0000	 -1.0793	  0.3261	  1.0000	  1.0002
864.0000	192.0000	 -1.0880	  0.3189	  1.0000	  1.0001
896.0000	192.0000	 -1.0927	  0.2975	  1.0000	  1.0001
928.0000	192.0000	 -1.1056	  0.2689	  1.0000	  1.0000
960.0000	192.0000	 -1.1317	  0.2405	  1.0000	  1.0003
992.0000	192.0000	 -1.1857	  0.2200	  1.0000	  0.0000
1024.0000	192.0000	 -1.2307	  0.2003	  1.0000	  0.0000
 32.0000	224.0000	 -0.5255	  0.0618	  1.0000	  0.0000
 64.0000	224.0000	 -0.6167	  0.1352	  0.0000	  1.0324
 96.0000	224.0000	 -0.7370	  0.1869	  0.0000	  1.0296
128.0000	224.0000	 -0.7831	  0.1922	  0.0000	  1.0435
160.0000	224.0000	 -0.7961	  0.1682	  0.0000	  1.0594
192.0000	224.0000	 -0.8068	  0.1478	  0.0000	  1.0339
224.0000	224.0000	 -0.8274	  0.1685	  0.0000	  1.0332
256.0000	224.0000	 -0.8604	  0.2188	  0.0000	  1.0195
288.0000	224.0000	 -0.8619	  0.2748	  0.0000	  1.0175
320.0000	224.0000	 -0.8668	  0.3376	  0.0000	  1.0209
352.0000	224.0000	 -0.8717	  0.4140	  0.0000	  1.0207
384.0000	224.0000	 -0.8726	  0.3640	  0.0000	  1.0298
416.0000	224.0000	 -0.8819	  0.3608	  0.0000	  1.0426
448.0000	224.0000	 -0.9287	  0.4170	  0.0000	  1.0338
480.0000	224.0000	 -0.9743	  0.4476	  0.0000	  1.0378
512.0000	224.0000	 -0.9771	  0.3751	  1.0000	  0.0000
544.0000	224.0000	 -1.0213	  0.2694	  0.0000	  1.0264
576.0000	224.0000	 -1.0834	  0.1472	  0.0000	  1.0218
608.0000	224.0000	 -1.1207	  0.0031	  0.0000	  1.0332
640.0000	224.0000	 -1.1266	  0.0030	  0.0000	  1.0329
672.0000	224.0000	 -1.0898	  0.0692	  0.0000	  1.0140
704.0000	224.0000	 -1.0818	  0.1312	  1.0000	  1.0359
736.0000	224.0000	 -1.0596	  0.2023	  1.0000	  1.0007
768.0000	224.0000	 -1.0302	  0.2657	  1.0000	  1.0002
800.0000	224.0000	 -1.0041	  0.3142	  1.0000	  1.0017
832.0000	224.0000	 -0.9840	  0.3381	  1.0000	  0.0000
864.0000	224.0000	 -0.9472	  0.3281	  1.0000	  1.0001
896.0000	224.0000	 -0.9170	  0.3029	  1.0000	  1.0023
928.0000	224.0000	 -0.8949	  0.2755	  1.0000	  1.0003
960.0000	224.0000	 -0.8778	  0.2565	  0.0000	  1.0180
992.0000	224.0000	 -0.9119	  0.2542	  0.0000	  1.0213
1024.0000	224.0000	 -0.9612	  0.2367	  1.0000	  1.0000
 32.0000	256.0000	 -0.5336	  0.0848	  1.0000	  1.0012
 64.0000	256.0000	 -0.5839	  0.1121	  1.0000	  1.0205
 96.0000	256.0000	 -0.6534	  0.1238	  0.0000	  1.0269
128.0000	256.0000	 -0.7387	  0.1017	  0.0000	  1.0520
160.0000	256.0000	 -0.7951	  0.0661	  0.0000	  1.0344
192.0000	256.0000	 -0.7865	  0.0589	  0.0000	  1.0291
224.0000	256.0000	 -0.8274	  0.0806	  0.0000	  1.0272
256.0000	256.0000	 -0.8965	  0.1150	  0.0000	  1.0164
288.0000	256.0000	 -0.9444	  0.1527	  0.0000	  1.0087
320.0000	256.0000	 -0.9442	  0.2119	  0.0000	  1.0276
352.0000	256.0000	 -0.9146	  0.2930	  0.0000	  1.0339
384.0000	256.0000	 -0.8618	  0.3019	  0.0000	  1.0313
416.0000	256.0000	 -0.8414	  0.3096	  0.0000	  1.0393
448.0000	256.0000	 -0.8751	  0.3589	  0.0000	  1.0347
480.0000	256.0000	 -0.9333	  0.3971	  0.0000	  1.0652
512.0000	256.0000	 -0.9410	  0.3783	  1.0000	  1.0009
544.0000	256.0000	 -0.9946	  0.3201	  1.0000	  1.0005
576.0000	256.0000	 -1.0796	  0.2267	  1.0000	  1.0001
608.0000	256.0000	 -1.1657	  0.1271	  0.0000	  1.0483
640.0000	256.0000	 -1.1845	  0.0971	  0.0000	  1.0485
672.0000	256.0000	 -1.1078	  0.1136	  1.0000	  1.0026
704.0000	256.0000	 -1.0097	  0.1478	  1.0000	  1.0000
736.0000	256.0000	 -0.8887	  0.1942	  1.0000	  0.0000
768.0000	256.0000	 -0.7624	  0.2439	  1.0000	  1.0000
800.0000	256.0000	 -0.6584	  0.2903	  1.0000	  0.0000
832.0000	256.0000	 -0.5996	  0.3205	  0.0000	  1.0321
864.0000	256.0000	 -0.5319	  0.3036	  1.0000	  1.0311
896.0000	256.0000	 -0.5275	  0.2766	  1.0000	  1.0007
928.0000	256.0000	 -0.5639	  0.2484	  1.0000	  1.0001
960.0000	256.0000	 -0.6217	  0.2255	  0.0000	  1.0204
992.0000	256.0000	 -0.7129	  0.2330	  1.0000	  1.0224
1024.0000	256.0000	 -0.7859	  0.2330	  1.0000	  1.0033
 32.0000	288.0000	 -0.4748	  0.0537	  1.0000	  1.0005
 64.0000	288.0000	 -0.5272	  0.0593	  1.0000	  1.0036
 96.0000	288.0000	 -0.6124	  0.0565	  1.0000	  1.0012
128.0000	288.0000	 -0.7225	  0.0378	  0.0000	  1.0284
160.0000	288.0000	 -0.7932	  0.0195	  0.0000	  1.0150
192.0000	288.0000	 -0.7808	 -0.0065	  0.0000	  1.0212
224.0000	288.0000	 -0.8135	 -0.0137	  0.0000	  1.0165
256.0000	288.0000	 -0.8767	  0.0058	  0.0000	  1.0152
288.0000	288.0000	 -0.9384	  0.0563	  0.0000	  1.0156
320.0000	288.0000	 -0.9431	  0.1619	  0.0000	  1.0162
352.0000	288.0000	 -0.8831	  0.2890	  0.0000	  1.0350
384.0000	288.0000	 -0.7614	  0.3634	  0.0000	  1.0316
416.0000	288.0000	 -0.7196	  0.3979	  0.0000	  1.0759
448.0000	288.0000	 -0.7348	  0.4510	  1.0000	  1.0218
480.0000	288.0000	 -0.7822	  0.4936	  0.0000	  1.0286
512.0000	288.0000	 -0.8036	  0.5131	  1.0000	  1.0018
544.0000	288.0000	 -0.8784	  0.5213	  1.0000	  1.0009
576.0000	288.0000	 -0.9846	  0.4572	  1.0000	  1.0026
608.0000	288.0000	 -1.0852	  0.3631	  1.0000	  1.0003
640.0000	288.0000	 -1.1020	  0.2765	  1.0000	  1.0007
672.0000	288.0000	 -0.9750	  0.2145	  1.0000	  1.0011
704.0000	288.0000	 -0.7393	  0.1775	  1.0000	  1.0006
736.0000	288.0000	 -0.4360	  0.1656	  1.0000	  1.0013
768.0000	288.0000	 -0.1235	  0.1770	  1.0000	  1.0002
800.0000	288.0000	  0.1294	  0.2029	  1.0000	  1.0001
832.0000	288.0000	  0.2646	  0.2231	  1.0000	  1.0319
864.0000	288.0000	  0.2967	  0.2176	  1.0000	  1.0333
896.0000	288.0000	  0.1757	  0.2069	  1.0000	  1.0025
928.0000	288.0000	 -0.0302	  0.1954	  1.0000	  1.0000
960.0000	288.0000	 -0.2746	  0.1907	  1.0000	  1.0032
992.0000	288.0000	 -0.5134	  0.2026	  1.0000	  1.0001
1024.0000	288.0000	 -0.6743	  0.2142	  1.0000	  1.0001
 32.0000	320.0000	 -0.3624	 -0.0115	  1.0000	  1.0025
 64.0000	320.0000	 -0.4338	 -0.0107	  1.0000	  1.0039
 96.0000	320.0000	 -0.5370	 -0.0072	  1.0000	  1.0001
128.0000	320.0000	 -0.6499	  0.0038	  1.0000	  1.0010
160.0000	320.0000	 -0.7339	  0.0334	  0.0000	  1.0427
192.0000	320.0000	 -0.7650	  0.0311	  0.0000	  1.0467
224.0000	320.0000	 -0.7969	  0.0107	  0.0000	  1.0164
256.0000	320.0000	 -0.8509	  0.0059	  0.0000	  1.0211
288.0000	320.0000	 -0.9014	  0.0557	  0.0000	  1.0266
320.0000	320.0000	 -0.9163	  0.1967	  0.0000	  1.0439
352.0000	320.0000	 -0.8556	  0.3779	  0.0000	  1.0496
384.0000	320.0000	 -0.6723	  0.5386	  0.0000	  1.0316
416.0000	320.0000	 -0.5730	  0.6597	  0.0000	  1.0259
448.0000	320.0000	 -0.5281	  0.7698	  1.0000	  1.0003
480.0000	320.0000	 -0.5241	  0.8673	  1.0000	  0.0000
512.0000	320.0000	 -0.5446	  0.9430	  0.0000	  1.0106
544.0000	320.0000	 -0.6413	  1.0509	  0.0000	  1.0305
576.0000	320.0000	 -0.7712	  0.9914	  1.0000	  1.0329
608.0000	320.0000	 -0.8847	  0.8443	  1.0000	  1.0017
640.0000	320.0000	 -0.8701	  0.6453	  1.0000	  1.0004
672.0000	320.0000	 -0.6171	  0.4364	  1.0000	  1.0006
704.0000	320.0000	 -0.1590	  0.2499	  1.0000	  1.0011
736.0000	320.0000	  0.4182	  0.1160	  1.0000	  1.0002
768.0000	320.0000	  0.9959	  0.0525	  1.0000	  0.0000
800.0000	320.0000	  1.4312	  0.0466	  1.0000	  1.0000
832.0000	320.0000	  1.6081	  0.0644	  1.0000	  1.0001
864.0000	320.0000	  1.5334	  0.0797	  1.0000	  0.0000
896.0000	320.0000	  1.2294	  0.0930	  1.0000	  1.0001
928.0000	320.0000	  0.7688	  0.1084	  1.0000	  1.0006
960.0000	320.0000	  0.2400	  0.1305	  1.0000	  1.0020
992.0000	320.0000	 -0.2537	  0.1594	  1.0000	  1.0477
1024.0000	320.0000	 -0.5686	  0.1873	  0.0000	  1.0548
 32.0000	352.0000	 -0.2182	 -0.0852	  1.0000	  1.0119
 64.0000	352.0000	 -0.3274	 -0.0793	  1.0000	  1.0032
 96.0000	352.0000	 -0.4545	 -0.0697	  1.0000	  1.0006
128.0000	352.0000	 -0.5754	 -0.0512	  0.0000	  1.0200
160.0000	352.0000	 -0.6785	 -0.0038	  0.0000	  1.0344
192.0000	352.0000	 -0.7431	  0.0274	  0.0000	  1.0214
224.0000	352.0000	 -0.7870	  0.0134	  0.0000	  1.0149
256.0000	352.0000	 -0.8360	  0.0219	  0.0000	  1.0308
288.0000	352.0000	 -0.8614	  0.1188	  0.0000	  1.0300
320.0000	352.0000	 -0.8649	  0.3080	  0.0000	  1.0392
352.0000	352.0000	 -0.7999	  0.5823	  0.0000	  1.0186
384.0000	352.0000	 -0.5536	  0.9068	  0.0000	  1.0016
416.0000	352.0000	 -0.3665	  1.2294	  1.0000	  1.0016
448.0000	352.0000	 -0.2183	  1.5586	  1.0000	  1.0002
480.0000	352.0000	 -0.1297	  1.8348	  1.0000	  1.0010
512.0000	352.0000	 -0.1094	  2.0097	  0.0000	  1.0172
544.0000	352.0000	 -0.1988	  2.2017	  0.0000	  1.0318
576.0000	352.0000	 -0.3416	  2.1488	  1.0000	  1.0349
608.0000	352.0000	 -0.4634	  1.8665	  1.0000	  0.0000
640.0000	352.0000	 -0.3858	  1.4355	  1.0000	  1.0014
672.0000	352.0000	  0.0659	  0.9331	  1.0000	  1.0005
704.0000	352.0000	  0.8249	  0.4492	  1.0000	  1.0002
736.0000	352.0000	  1.7476	  0.0753	  1.0000	  1.0025
768.0000	352.0000	  2.6387	 -0.1250	  1.0000	  0.0000
800.0000	352.0000	  3.2520	 -0.1785	  1.0000	  1.0002
832.0000	352.0000	  3.4274	 -0.1565	  1.0000	  1.0023
864.0000	352.0000	  3.2024	 -0.1129	  1.0000	  1.0006
896.0000	352.0000	  2.6547	 -0.0646	  1.0000	  1.0001
928.0000	352.0000	  1.8773	 -0.0121	  1.0000	  0.0000
960.0000	352.0000	  0.9976	  0.0443	  1.0000	  1.0001
992.0000	352.0000	  0.1845	  0.0957	  0.0000	  1.0267
1024.0000	352.0000	 -0.2453	  0.1302	  0.0000	  1.0269
 32.0000	384.0000	 -0.0684	 -0.1569	  0.0000	  1.0271
 64.0000	384.0000	 -0.2432	 -0.1328	  1.0000	  1.0003
 96.0000	384.0000	 -0.4003	 -0.1168	  1.0000	  1.0013
128.0000	384.0000	 -0.5146	 -0.1197	  0.0000	  1.0211
160.0000	384.0000	 -0.5983	 -0.0634	  0.0000	  1.0319
192.0000	384.0000	 -0.6736	 -0.0106	  0.0000	  1.0457
224.0000	384.0000	 -0.7136	  0.0003	  0.0000	  1.0217
256.0000	384.0000	 -0.7684	  0.0222	  0.0000	  1.0322
288.0000	384.0000	 -0.7888	  0.1393	  1.0000	  1.0009
320.0000	384.0000	 -0.7551	  0.3893	  0.0000	  1.0217
352.0000	384.0000	 -0.6221	  0.8242	  0.0000	  1.0240
384.0000	384.0000	 -0.3455	  1.4650	  1.0000	  1.0003
416.0000	384.0000	 -0.0414	  2.2123	  1.0000	  1.0001
448.0000	384.0000	  0.2487	  2.9834	  1.0000	  0.0000
480.0000	384.0000	  0.4632	  3.6554	  1.0000	  1.0000
512.0000	384.0000	  0.5682	  4.1367	  1.0000	  1.0012
544.0000	384.0000	  0.5312	  4.3904	  1.0000	  1.0042
576.0000	384.0000	  0.3913	  4.2491	  1.0000	  0.0000
608.0000	384.0000	  0.2719	  3.6898	  1.0000	  1.0008
640.0000	384.0000	  0.4384	  2.8540	  1.0000	  1.0020
672.0000	384.0000	  1.1161	  1.8556	  1.0000	  1.0011
704.0000	384.0000	  2.1927	  0.8696	  1.0000	  1.0002
736.0000	384.0000	  3.4672	  0.0905	  1.0000	  1.0005
768.0000	384.0000	  4.6585	 -0.3281	  1.0000	  1.0003
800.0000	384.0000	  5.4034	 -0.4501	  1.0000	  1.0005
832.0000	384.0000	  5.5339	 -0.4201	  1.0000	  1.0008
864.0000	384.0000	  5.1379	 -0.3410	  1.0000	  1.0011
896.0000	384.0000	  4.3424	 -0.2519	  1.0000	  1.0003
928.0000	384.0000	  3.2617	 -0.1578	  1.0000	  1.0008
960.0000	384.0000	  2.0722	 -0.0609	  1.0000	  1.0005
992.0000	384.0000	  1.0260	  0.0252	  0.0000	  1.0169
1024.0000	384.0000	  0.4866	  0.0725	  0.0000	  1.0179
 32.0000	416.0000	 -0.0749	 -0.2014	  1.0000	  1.0068
 64.0000	416.0000	 -0.2508	 -0.1353	  1.0000	  1.0005
 96.0000	416.0000	 -0.4170	 -0.0821	  1.0000	  1.0006
128.0000	416.0000	 -0.5048	 -0.0631	  0.0000	  1.0238
160.0000	416.0000	 -0.5221	 -0.0210	  0.0000	  1.0104
192.0000	416.0000	 -0.5804	  0.0083	  0.0000	  1.0228
224.0000	416.0000	 -0.5893	  0.0036	  0.0000	  1.0211
256.0000	416.0000	 -0.6542	  0.0225	  0.0000	  1.0153
288.0000	416.0000	 -0.6929	  0.1654	  1.0000	  1.0001
320.0000	416.0000	 -0.6209	  0.5404	  1.0000	  0.0000
352.0000	416.0000	 -0.4001	  1.2562	  1.0000	  1.0003
384.0000	416.0000	 -0.0244	  2.3292	  1.0000	  1.0001
416.0000	416.0000	  0.4360	  3.6505	  1.0000	  1.0010
448.0000	416.0000	  0.9034	  5.0292	  1.0000	  1.0007
480.0000	416.0000	  1.2858	  6.2579	  1.0000	  0.0000
512.0000	416.0000	  1.5242	  7.1719	  1.0000	  1.0018
544.0000	416.0000	  1.5713	  7.5962	  1.0000	  1.0027
576.0000	416.0000	  1.4645	  7.3570	  1.0000	  1.0004
608.0000	416.0000	  1.3789	  6.4121	  1.0000	  1.0018
640.0000	416.0000	  1.6676	  4.9970	  1.0000	  1.0017
672.0000	416.0000	  2.5339	  3.2982	  1.0000	  1.0003
704.0000	416.0000	  3.8468	  1.5902	  1.0000	  1.0007
736.0000	416.0000	  5.3765	  0.2135	  1.0000	  1.0003
768.0000	416.0000	  6.7596	 -0.5139	  1.0000	  1.0011
800.0000	416.0000	  7.5308	 -0.7267	  1.0000	  0.0000
832.0000	416.0000	  7.5696	 -0.6867	  1.0000	  1.0039
864.0000	416.0000	  7.0140	 -0.5683	  1.0000	  1.0003
896.0000	416.0000	  6.0408	 -0.4408	  1.0000	  1.0004
928.0000	416.0000	  4.7563	 -0.3125	  1.0000	  1.0005
960.0000	416.0000	  3.3824	 -0.1881	  1.0000	  1.0004
992.0000	416.0000	  2.2534	 -0.0880	  1.0000	  1.0004
1024.0000	416.0000	  1.6108	 -0.0300	  1.0000	  1.0006
 32.0000	448.0000	 -0.0370	 -0.2038	  0.0000	  1.0042
 64.0000	448.0000	 -0.2775	 -0.0793	  0.0000	  1.0381
 96.0000	448.0000	 -0.5003	  0.0166	  0.0000	  1.0354
128.0000	448.0000	 -0.6175	  0.0673	  0.0000	  1.0290
160.0000	448.0000	 -0.6221	  0.0945	  0.0000	  1.0356
192.0000	448.0000	 -0.5867	  0.0849	  1.0000	  1.0027
224.0000	448.0000	 -0.5568	  0.0529	  1.0000	  1.0028
256.0000	448.0000	 -0.5992	  0.0408	  1.0000	  1.0035
288.0000	448.0000	 -0.6173	  0.1836	  1.0000	  1.0005
320.0000	448.0000	 -0.4847	  0.7042	  1.0000	  1.0008
352.0000	448.0000	 -0.1504	  1.7864	  1.0000	  1.0002
384.0000	448.0000	  0.3781	  3.4137	  1.0000	  0.0000
416.0000	448.0000	  1.0285	  5.4128	  1.0000	  1.0006
448.0000	448.0000	  1.6894	  7.4743	  1.0000	  1.0025
480.0000	448.0000	  2.2650	  9.3535	  1.0000	  1.0046
512.0000	448.0000	  2.6772	 10.8228	  1.0000	  1.0026
544.0000	448.0000	  2.8413	 11.5322	  1.0000	  1.0013
576.0000	448.0000	  2.8028	 11.2468	  1.0000	  1.0002
608.0000	448.0000	  2.7960	  9.8893	  1.0000	  1.0005
640.0000	448.0000	  3.2583	  7.7591	  1.0000	  1.0018
672.0000	448.0000	  4.2293	  5.2339	  1.0000	  0.0000
704.0000	448.0000	  5.6413	  2.6325	  1.0000	  1.0016
736.0000	448.0000	  7.2752	  0.4716	  1.0000	  1.0004
768.0000	448.0000	  8.6845	 -0.6495	  1.0000	  1.0014
800.0000	448.0000	  9.3684	 -0.9758	  1.0000	  0.0000
832.0000	448.0000	  9.2960	 -0.9283	  1.0000	  1.0010
864.0000	448.0000	  8.6320	 -0.7720	  1.0000	  1.0003
896.0000	448.0000	  7.6080	 -0.6154	  1.0000	  1.0006
928.0000	448.0000	  6.2564	 -0.4650	  1.0000	  1.0000
960.0000	448.0000	  4.8040	 -0.3244	  1.0000	  0.0000
992.0000	448.0000	  3.6299	 -0.2157	  1.0000	  1.0003
1024.0000	448.0000	  2.9317	 -0.1512	  1.0000	  1.0013
 32.0000	480.0000	  0.0125	  0.0052	  0.0000	  1.0165
 64.0000	480.0000	 -0.2562	  0.0592	  0.0000	  1.0454
 96.0000	480.0000	 -0.5243	  0.1017	  0.0000	  1.0161
128.0000	480.0000	 -0.6787	  0.1347	  0.0000	  1.0220
160.0000	480.0000	 -0.6697	  0.1409	  0.0000	  1.0227
192.0000	480.0000	 -0.5592	  0.1061	  1.0000	  1.0023
224.0000	480.0000	 -0.4635	  0.0423	  0.0000	  1.0300
256.0000	480.0000	 -0.5007	 -0.0093	  0.0000	  1.0351
288.0000	480.0000	 -0.5374	  0.1471	  0.0000	  1.0363
320.0000	480.0000	 -0.3506	  0.8232	  1.0000	  1.0002
352.0000	480.0000	  0.1085	  2.3318	  1.0000	  1.0001
384.0000	480.0000	  0.8088	  4.5673	  1.0000	  0.0000
416.0000	480.0000	  1.6526	  7.2508	  1.0000	  1.0011
448.0000	480.0000	  2.4869	  9.9273	  1.0000	  1.0011
480.0000	480.0000	  3.2437	 12.4257	  1.0000	  1.0045
512.0000	480.0000	  3.8436	 14.5050	  1.0000	  1.0058
544.0000	480.0000	  4.1338	 15.5649	  1.0000	  0.0000
576.0000	480.0000	  4.1683	 15.3194	  1.0000	  1.0005
608.0000	480.0000	  4.2197	 13.6582	  1.0000	  1.0000
640.0000	480.0000	  4.7546	 10.8632	  1.0000	  0.0000
672.0000	480.0000	  5.7766	  7.5351	  1.0000	  1.0000
704.0000	480.0000	  7.2498	  3.9484	  1.0000	  1.0016
736.0000	480.0000	  8.8815	  0.8728	  1.0000	  1.0036
768.0000	480.0000	 10.1874	 -0.7074	  1.0000	  1.0024
800.0000	480.0000	 10.7317	 -1.1715	  1.0000	  1.0005
832.0000	480.0000	 10.6020	 -1.1281	  1.0000	  1.0001
864.0000	480.0000	  9.9755	 -0.9480	  1.0000	  1.0008
896.0000	480.0000	  8.9951	 -0.7706	  1.0000	  1.0001
928.0000	480.0000	  7.7120	 -0.6123	  1.0000	  0.0000
960.0000	480.0000	  6.3062	 -0.4694	  1.0000	  1.0001
992.0000	480.0000	  5.1584	 -0.3607	  1.0000	  1.0020
1024.0000	480.0000	  4.4570	 -0.2953	  1.0000	  1.0001
 32.0000	512.0000	  0.0458	  0.1179	  0.0000	  1.0255
 64.0000	512.0000	 -0.1922	  0.1359	  0.0000	  1.0353
 96.0000	512.0000	 -0.4765	  0.1122	  0.0000	  1.0335
128.0000	512.0000	 -0.6612	  0.0989	  0.0000	  1.0204
160.0000	512.0000	 -0.6577	  0.0901	  0.0000	  1.0282
192.0000	512.0000	 -0.5084	  0.0607	  0.0000	  1.0261
224.0000	512.0000	 -0.3372	 -0.0525	  0.0000	  1.0314
256.0000	512.0000	 -0.3278	 -0.1637	  0.0000	  1.0307
288.0000	512.0000	 -0.3807	 -0.0047	  0.0000	  1.0318
320.0000	512.0000	 -0.2082	  0.8350	  0.0000	  1.0337
352.0000	512.0000	  0.3573	  2.8012	  1.0000	  1.0020
384.0000	512.0000	  1.2157	  5.6302	  1.0000	  0.0000
416.0000	512.0000	  2.2451	  8.9782	  1.0000	  1.0000
448.0000	512.0000	  3.2555	 12.2763	  1.0000	  1.0007
480.0000	512.0000	  4.1570	 15.2803	  1.0000	  1.0001
512.0000	512.0000	  4.8638	 17.7292	  1.0000	  1.0004
544.0000	512.0000	  5.2470	 19.0849	  1.0000	  1.0004
576.0000	512.0000	  5.3439	 18.9708	  1.0000	  1.0002
608.0000	512.0000	  5.4363	 17.2258	  1.0000	  1.0012
640.0000	512.0000	  5.9734	 14.0109	  1.0000	  1.0003
672.0000	512.0000	  6.9730	 10.0904	  1.0000	  1.0008
704.0000	512.0000	  8.4255	  5.4685	  1.0000	  1.0006
736.0000	512.0000	  9.9635	  1.4066	  1.0000	  1.0004
768.0000	512.0000	 11.0918	 -0.6712	  1.0000	  1.0006
800.0000	512.0000	 11.5157	 -1.2952	  1.0000	  1.0001
832.0000	512.0000	 11.3854	 -1.2692	  1.0000	  0.0000
864.0000	512.0000	 10.8679	 -1.0752	  1.0000	  1.0029
896.0000	512.0000	 10.0461	 -0.8900	  1.0000	  1.0001
928.0000	512.0000	  8.9493	 -0.7368	  1.0000	  1.0012
960.0000	512.0000	  7.7019	 -0.6038	  1.0000	  1.0004
992.0000	512.0000	  6.6528	 -0.5030	  1.0000	  1.0008
1024.0000	512.0000	  5.9947	 -0.4415	  1.0000	  1.0024
 32.0000	544.0000	  0.0442	  0.0487	  0.0000	  1.0398
 64.0000	544.0000	 -0.1320	  0.0567	  0.0000	  1.0414
 96.0000	544.0000	 -0.3932	  0.0526	  1.0000	  1.0001
128.0000	544.0000	 -0.5819	  0.0306	  0.0000	  1.0256
160.0000	544.0000	 -0.5950	  0.0110	  0.0000	  1.0302
192.0000	544.0000	 -0.4411	 -0.0303	  0.0000	  1.0258
224.0000	544.0000	 -0.2475	 -0.1755	  0.0000	  1.0376
256.0000	544.0000	 -0.1942	 -0.2760	  0.0000	  1.0386
288.0000	544.0000	 -0.2317	 -0.0508	  0.0000	  1.0388
320.0000	544.0000	 -0.0328	  0.9561	  0.0000	  1.0316
352.0000	544.0000	  0.5909	  3.2317	  1.0000	  1.0032
384.0000	544.0000	  1.5617	  6.5147	  1.0000	  1.0027
416.0000	544.0000	  2.7486	 10.4357	  1.0000	  1.0003
448.0000	544.0000	  3.9349	 14.3487	  1.0000	  1.0001
480.0000	544.0000	  4.9359	 17.7127	  1.0000	  1.0003
512.0000	544.0000	  5.6391	 20.1900	  1.0000	  1.0000
544.0000	544.0000	  6.0740	 21.7542	  1.0000	  1.0005
576.0000	544.0000	  6.2151	 21.8319	  1.0000	  0.0000
608.0000	544.0000	  6.3390	 20.2228	  1.0000	  1.0002
640.0000	544.0000	  6.8441	 16.8533	  1.0000	  1.0005
672.0000	544.0000	  7.8036	 12.5187	  1.0000	  1.0033
704.0000	544.0000	  9.1876	  7.0149	  1.0000	  1.0016
736.0000	544.0000	 10.5968	  1.9973	  1.0000	  1.0041
768.0000	544.0000	 11.5246	 -0.5682	  1.0000	  1.0000
800.0000	544.0000	 11.8441	 -1.3558	  1.0000	  1.0018
832.0000	544.0000	 11.7411	 -1.3557	  1.0000	  0.0000
864.0000	544.0000	 11.3624	 -1.1560	  1.0000	  1.0001
896.0000	544.0000	 10.7506	 -0.9719	  1.0000	  1.0029
928.0000	544.0000	  9.8965	 -0.8316	  1.0000	  0.0000
960.0000	544.0000	  8.8610	 -0.7151	  1.0000	  0.0000
992.0000	544.0000	  7.9356	 -0.6252	  1.0000	  1.0001
1024.0000	544.0000	  7.3389	 -0.5696	  1.0000	  0.0000
 32.0000	576.0000	 -0.0459	  0.0101	  1.0000	  1.0021
 64.0000	576.0000	 -0.1682	  0.0122	  1.0000	  0.0000
 96.0000	576.0000	 -0.3442	  0.0104	  1.0000	  1.0005
128.0000	576.0000	 -0.4761	 -0.0028	  1.0000	  1.0000
160.0000	576.0000	 -0.4878	 -0.0336	  1.0000	  1.0024
192.0000	576.0000	 -0.3877	 -0.1041	  1.0000	  0.0000
224.0000	576.0000	 -0.2647	 -0.2364	  1.0000	  1.0007
256.0000	576.0000	 -0.2088	 -0.3031	  1.0000	  0.0000
288.0000	576.0000	 -0.1616	 -0.0001	  1.0000	  1.0018
320.0000	576.0000	  0.1109	  1.1748	  1.0000	  1.0006
352.0000	576.0000	  0.7681	  3.5841	  1.0000	  1.0009
384.0000	576.0000	  1.8008	  7.1200	  1.0000	  1.0006
416.0000	576.0000	  3.0826	 11.3934	  1.0000	  1.0002
448.0000	576.0000	  4.3752	 15.6859	  1.0000	  1.0004
480.0000	576.0000	  5.4509	 19.3218	  1.0000	  1.0000
512.0000	576.0000	  6.1914	 21.9586	  1.0000	  1.0024
544.0000	576.0000	  6.6035	 23.5217	  1.0000	  1.0010
576.0000	576.0000	  6.7464	 23.7423	  1.0000	  1.0007
608.0000	576.0000	  6.8848	 22.4032	  1.0000	  1.0022
640.0000	576.0000	  7.3556	 19.1210	  1.0000	  1.0005
672.0000	576.0000	  8.3154	 14.4576	  1.0000	  1.0011
704.0000	576.0000	  9.6613	  8.2610	  1.0000	  1.0018
736.0000	576.0000	 10.9698	  2.4877	  1.0000	  0.0000
768.0000	576.0000	 11.7191	 -0.4622	  1.0000	  1.0003
800.0000	576.0000	 11.9615	 -1.3827	  1.0000	  1.0009
832.0000	576.0000	 11.9012	 -1.4080	  1.0000	  1.0003
864.0000	576.0000	 11.6674	 -1.2093	  1.0000	  1.0026
896.0000	576.0000	 11.2755	 -1.0326	  1.0000	  1.0000
928.0000	576.0000	 10.6760	 -0.9094	  1.0000	  1.0006
960.0000	576.0000	  9.8542	 -0.8108	  1.0000	  1.0005
992.0000	576.0000	  9.0110	 -0.7282	  1.0000	  1.0001
1024.0000	576.0000	  8.4599	 -0.6768	  1.0000	  1.0012
 32.0000	608.0000	 -0.0987	 -0.0200	  1.0000	  1.0154
 64.0000	608.0000	 -0.1915	 -0.0181	  1.0000	  1.0008
 96.0000	608.0000	 -0.3199	 -0.0172	  1.0000	  1.0227
128.0000	608.0000	 -0.4171	 -0.0249	  1.0000	  1.0204
160.0000	608.0000	 -0.4280	 -0.0592	  1.0000	  1.0211
192.0000	608.0000	 -0.3605	 -0.1397	  1.0000	  1.0004
224.0000	608.0000	 -0.2778	 -0.2621	  1.0000	  0.0000
256.0000	608.0000	 -0.2234	 -0.3060	  1.0000	  0.0000
288.0000	608.0000	 -0.1336	  0.0420	  1.0000	  1.0001
320.0000	608.0000	  0.1812	  1.2962	  1.0000	  1.0009
352.0000	608.0000	  0.8603	  3.7713	  1.0000	  1.0008
384.0000	608.0000	  1.9203	  7.4157	  1.0000	  1.0004
416.0000	608.0000	  3.2403	 11.8380	  1.0000	  1.0001
448.0000	608.0000	  4.5746	 16.2862	  1.0000	  0.0000
480.0000	608.0000	  5.6798	 20.0369	  1.0000	  1.0002
512.0000	608.0000	  6.4316	 22.7390	  1.0000	  1.0017
544.0000	608.0000	  6.8253	 24.3074	  1.0000	  1.0019
576.0000	608.0000	  6.9562	 24.6416	  1.0000	  1.0008
608.0000	608.0000	  7.0852	 23.5918	  1.0000	  1.0015
640.0000	608.0000	  7.5245	 20.6757	  1.0000	  1.0012
672.0000	608.0000	  8.4928	 15.6218	  1.0000	  1.0021
704.0000	608.0000	  9.8296	  8.9734	  1.0000	  1.0014
736.0000	608.0000	 11.1021	  2.7732	  1.0000	  1.0005
768.0000	608.0000	 11.7815	 -0.3954	  1.0000	  1.0000
800.0000	608.0000	 11.9979	 -1.3926	  1.0000	  1.0001
832.0000	608.0000	 11.9785	 -1.4347	  1.0000	  1.0005
864.0000	608.0000	 11.8505	 -1.2397	  1.0000	  1.0016
896.0000	608.0000	 11.6185	 -1.0715	  1.0000	  1.0002
928.0000	608.0000	 11.2046	 -0.9625	  1.0000	  1.0000
960.0000	608.0000	 10.5224	 -0.8763	  1.0000	  1.0011
992.0000	608.0000	  9.6319	 -0.7886	  1.0000	  1.0009
1024.0000	608.0000	  9.0744	 -0.7366	  1.0000	  1.0003
