 32.0000	 32.0000	 -2.6368	 -0.1290	  1.0000	  1.0034
 64.0000	 32.0000	 -2.6152	 -0.0752	  1.0000	  1.0007
 96.0000	 32.0000	 -2.6100	  0.0290	  1.0000	  1.0044
128.0000	 32.0000	 -2.6463	  0.1742	  1.0000	  0.0000
160.0000	 32.0000	 -2.7546	  0.3367	  0.0000	  1.0236
192.0000	 32.0000	 -2.9242	  0.4067	  0.0000	  1.0429
224.0000	 32.0000	 -2.8552	  0.4144	  0.0000	  1.0720
256.0000	 32.0000	 -2.6247	  0.3289	  1.0000	  1.0051
288.0000	 32.0000	 -2.3764	  0.2087	  1.0000	  1.0085
320.0000	 32.0000	 -2.2026	  0.0931	  1.0000	  1.0007
352.0000	 32.0000	 -2.1498	  0.0005	  1.0000	  1.0136
384.0000	 32.0000	 -2.2043	 -0.0749	  0.0000	  1.0388
416.0000	 32.0000	 -2.3620	 -0.1316	  0.0000	  1.0416
448.0000	 32.0000	 -2.6322	 -0.1721	  1.0000	  0.0000
480.0000	 32.0000	 -2.9481	 -0.2165	  1.0000	  1.0027
512.0000	 32.0000	 -3.2254	 -0.2646	  1.0000	  1.0001
544.0000	 32.0000	 -3.3615	 -0.2827	  1.0000	  1.0030
576.0000	 32.0000	 -3.3424	 -0.2706	  1.0000	  1.0003
608.0000	 32.0000	 -3.2058	 -0.2286	  1.0000	  1.0001
640.0000	 32.0000	 -3.0181	 -0.1586	  1.0000	  1.0046
672.0000	 32.0000	 -2.8856	 -0.0753	  1.0000	  1.0009
704.0000	 32.0000	 -2.8591	  0.0015	  1.0000	  1.0188
736.0000	 32.0000	 -2.8868	  0.0472	  1.0000	  1.0020
768.0000	 32.0000	 -2.9052	  0.0549	  1.0000	  1.0019
800.0000	 32.0000	 -2.8715	  0.0323	  1.0000	  1.0141
832.0000	 32.0000	 -2.7573	  0.0173	  0.0000	  1.0867
864.0000	 32.0000	 -2.6691	  0.0110	  0.0000	  1.1042
896.0000	 32.0000	 -2.6861	  0.0234	  0.0000	  1.0740
928.0000	 32.0000	 -2.7953	  0.0511	  0.0000	  1.0752
960.0000	 32.0000	 -2.9401	  0.0561	  0.0000	  1.0782
992.0000	 32.0000	 -3.0047	  0.0310	  0.0000	  1.0667
1024.0000	 32.0000	 -2.9697	  0.0280	  0.0000	  1.0429
 32.0000	 64.0000	 -2.8136	 -0.1449	  1.0000	  1.0011
 64.0000	 64.0000	 -2.7518	 -0.0910	  1.0000	  1.0045
 96.0000	 64.0000	 -2.7101	  0.0090	  1.0000	  1.0274
128.0000	 64.0000	 -2.7111	  0.1357	  1.0000	  1.0016
160.0000	 64.0000	 -2.7974	  0.2855	  0.0000	  1.0373
192.0000	 64.0000	 -2.9005	  0.3854	  0.0000	  1.0676
224.0000	 64.0000	 -2.8191	  0.4061	  0.0000	  1.0845
256.0000	 64.0000	 -2.5932	  0.3090	  1.0000	  1.0004
288.0000	 64.0000	 -2.3692	  0.1877	  1.0000	  1.0039
320.0000	 64.0000	 -2.2052	  0.0812	  1.0000	  1.0025
352.0000	 64.0000	 -2.1400	  0.0015	  1.0000	  0.0000
384.0000	 64.0000	 -2.1757	 -0.0601	  0.0000	  1.0590
416.0000	 64.0000	 -2.3541	 -0.1044	  0.0000	  1.0475
448.0000	 64.0000	 -2.6264	 -0.1396	  1.0000	  1.0009
480.0000	 64.0000	 -2.9307	 -0.1740	  1.0000	  1.0048
512.0000	 64.0000	 -3.1837	 -0.2092	  1.0000	  1.0004
544.0000	 64.0000	 -3.2990	 -0.2175	  1.0000	  0.0000
576.0000	 64.0000	 -3.2676	 -0.2059	  1.0000	  1.0047
608.0000	 64.0000	 -3.1277	 -0.1693	  1.0000	  1.0601
640.0000	 64.0000	 -2.9365	 -0.1074	  0.0000	  1.0517
672.0000	 64.0000	 -2.8369	 -0.0351	  0.0000	  1.0716
704.0000	 64.0000	 -2.8403	  0.0585	  1.0000	  1.0147
736.0000	 64.0000	 -2.8788	  0.1196	  1.0000	  1.0010
768.0000	 64.0000	 -2.9154	  0.1225	  1.0000	  0.0000
800.0000	 64.0000	 -2.9145	  0.0714	  0.0000	  1.0247
832.0000	 64.0000	 -2.7866	  0.0316	  0.0000	  1.1028
864.0000	 64.0000	 -2.6790	  0.0048	  0.0000	  1.1058
896.0000	 64.0000	 -2.6819	 -0.0020	  0.0000	  1.0390
928.0000	 64.0000	 -2.7889	  0.0231	  0.0000	  1.0548
960.0000	 64.0000	 -2.8701	  0.0352	  0.0000	  1.0643
992.0000	 64.0000	 -2.9023	  0.0116	  0.0000	  1.0759
1024.0000	 64.0000	 -2.9069	 -0.0202	  0.0000	  1.0536
 32.0000	 96.0000	 -3.0728	 -0.1772	  0.0000	  1.0392
 64.0000	 96.0000	 -2.9411	 -0.1210	  0.0000	  1.0315
 96.0000	 96.0000	 -2.8377	 -0.0239	  0.0000	  1.2442
128.0000	 96.0000	 -2.7910	  0.0645	  0.0000	  1.1334
160.0000	 96.0000	 -2.8356	  0.1570	  0.0000	  1.2423
192.0000	 96.0000	 -2.8867	  0.2417	  0.0000	  1.0879
224.0000	 96.0000	 -2.7960	  0.2807	  0.0000	  1.0857
256.0000	 96.0000	 -2.5727	  0.2372	  0.0000	  1.0446
288.0000	 96.0000	 -2.3838	  0.1410	  0.0000	  1.0505
320.0000	 96.0000	 -2.2532	  0.0603	  0.0000	  1.0561
352.0000	 96.0000	 -2.1844	  0.0022	  1.0000	  0.0000
384.0000	 96.0000	 -2.2039	 -0.0435	  0.0000	  1.0106
416.0000	 96.0000	 -2.4042	 -0.0706	  1.0000	  1.0012
448.0000	 96.0000	 -2.6629	 -0.0943	  1.0000	  1.0118
480.0000	 96.0000	 -2.9299	 -0.1150	  1.0000	  1.0012
512.0000	 96.0000	 -3.1356	 -0.1305	  1.0000	  1.0044
544.0000	 96.0000	 -3.2154	 -0.1198	  1.0000	  1.0121
576.0000	 96.0000	 -3.1707	 -0.1139	  1.0000	  1.0203
608.0000	 96.0000	 -3.0567	 -0.0899	  0.0000	  1.0810
640.0000	 96.0000	 -2.9363	 -0.0538	  0.0000	  1.1033
672.0000	 96.0000	 -2.8661	  0.0196	  0.0000	  1.0971
704.0000	 96.0000	 -2.8416	  0.1621	  1.0000	  1.0124
736.0000	 96.0000	 -2.8560	  0.2660	  1.0000	  0.0000
768.0000	 96.0000	 -2.8945	  0.2725	  1.0000	  1.0033
800.0000	 96.0000	 -2.9246	  0.1823	  0.0000	  1.0868
832.0000	 96.0000	 -2.8184	  0.1088	  0.0000	  1.0843
864.0000	 96.0000	 -2.7052	  0.0580	  0.0000	  1.0663
896.0000	 96.0000	 -2.7103	  0.0208	  0.0000	  1.0257
928.0000	 96.0000	 -2.7713	  0.0319	  0.0000	  1.0255
960.0000	 96.0000	 -2.7047	  0.0538	  0.0000	  1.0958
992.0000	 96.0000	 -2.7163	  0.0203	  0.0000	  1.0772
1024.0000	 96.0000	 -2.7866	 -0.0456	  0.0000	  1.0665
 32.0000	128.0000	 -3.1052	 -0.1868	  0.0000	  1.0435
 64.0000	128.0000	 -3.0179	 -0.1322	  0.0000	  1.0558
 96.0000	128.0000	 -2.9410	 -0.0462	  0.0000	  1.2626
128.0000	128.0000	 -2.8943	  0.0195	  0.0000	  1.1251
160.0000	128.0000	 -2.8984	  0.0630	  0.0000	  1.2294
192.0000	128.0000	 -2.9061	  0.0906	  0.0000	  1.0888
224.0000	128.0000	 -2.8138	  0.1098	  0.0000	  1.0844
256.0000	128.0000	 -2.6016	  0.0939	  0.0000	  1.0593
288.0000	128.0000	 -2.4097	  0.0605	  0.0000	  1.0349
320.0000	128.0000	 -2.3257	  0.0329	  1.0000	  1.0302
352.0000	128.0000	 -2.3095	  0.0054	  1.0000	  1.0040
384.0000	128.0000	 -2.3809	 -0.0184	  1.0000	  1.0095
416.0000	128.0000	 -2.5548	 -0.0335	  1.0000	  1.0017
448.0000	128.0000	 -2.7660	 -0.0468	  1.0000	  1.0013
480.0000	128.0000	 -2.9654	 -0.0553	  1.0000	  1.0005
512.0000	128.0000	 -3.0984	 -0.0521	  1.0000	  1.0025
544.0000	128.0000	 -3.1349	 -0.0164	  0.0000	  1.0784
576.0000	128.0000	 -3.0936	 -0.0331	  0.0000	  1.1087
608.0000	128.0000	 -3.0190	 -0.0144	  0.0000	  1.0946
640.0000	128.0000	 -2.9508	  0.0299	  0.0000	  1.1171
672.0000	128.0000	 -2.8916	  0.1272	  0.0000	  1.1411
704.0000	128.0000	 -2.8302	  0.3161	  1.0000	  1.0002
736.0000	128.0000	 -2.8021	  0.4785	  1.0000	  1.0013
768.0000	128.0000	 -2.8230	  0.5026	  1.0000	  0.0000
800.0000	128.0000	 -2.8700	  0.3847	  0.0000	  1.1070
832.0000	128.0000	 -2.8233	  0.2847	  0.0000	  1.0847
864.0000	128.0000	 -2.7344	  0.2225	  1.0000	  1.0084
896.0000	128.0000	 -2.7045	  0.1368	  1.0000	  1.0045
928.0000	128.0000	 -2.6770	  0.1055	  1.0000	  0.0000
960.0000	128.0000	 -2.5774	  0.1149	  0.0000	  1.0793
992.0000	128.0000	 -2.5960	  0.0736	  0.0000	  1.0543
1024.0000	128.0000	 -2.6857	  0.0080	  0.0000	  1.0635
 32.0000	160.0000	 -3.0897	 -0.2487	  0.0000	  1.0445
 64.0000	160.0000	 -3.0823	 -0.1690	  1.0000	  1.0293
 96.0000	160.0000	 -3.0480	 -0.0770	  1.0000	  1.0067
128.0000	160.0000	 -3.0222	 -0.0043	  0.0000	  1.0165
160.0000	160.0000	 -2.9890	  0.0265	  0.0000	  1.0472
192.0000	160.0000	 -2.9678	  0.0187	  0.0000	  1.0629
224.0000	160.0000	 -2.8900	  0.0349	  0.0000	  1.0789
256.0000	160.0000	 -2.7256	  0.0491	  0.0000	  1.0710
288.0000	160.0000	 -2.5544	  0.0400	  1.0000	  1.0033
320.0000	160.0000	 -2.4660	  0.0252	  1.0000	  0.0000
352.0000	160.0000	 -2.4734	  0.0092	  1.0000	  1.0005
384.0000	160.0000	 -2.5740	 -0.0042	  1.0000	  1.0048
416.0000	160.0000	 -2.7474	 -0.0095	  1.0000	  1.0081
448.0000	160.0000	 -2.9145	 -0.0154	  1.0000	  1.0071
480.0000	160.0000	 -3.0262	 -0.0189	  1.0000	  1.0061
512.0000	160.0000	 -3.0610	 -0.0189	  1.0000	  1.0137
544.0000	160.0000	 -3.0587	 -0.0105	  0.0000	  1.1077
576.0000	160.0000	 -3.0407	 -0.0048	  0.0000	  1.1225
608.0000	160.0000	 -2.9949	  0.0442	  0.0000	  1.1201
640.0000	160.0000	 -2.9515	  0.1154	  0.0000	  1.1158
672.0000	160.0000	 -2.8905	  0.2444	  0.0000	  1.1258
704.0000	160.0000	 -2.7986	  0.4539	  1.0000	  1.0005
736.0000	160.0000	 -2.7363	  0.6493	  1.0000	  0.0000
768.0000	160.0000	 -2.7310	  0.6992	  1.0000	  1.0000
800.0000	160.0000	 -2.7598	  0.6049	  1.0000	  1.0041
832.0000	160.0000	 -2.7588	  0.4747	  1.0000	  0.0000
864.0000	160.0000	 -2.7396	  0.3394	  1.0000	  0.0000
896.0000	160.0000	 -2.7297	  0.1945	  1.0000	  1.0113
928.0000	160.0000	 -2.7030	  0.1182	  1.0000	  1.0017
960.0000	160.0000	 -2.6520	  0.0916	  1.0000	  1.0046
992.0000	160.0000	 -2.6505	  0.0659	  1.0000	  1.0050
1024.0000	160.0000	 -2.6805	  0.0365	  1.0000	  1.0073
 32.0000	192.0000	 -3.1638	 -0.3335	  0.0000	  1.0231
 64.0000	192.0000	 -3.1683	 -0.2054	  0.0000	  1.1199
 96.0000	192.0000	 -3.1236	 -0.1086	  0.0000	  1.1136
128.0000	192.0000	 -3.0563	 -0.0509	  0.0000	  1.0790
160.0000	192.0000	 -3.0461	 -0.0257	  0.0000	  1.0587
192.0000	192.0000	 -3.0319	 -0.0160	  1.0000	  1.0148
224.0000	192.0000	 -2.9582	  0.0166	  0.0000	  1.1006
256.0000	192.0000	 -2.8228	  0.0429	  0.0000	  1.0949
288.0000	192.0000	 -2.6747	  0.0411	  0.0000	  1.0999
320.0000	192.0000	 -2.5996	  0.0257	  0.0000	  1.1362
352.0000	192.0000	 -2.6259	  0.0085	  1.0000	  1.0026
384.0000	192.0000	 -2.7403	 -0.0080	  1.0000	  1.0062
416.0000	192.0000	 -2.9233	 -0.0054	  0.0000	  1.0267
448.0000	192.0000	 -3.0563	 -0.0020	  0.0000	  1.0496
480.0000	192.0000	 -3.0756	  0.0064	  0.0000	  1.0242
512.0000	192.0000	 -2.9876	  0.0163	  0.0000	  1.0364
544.0000	192.0000	 -2.9496	  0.0116	  0.0000	  1.0937
576.0000	192.0000	 -2.9425	  0.0500	  0.0000	  1.1273
608.0000	192.0000	 -2.9165	  0.1088	  0.0000	  1.1491
640.0000	192.0000	 -2.8866	  0.1707	  0.0000	  1.1062
672.0000	192.0000	 -2.8315	  0.3175	  0.0000	  1.0464
704.0000	192.0000	 -2.7431	  0.5176	  1.0000	  1.0103
736.0000	192.0000	 -2.6828	  0.7065	  1.0000	  1.0024
768.0000	192.0000	 -2.6809	  0.7405	  1.0000	  1.0009
800.0000	192.0000	 -2.7224	  0.6164	  1.0000	  1.0062
832.0000	192.0000	 -2.7558	  0.4522	  1.0000	  1.0039
864.0000	192.0000	 -2.7852	  0.2780	  1.0000	  0.0000
896.0000	192.0000	 -2.8053	  0.1244	  1.0000	  1.0041
928.0000	192.0000	 -2.7997	  0.0555	  1.0000	  1.0119
960.0000	192.0000	 -2.7726	  0.0392	  1.0000	  1.0029
992.0000	192.0000	 -2.7566	  0.0426	  1.0000	  1.0214
1024.0000	192.0000	 -2.7554	  0.0410	  1.0000	  1.0039
 32.0000	224.0000	 -3.2433	 -0.2223	  1.0000	  1.0021
 64.0000	224.0000	 -3.2133	 -0.1537	  0.0000	  1.1414
 96.0000	224.0000	 -3.1396	 -0.1145	  0.0000	  1.1386
128.0000	224.0000	 -3.0652	 -0.1067	  0.0000	  1.1069
160.0000	224.0000	 -3.0724	 -0.0941	  0.0000	  1.0918
192.0000	224.0000	 -3.0827	 -0.0533	  0.0000	  1.0571
224.0000	224.0000	 -3.0011	  0.0085	  0.0000	  1.1106
256.0000	224.0000	 -2.8714	  0.0479	  0.0000	  1.1121
288.0000	224.0000	 -2.7350	  0.0513	  0.0000	  1.0890
320.0000	224.0000	 -2.6681	  0.0336	  0.0000	  1.1118
352.0000	224.0000	 -2.7151	  0.0075	  0.0000	  1.0831
384.0000	224.0000	 -2.7988	 -0.0282	  0.0000	  1.1023
416.0000	224.0000	 -2.9097	 -0.0287	  0.0000	  1.0833
448.0000	224.0000	 -2.9896	  0.0020	  0.0000	  1.0815
480.0000	224.0000	 -2.9980	  0.0512	  0.0000	  1.0173
512.0000	224.0000	 -2.8813	  0.0898	  0.0000	  1.0315
544.0000	224.0000	 -2.8122	  0.1113	  0.0000	  1.0392
576.0000	224.0000	 -2.7848	  0.1738	  0.0000	  1.0098
608.0000	224.0000	 -2.7644	  0.2084	  0.0000	  1.0128
640.0000	224.0000	 -2.7272	  0.1975	  0.0000	  1.0690
672.0000	224.0000	 -2.6811	  0.2986	  0.0000	  1.0398
704.0000	224.0000	 -2.6662	  0.4708	  1.0000	  1.0003
736.0000	224.0000	 -2.6531	  0.6209	  1.0000	  1.0032
768.0000	224.0000	 -2.6824	  0.6100	  1.0000	  1.0038
800.0000	224.0000	 -2.7529	  0.4364	  1.0000	  1.0044
832.0000	224.0000	 -2.8281	  0.1925	  1.0000	  1.0039
864.0000	224.0000	 -2.8928	  0.0089	  1.0000	  1.0039
896.0000	224.0000	 -2.9228	 -0.0755	  1.0000	  0.0000
928.0000	224.0000	 -2.9263	 -0.0728	  0.0000	  1.0173
960.0000	224.0000	 -2.9011	 -0.0363	  0.0000	  1.0450
992.0000	224.0000	 -2.8720	  0.0152	  1.0000	  1.0208
1024.0000	224.0000	 -2.8557	  0.0350	  1.0000	  1.0015
 32.0000	256.0000	 -3.3103	 -0.1177	  1.0000	  1.0005
 64.0000	256.0000	 -3.2366	 -0.0966	  0.0000	  1.1217
 96.0000	256.0000	 -3.1193	 -0.1119	  0.0000	  1.1263
128.0000	256.0000	 -3.0223	 -0.1504	  0.0000	  1.0667
160.0000	256.0000	 -3.0354	 -0.1439	  0.0000	  1.0827
192.0000	256.0000	 -3.0535	 -0.0688	  0.0000	  1.1120
224.0000	256.0000	 -2.9921	  0.0160	  0.0000	  1.1033
256.0000	256.0000	 -2.8832	  0.0646	  0.0000	  1.0877
288.0000	256.0000	 -2.7618	  0.0772	  0.0000	  1.0823
320.0000	256.0000	 -2.6803	  0.0680	  0.0000	  1.0719
352.0000	256.0000	 -2.7061	  0.0271	  0.0000	  1.0910
384.0000	256.0000	 -2.7412	 -0.0061	  0.0000	  1.1105
416.0000	256.0000	 -2.7698	  0.0178	  0.0000	  1.1039
448.0000	256.0000	 -2.8016	  0.0993	  0.0000	  1.1089
480.0000	256.0000	 -2.8224	  0.2146	  1.0000	  1.0038
512.0000	256.0000	 -2.7698	  0.2719	  1.0000	  1.0002
544.0000	256.0000	 -2.7186	  0.2756	  1.0000	  1.0072
576.0000	256.0000	 -2.6924	  0.2792	  1.0000	  1.0119
608.0000	256.0000	 -2.6738	  0.2625	  1.0000	  1.0255
640.0000	256.0000	 -2.6471	  0.2308	  0.0000	  1.0436
672.0000	256.0000	 -2.6301	  0.2761	  1.0000	  1.0001
704.0000	256.0000	 -2.6331	  0.3559	  1.0000	  1.0007
736.0000	256.0000	 -2.6521	  0.4131	  1.0000	  1.0296
768.0000	256.0000	 -2.7190	  0.3271	  1.0000	  1.0071
800.0000	256.0000	 -2.8307	  0.0817	  1.0000	  1.0309
832.0000	256.0000	 -2.9416	 -0.2535	  0.0000	  1.0343
864.0000	256.0000	 -3.0294	 -0.4063	  0.0000	  1.0165
896.0000	256.0000	 -3.0284	 -0.3320	  1.0000	  1.0087
928.0000	256.0000	 -3.0102	 -0.2134	  1.0000	  1.0327
960.0000	256.0000	 -2.9837	 -0.0991	  0.0000	  1.0525
992.0000	256.0000	 -2.9464	  0.0108	  0.0000	  1.0209
1024.0000	256.0000	 -2.9229	  0.0427	  1.0000	  1.0008
 32.0000	288.0000	 -3.3510	 -0.0432	  1.0000	  1.0018
 64.0000	288.0000	 -3.2514	 -0.0530	  1.0000	  1.0186
 96.0000	288.0000	 -3.0926	 -0.0930	  1.0000	  1.0043
128.0000	288.0000	 -2.9340	 -0.1515	  0.0000	  1.0168
160.0000	288.0000	 -2.9545	 -0.1623	  0.0000	  1.0293
192.0000	288.0000	 -2.9756	 -0.0659	  0.0000	  1.0988
224.0000	288.0000	 -2.9376	  0.0212	  0.0000	  1.1146
256.0000	288.0000	 -2.8626	  0.0627	  0.0000	  1.0980
288.0000	288.0000	 -2.7707	  0.0785	  0.0000	  1.0620
320.0000	288.0000	 -2.6824	  0.0913	  0.0000	  1.0449
352.0000	288.0000	 -2.6568	  0.0817	  0.0000	  1.0719
384.0000	288.0000	 -2.6550	  0.1414	  0.0000	  1.0766
416.0000	288.0000	 -2.6290	  0.2928	  0.0000	  1.0408
448.0000	288.0000	 -2.6590	  0.4787	  0.0000	  1.0392
480.0000	288.0000	 -2.7383	  0.6455	  1.0000	  1.0023
512.0000	288.0000	 -2.7434	  0.6914	  1.0000	  1.0027
544.0000	288.0000	 -2.7099	  0.6272	  1.0000	  1.0203
576.0000	288.0000	 -2.6924	  0.5714	  1.0000	  1.0072
608.0000	288.0000	 -2.6672	  0.4825	  1.0000	  1.0048
640.0000	288.0000	 -2.6316	  0.3770	  1.0000	  1.0055
672.0000	288.0000	 -2.5993	  0.2899	  1.0000	  0.0000
704.0000	288.0000	 -2.5900	  0.2213	  1.0000	  1.0007
736.0000	288.0000	 -2.6204	  0.1439	  1.0000	  0.0000
768.0000	288.0000	 -2.7128	 -0.0105	  1.0000	  1.0002
800.0000	288.0000	 -2.8605	 -0.2660	  0.0000	  1.0262
832.0000	288.0000	 -2.9768	 -0.5574	  0.0000	  1.0355
864.0000	288.0000	 -3.0729	 -0.6435	  0.0000	  1.0316
896.0000	288.0000	 -3.0532	 -0.4839	  1.0000	  1.0026
928.0000	288.0000	 -3.0229	 -0.2920	  1.0000	  1.0104
960.0000	288.0000	 -2.9898	 -0.1239	  1.0000	  1.0106
992.0000	288.0000	 -2.9592	 -0.0048	  1.0000	  1.0037
1024.0000	288.0000	 -2.9402	  0.0465	  1.0000	  1.0014
 32.0000	320.0000	 -3.3747	  0.0093	  1.0000	  1.0025
 64.0000	320.0000	 -3.2816	 -0.0040	  1.0000	  1.0041
 96.0000	320.0000	 -3.1250	 -0.0354	  1.0000	  1.0077
128.0000	320.0000	 -2.9418	 -0.0746	  0.0000	  1.0441
160.0000	320.0000	 -2.9137	 -0.1089	  0.0000	  1.0586
192.0000	320.0000	 -2.9213	 -0.0642	  0.0000	  1.0630
224.0000	320.0000	 -2.8950	 -0.0044	  0.0000	  1.1495
256.0000	320.0000	 -2.8387	  0.0215	  0.0000	  1.1417
288.0000	320.0000	 -2.7588	  0.0317	  0.0000	  1.0639
320.0000	320.0000	 -2.6681	  0.0753	  0.0000	  1.0487
352.0000	320.0000	 -2.6478	  0.2047	  0.0000	  1.1015
384.0000	320.0000	 -2.6656	  0.4844	  0.0000	  1.0694
416.0000	320.0000	 -2.7116	  0.8997	  1.0000	  1.0065
448.0000	320.0000	 -2.8000	  1.2914	  1.0000	  1.0014
480.0000	320.0000	 -2.8914	  1.5414	  1.0000	  1.0034
512.0000	320.0000	 -2.9129	  1.5751	  1.0000	  1.0487
544.0000	320.0000	 -2.8670	  1.3926	  0.0000	  1.0438
576.0000	320.0000	 -2.8456	  1.2629	  1.0000	  1.0074
608.0000	320.0000	 -2.7718	  1.0150	  1.0000	  1.0004
640.0000	320.0000	 -2.6639	  0.7161	  1.0000	  1.0006
672.0000	320.0000	 -2.5548	  0.4164	  1.0000	  1.0052
704.0000	320.0000	 -2.4832	  0.1566	  1.0000	  1.0143
736.0000	320.0000	 -2.4776	 -0.0576	  1.0000	  1.0001
768.0000	320.0000	 -2.5534	 -0.2515	  1.0000	  1.0065
800.0000	320.0000	 -2.6884	 -0.4506	  1.0000	  1.0052
832.0000	320.0000	 -2.8196	 -0.6159	  1.0000	  1.0024
864.0000	320.0000	 -2.9271	 -0.6393	  1.0000	  1.0029
896.0000	320.0000	 -2.9673	 -0.5023	  1.0000	  1.0087
928.0000	320.0000	 -2.9753	 -0.3053	  1.0000	  0.0000
960.0000	320.0000	 -2.9621	 -0.1177	  1.0000	  1.0657
992.0000	320.0000	 -2.9495	 -0.0024	  1.0000	  1.0775
1024.0000	320.0000	 -2.9410	  0.0534	  1.0000	  0.0000
 32.0000	352.0000	 -3.3651	  0.0463	  1.0000	  1.0384
 64.0000	352.0000	 -3.3072	  0.0398	  1.0000	  1.0020
 96.0000	352.0000	 -3.2002	  0.0235	  1.0000	  1.0109
128.0000	352.0000	 -3.0539	  0.0009	  0.0000	  1.0630
160.0000	352.0000	 -2.9834	 -0.0355	  0.0000	  1.0829
192.0000	352.0000	 -2.9481	 -0.0364	  0.0000	  1.0711
224.0000	352.0000	 -2.9027	  0.0073	  0.0000	  1.1526
256.0000	352.0000	 -2.8316	  0.0383	  0.0000	  1.1767
288.0000	352.0000	 -2.7458	  0.0589	  0.0000	  1.0128
320.0000	352.0000	 -2.6742	  0.1854	  0.0000	  1.0452
352.0000	352.0000	 -2.6267	  0.5365	  0.0000	  1.0849
384.0000	352.0000	 -2.6601	  1.1293	  1.0000	  1.0023
416.0000	352.0000	 -2.7888	  1.8374	  1.0000	  0.0000
448.0000	352.0000	 -2.9902	  2.5107	  1.0000	  1.0106
480.0000	352.0000	 -3.1701	  2.9398	  1.0000	  1.0044
512.0000	352.0000	 -3.2567	  3.0502	  1.0000	  1.0493
544.0000	352.0000	 -3.2501	  2.8572	  1.0000	  1.0464
576.0000	352.0000	 -3.1575	  2.4781	  1.0000	  0.0000
608.0000	352.0000	 -2.9618	  1.9084	  1.0000	  0.0000
640.0000	352.0000	 -2.7052	  1.2841	  1.0000	  1.0015
672.0000	352.0000	 -2.4531	  0.6875	  1.0000	  1.0013
704.0000	352.0000	 -2.2688	  0.1940	  1.0000	  1.0028
736.0000	352.0000	 -2.1933	 -0.1639	  1.0000	  1.0008
768.0000	352.0000	 -2.2431	 -0.3912	  1.0000	  1.0015
800.0000	352.0000	 -2.3833	 -0.5433	  1.0000	  1.0037
832.0000	352.0000	 -2.5549	 -0.6277	  1.0000	  1.0021
864.0000	352.0000	 -2.7215	 -0.6118	  1.0000	  1.0086
896.0000	352.0000	 -2.8499	 -0.4886	  1.0000	  1.0218
928.0000	352.0000	 -2.9344	 -0.3001	  1.0000	  1.0016
960.0000	352.0000	 -2.9730	 -0.1002	  0.0000	  1.0407
992.0000	352.0000	 -2.9996	  0.0036	  1.0000	  1.0356
1024.0000	352.0000	 -3.0111	  0.0589	  1.0000	  1.0006
 32.0000	384.0000	 -3.2956	  0.0597	  1.0000	  1.0264
 64.0000	384.0000	 -3.2790	  0.0603	  1.0000	  1.0036
 96.0000	384.0000	 -3.2446	  0.0571	  1.0000	  1.0037
128.0000	384.0000	 -3.1870	  0.0532	  0.0000	  1.0369
160.0000	384.0000	 -3.1079	  0.0358	  0.0000	  1.0879
192.0000	384.0000	 -3.0339	  0.0345	  0.0000	  1.0916
224.0000	384.0000	 -2.9447	  0.0811	  0.0000	  1.0779
256.0000	384.0000	 -2.8219	  0.1518	  0.0000	  1.0431
288.0000	384.0000	 -2.6994	  0.2604	  1.0000	  1.0073
320.0000	384.0000	 -2.6021	  0.5268	  0.0000	  1.0220
352.0000	384.0000	 -2.4708	  1.1600	  1.0000	  1.0617
384.0000	384.0000	 -2.4876	  2.0283	  1.0000	  1.0006
416.0000	384.0000	 -2.6893	  3.0408	  1.0000	  1.0017
448.0000	384.0000	 -3.0363	  4.0181	  1.0000	  1.0029
480.0000	384.0000	 -3.3833	  4.6686	  1.0000	  1.0074
512.0000	384.0000	 -3.6132	  4.8769	  1.0000	  0.0000
544.0000	384.0000	 -3.6817	  4.6351	  1.0000	  1.0024
576.0000	384.0000	 -3.5273	  3.9743	  1.0000	  1.0052
608.0000	384.0000	 -3.1709	  3.0051	  1.0000	  1.0059
640.0000	384.0000	 -2.7174	  1.9805	  1.0000	  0.0000
672.0000	384.0000	 -2.2792	  1.0409	  1.0000	  1.0015
704.0000	384.0000	 -1.9515	  0.2972	  1.0000	  1.0031
736.0000	384.0000	 -1.7899	 -0.2034	  1.0000	  0.0000
768.0000	384.0000	 -1.8163	 -0.4706	  1.0000	  1.0042
800.0000	384.0000	 -1.9873	 -0.6037	  1.0000	  1.0001
832.0000	384.0000	 -2.2405	 -0.6560	  1.0000	  1.0115
864.0000	384.0000	 -2.5245	 -0.6275	  1.0000	  1.0027
896.0000	384.0000	 -2.7951	 -0.5147	  1.0000	  1.0075
928.0000	384.0000	 -3.0179	 -0.3379	  1.0000	  1.0101
960.0000	384.0000	 -3.1709	 -0.1420	  1.0000	  1.0205
992.0000	384.0000	 -3.2701	 -0.0069	  1.0000	  1.0021
1024.0000	384.0000	 -3.3204	  0.0687	  1.0000	  1.0002
 32.0000	416.0000	 -3.2058	  0.0362	  1.0000	  1.0032
 64.0000	416.0000	 -3.2061	  0.0398	  1.0000	  1.0046
 96.0000	416.0000	 -3.2172	  0.0378	  1.0000	  1.0110
128.0000	416.0000	 -3.2138	  0.0347	  1.0000	  1.0265
160.0000	416.0000	 -3.1855	  0.0447	  1.0000	  1.0264
192.0000	416.0000	 -3.1282	  0.0715	  1.0000	  1.0136
224.0000	416.0000	 -3.0021	  0.1508	  0.0000	  1.0463
256.0000	416.0000	 -2.7987	  0.2736	  0.0000	  1.0402
288.0000	416.0000	 -2.5571	  0.5402	  1.0000	  1.0011
320.0000	416.0000	 -2.2937	  1.0518	  1.0000	  0.0000
352.0000	416.0000	 -2.0642	  1.9171	  1.0000	  1.0001
384.0000	416.0000	 -2.0238	  3.0738	  1.0000	  1.0019
416.0000	416.0000	 -2.2680	  4.3971	  1.0000	  1.0003
448.0000	416.0000	 -2.7697	  5.6741	  1.0000	  1.0039
480.0000	416.0000	 -3.3345	  6.5373	  1.0000	  1.0124
512.0000	416.0000	 -3.7503	  6.7883	  1.0000	  1.0003
544.0000	416.0000	 -3.9479	  6.4370	  1.0000	  1.0000
576.0000	416.0000	 -3.7725	  5.4544	  1.0000	  1.0030
608.0000	416.0000	 -3.3014	  4.0909	  1.0000	  0.0000
640.0000	416.0000	 -2.6631	  2.6566	  1.0000	  1.0015
672.0000	416.0000	 -2.0400	  1.3750	  1.0000	  1.0052
704.0000	416.0000	 -1.5696	  0.3921	  1.0000	  1.0018
736.0000	416.0000	 -1.3235	 -0.2431	  1.0000	  1.0078
768.0000	416.0000	 -1.3322	 -0.5610	  1.0000	  1.0031
800.0000	416.0000	 -1.5563	 -0.7009	  1.0000	  1.0018
832.0000	416.0000	 -1.9397	 -0.7580	  1.0000	  1.0001
864.0000	416.0000	 -2.4132	 -0.7347	  1.0000	  1.0035
896.0000	416.0000	 -2.9091	 -0.6192	  1.0000	  1.0007
928.0000	416.0000	 -3.3635	 -0.4177	  1.0000	  1.0107
960.0000	416.0000	 -3.7202	 -0.1764	  1.0000	  1.0059
992.0000	416.0000	 -3.9635	  0.0158	  1.0000	  1.0034
1024.0000	416.0000	 -4.0935	  0.1292	  1.0000	  1.0069
 32.0000	448.0000	 -3.1491	 -0.0467	  1.0000	  1.0084
 64.0000	448.0000	 -3.1304	 -0.0357	  0.0000	  1.0566
 96.0000	448.0000	 -3.1657	 -0.0381	  0.0000	  1.0513
128.0000	448.0000	 -3.2131	 -0.0314	  0.0000	  1.0413
160.0000	448.0000	 -3.2332	  0.0031	  1.0000	  1.0080
192.0000	448.0000	 -3.1995	  0.0432	  1.0000	  1.0011
224.0000	448.0000	 -3.0660	  0.1888	  1.0000	  1.0004
256.0000	448.0000	 -2.7977	  0.4137	  1.0000	  1.0006
288.0000	448.0000	 -2.3696	  0.8418	  1.0000	  0.0000
320.0000	448.0000	 -1.8566	  1.6011	  1.0000	  1.0026
352.0000	448.0000	 -1.4155	  2.7230	  1.0000	  0.0000
384.0000	448.0000	 -1.2247	  4.1550	  1.0000	  0.0000
416.0000	448.0000	 -1.4377	  5.7485	  1.0000	  1.0010
448.0000	448.0000	 -2.0637	  7.2734	  1.0000	  1.0042
480.0000	448.0000	 -2.8812	  8.3109	  1.0000	  1.0098
512.0000	448.0000	 -3.5674	  8.5793	  1.0000	  1.0050
544.0000	448.0000	 -3.9115	  8.0022	  1.0000	  1.0034
576.0000	448.0000	 -3.7591	  6.6360	  1.0000	  1.0017
608.0000	448.0000	 -3.2684	  4.9294	  1.0000	  1.0025
640.0000	448.0000	 -2.5067	  3.1341	  1.0000	  1.0057
672.0000	448.0000	 -1.7447	  1.5690	  1.0000	  1.0000
704.0000	448.0000	 -1.1652	  0.3919	  1.0000	  1.0053
736.0000	448.0000	 -0.8520	 -0.3625	  1.0000	  1.0007
768.0000	448.0000	 -0.8436	 -0.7378	  1.0000	  1.0032
800.0000	448.0000	 -1.1265	 -0.8937	  1.0000	  1.0076
832.0000	448.0000	 -1.6870	 -0.9842	  1.0000	  1.0028
864.0000	448.0000	 -2.4258	 -0.9725	  1.0000	  1.0074
896.0000	448.0000	 -3.2362	 -0.8228	  1.0000	  1.0035
928.0000	448.0000	 -4.0228	 -0.5383	  1.0000	  1.0002
960.0000	448.0000	 -4.6794	 -0.1868	  1.0000	  1.0035
992.0000	448.0000	 -5.1421	  0.1024	  1.0000	  1.0035
1024.0000	448.0000	 -5.3958	  0.2746	  1.0000	  1.0027
 32.0000	480.0000	 -3.1601	 -0.1678	  1.0000	  1.0160
 64.0000	480.0000	 -3.1359	 -0.1469	  0.0000	  1.0616
 96.0000	480.0000	 -3.1618	 -0.1387	  0.0000	  1.0791
128.0000	480.0000	 -3.2050	 -0.1185	  0.0000	  1.0963
160.0000	480.0000	 -3.2321	 -0.0739	  0.0000	  1.0282
192.0000	480.0000	 -3.2198	 -0.0544	  0.0000	  1.0408
224.0000	480.0000	 -3.0911	  0.1940	  0.0000	  1.0368
256.0000	480.0000	 -2.7834	  0.5123	  0.0000	  1.0388
288.0000	480.0000	 -2.1534	  1.0902	  1.0000	  1.0017
320.0000	480.0000	 -1.3239	  2.1054	  1.0000	  1.0003
352.0000	480.0000	 -0.5769	  3.4753	  1.0000	  1.0001
384.0000	480.0000	 -0.1348	  5.1207	  1.0000	  1.0044
416.0000	480.0000	 -0.2008	  6.8732	  1.0000	  1.0087
448.0000	480.0000	 -0.8439	  8.4954	  1.0000	  1.0096
480.0000	480.0000	 -1.8589	  9.5617	  1.0000	  1.0054
512.0000	480.0000	 -2.8140	  9.7349	  1.0000	  1.0109
544.0000	480.0000	 -3.4108	  8.9461	  1.0000	  1.0018
576.0000	480.0000	 -3.4698	  7.3451	  1.0000	  1.0069
608.0000	480.0000	 -3.0205	  5.2966	  1.0000	  1.0008
640.0000	480.0000	 -2.2168	  3.2301	  1.0000	  1.0049
672.0000	480.0000	 -1.3976	  1.5012	  1.0000	  0.0000
704.0000	480.0000	 -0.7670	  0.2108	  1.0000	  1.0001
736.0000	480.0000	 -0.4097	 -0.6536	  1.0000	  1.0028
768.0000	480.0000	 -0.3735	 -1.1143	  1.0000	  1.0077
800.0000	480.0000	 -0.6814	 -1.2812	  0.0000	  1.0019
832.0000	480.0000	 -1.4438	 -1.4202	  1.0000	  1.0044
864.0000	480.0000	 -2.5089	 -1.4063	  1.0000	  1.0211
896.0000	480.0000	 -3.7034	 -1.1574	  1.0000	  1.0048
928.0000	480.0000	 -4.8964	 -0.7013	  1.0000	  1.0007
960.0000	480.0000	 -5.9225	 -0.1660	  1.0000	  1.0000
992.0000	480.0000	 -6.6517	  0.2645	  1.0000	  1.0007
1024.0000	480.0000	 -7.0505	  0.5146	  1.0000	  1.0011
 32.0000	512.0000	 -3.1587	 -0.2594	  0.0000	  1.0174
 64.0000	512.0000	 -3.1231	 -0.2153	  0.0000	  1.0353
 96.0000	512.0000	 -3.1379	 -0.1954	  0.0000	  1.0776
128.0000	512.0000	 -3.1710	 -0.2033	  0.0000	  1.0951
160.0000	512.0000	 -3.1969	 -0.1928	  0.0000	  1.0551
192.0000	512.0000	 -3.1885	 -0.1218	  0.0000	  1.0672
224.0000	512.0000	 -3.0628	  0.1328	  0.0000	  1.0640
256.0000	512.0000	 -2.7043	  0.5054	  0.0000	  1.1310
288.0000	512.0000	 -1.9256	  1.2359	  0.0000	  1.0844
320.0000	512.0000	 -0.7823	  2.5046	  1.0000	  1.0103
352.0000	512.0000	  0.2819	  4.0635	  1.0000	  1.0149
384.0000	512.0000	  1.0180	  5.8201	  1.0000	  1.0090
416.0000	512.0000	  1.2067	  7.6005	  1.0000	  1.0077
448.0000	512.0000	  0.6867	  9.1556	  1.0000	  1.0018
480.0000	512.0000	 -0.3918	 10.1002	  1.0000	  1.0021
512.0000	512.0000	 -1.5441	 10.0676	  1.0000	  1.0026
544.0000	512.0000	 -2.4081	  9.0430	  1.0000	  1.0078
576.0000	512.0000	 -2.7480	  7.2453	  1.0000	  1.0039
608.0000	512.0000	 -2.4982	  5.0304	  1.0000	  1.0007
640.0000	512.0000	 -1.7916	  2.8767	  1.0000	  0.0000
672.0000	512.0000	 -1.0207	  1.1322	  1.0000	  0.0000
704.0000	512.0000	 -0.4082	 -0.1865	  1.0000	  1.0003
736.0000	512.0000	 -0.0351	 -1.1838	  1.0000	  1.0056
768.0000	512.0000	  0.0111	 -1.8195	  1.0000	  0.0000
800.0000	512.0000	 -0.3711	 -2.0718	  0.0000	  1.0166
832.0000	512.0000	 -1.2542	 -2.1535	  0.0000	  1.0080
864.0000	512.0000	 -2.6459	 -2.0689	  1.0000	  1.0042
896.0000	512.0000	 -4.2409	 -1.6227	  1.0000	  0.0000
928.0000	512.0000	 -5.8665	 -0.8957	  1.0000	  0.0000
960.0000	512.0000	 -7.2849	 -0.1104	  1.0000	  1.0010
992.0000	512.0000	 -8.2901	  0.4939	  1.0000	  1.0025
1024.0000	512.0000	 -8.8297	  0.8299	  1.0000	  1.0014
 32.0000	544.0000	 -2.9525	 -0.1722	  1.0000	  1.0190
 64.0000	544.0000	 -2.9850	 -0.1503	  1.0000	  1.0013
 96.0000	544.0000	 -3.0425	 -0.1451	  0.0000	  1.0007
128.0000	544.0000	 -3.0904	 -0.2072	  0.0000	  1.0332
160.0000	544.0000	 -3.1111	 -0.2373	  0.0000	  1.0488
192.0000	544.0000	 -3.0958	 -0.1512	  0.0000	  1.0474
224.0000	544.0000	 -2.9239	  0.0895	  0.0000	  1.0805
256.0000	544.0000	 -2.4650	  0.5713	  0.0000	  1.1278
288.0000	544.0000	 -1.5054	  1.5177	  1.0000	  1.0987
320.0000	544.0000	 -0.2202	  2.8731	  1.0000	  1.0257
352.0000	544.0000	  1.0555	  4.4980	  1.0000	  1.0038
384.0000	544.0000	  2.0229	  6.2629	  1.0000	  1.0012
416.0000	544.0000	  2.4730	  7.9860	  1.0000	  1.0018
448.0000	544.0000	  2.1036	  9.3933	  1.0000	  1.0019
480.0000	544.0000	  1.0468	 10.1466	  1.0000	  1.0005
512.0000	544.0000	 -0.2133	  9.8821	  1.0000	  1.0013
544.0000	544.0000	 -1.2830	  8.6493	  1.0000	  1.0042
576.0000	544.0000	 -1.8802	  6.7148	  1.0000	  1.0015
608.0000	544.0000	 -1.8714	  4.4391	  1.0000	  1.0003
640.0000	544.0000	 -1.3296	  2.2991	  1.0000	  1.0127
672.0000	544.0000	 -0.6634	  0.6084	  1.0000	  1.0061
704.0000	544.0000	 -0.1069	 -0.6995	  0.0000	  1.0057
736.0000	544.0000	  0.2773	 -1.8838	  1.0000	  1.0073
768.0000	544.0000	  0.3368	 -2.7922	  1.0000	  1.0002
800.0000	544.0000	 -0.1488	 -3.2393	  1.0000	  1.0032
832.0000	544.0000	 -1.2055	 -3.3081	  1.0000	  1.0020
864.0000	544.0000	 -2.8173	 -2.9804	  1.0000	  1.0001
896.0000	544.0000	 -4.7560	 -2.1907	  1.0000	  1.0051
928.0000	544.0000	 -6.7789	 -1.1009	  1.0000	  1.0129
960.0000	544.0000	 -8.5609	 -0.0275	  1.0000	  1.0000
992.0000	544.0000	 -9.8153	  0.7592	  1.0000	  1.0024
1024.0000	544.0000	-10.4655	  1.1711	  1.0000	  1.0018
 32.0000	576.0000	 -2.8420	 -0.0845	  1.0000	  1.0097
 64.0000	576.0000	 -2.9180	 -0.0746	  1.0000	  1.0227
 96.0000	576.0000	 -2.9859	 -0.0765	  1.0000	  1.0010
128.0000	576.0000	 -3.0421	 -0.1306	  1.0000	  1.0016
160.0000	576.0000	 -3.0401	 -0.1720	  1.0000	  1.0125
192.0000	576.0000	 -2.9667	 -0.1110	  1.0000	  1.0045
224.0000	576.0000	 -2.7325	  0.1412	  1.0000	  1.0004
256.0000	576.0000	 -2.1781	  0.7176	  1.0000	  1.0005
288.0000	576.0000	 -1.1509	  1.7307	  1.0000	  1.0035
320.0000	576.0000	  0.2334	  3.1354	  1.0000	  1.0011
352.0000	576.0000	  1.6750	  4.7878	  1.0000	  1.0008
384.0000	576.0000	  2.8478	  6.5330	  1.0000	  1.0006
416.0000	576.0000	  3.3898	  8.1345	  1.0000	  1.0013
448.0000	576.0000	  3.0352	  9.3483	  1.0000	  1.0037
480.0000	576.0000	  1.9977	  9.9011	  1.0000	  1.0044
512.0000	576.0000	  0.7135	  9.4712	  1.0000	  1.0001
544.0000	576.0000	 -0.4417	  8.1350	  1.0000	  1.0004
576.0000	576.0000	 -1.1765	  6.1591	  1.0000	  1.0074
608.0000	576.0000	 -1.3306	  3.8875	  1.0000	  1.0058
640.0000	576.0000	 -0.9314	  1.7553	  1.0000	  1.0040
672.0000	576.0000	 -0.3529	  0.0734	  1.0000	  1.0038
704.0000	576.0000	  0.1859	 -1.3150	  1.0000	  1.0113
736.0000	576.0000	  0.5660	 -2.6028	  1.0000	  1.0082
768.0000	576.0000	  0.5668	 -3.6082	  1.0000	  1.0028
800.0000	576.0000	 -0.0446	 -4.0967	  1.0000	  1.0116
832.0000	576.0000	 -1.2305	 -4.1399	  1.0000	  1.0063
864.0000	576.0000	 -2.9695	 -3.6869	  1.0000	  1.0003
896.0000	576.0000	 -5.1168	 -2.6512	  1.0000	  1.0058
928.0000	576.0000	 -7.3992	 -1.2769	  1.0000	  1.0073
960.0000	576.0000	 -9.4532	  0.0332	  1.0000	  1.0032
992.0000	576.0000	-10.8943	  0.9684	  1.0000	  1.0088
1024.0000	576.0000	-11.6245	  1.4412	  1.0000	  1.0013
 32.0000	608.0000	 -2.8379	 -0.0197	  1.0000	  1.0033
 64.0000	608.0000	 -2.9254	 -0.0061	  1.0000	  1.0211
 96.0000	608.0000	 -3.0390	  0.0080	  0.0000	  1.0597
128.0000	608.0000	 -3.1078	 -0.0488	  0.0000	  1.0490
160.0000	608.0000	 -3.0230	 -0.1155	  1.0000	  1.0065
192.0000	608.0000	 -2.8906	 -0.0738	  1.0000	  1.0005
224.0000	608.0000	 -2.6111	  0.1869	  1.0000	  1.0191
256.0000	608.0000	 -2.0104	  0.8046	  1.0000	  1.0035
288.0000	608.0000	 -0.9462	  1.8476	  1.0000	  1.0055
320.0000	608.0000	  0.4987	  3.2778	  1.0000	  1.0166
352.0000	608.0000	  2.0315	  4.9349	  1.0000	  1.0010
384.0000	608.0000	  3.2951	  6.6430	  1.0000	  1.0031
416.0000	608.0000	  3.8268	  8.1321	  1.0000	  1.0177
448.0000	608.0000	  3.3290	  9.1583	  1.0000	  1.0064
480.0000	608.0000	  2.2956	  9.5424	  1.0000	  1.0067
512.0000	608.0000	  1.0570	  9.0609	  1.0000	  1.0029
544.0000	608.0000	 -0.0613	  7.7483	  1.0000	  1.0181
576.0000	608.0000	 -0.7878	  5.8210	  1.0000	  1.0058
608.0000	608.0000	 -0.9813	  3.5959	  1.0000	  1.0106
640.0000	608.0000	 -0.6738	  1.4233	  1.0000	  1.0014
672.0000	608.0000	 -0.1587	 -0.2658	  1.0000	  1.0140
704.0000	608.0000	  0.3602	 -1.6941	  1.0000	  1.0000
736.0000	608.0000	  0.7293	 -3.0350	  1.0000	  1.0003
768.0000	608.0000	  0.6719	 -4.0524	  1.0000	  1.0075
800.0000	608.0000	 -0.0692	 -4.4433	  1.0000	  1.0081
832.0000	608.0000	 -1.3190	 -4.4631	  1.0000	  1.0111
864.0000	608.0000	 -3.0573	 -4.0557	  1.0000	  1.0021
896.0000	608.0000	 -5.2709	 -2.9250	  1.0000	  1.0000
928.0000	608.0000	 -7.6483	 -1.3970	  1.0000	  1.0095
960.0000	608.0000	 -9.8743	  0.0600	  1.0000	  1.0050
992.0000	608.0000	-11.4243	  1.0852	  1.0000	  0.0000
1024.0000	608.0000	-12.1924	  1.5922	  1.0000	  1.0044
