 32.0000	 32.0000	 -7.3934	 -0.0274	  1.0000	  1.0013
 64.0000	 32.0000	 -7.4382	 -0.0548	  1.0000	  1.0094
 96.0000	 32.0000	 -7.4968	 -0.1011	  1.0000	  1.0020
128.0000	 32.0000	 -7.5498	 -0.1606	  1.0000	  1.0179
160.0000	 32.0000	 -7.6605	 -0.1511	  0.0000	  1.0101
192.0000	 32.0000	 -7.5789	 -0.1466	  1.0000	  1.0053
224.0000	 32.0000	 -7.5292	 -0.1851	  1.0000	  1.0161
256.0000	 32.0000	 -7.5805	 -0.3280	  1.0000	  1.0069
288.0000	 32.0000	 -7.6910	 -0.5867	  1.0000	  1.0097
320.0000	 32.0000	 -7.8485	 -0.9017	  1.0000	  1.0033
352.0000	 32.0000	 -8.0062	 -1.2197	  1.0000	  1.0079
384.0000	 32.0000	 -8.1244	 -1.4770	  0.0000	  1.0223
416.0000	 32.0000	 -7.9535	 -1.4303	  1.0000	  1.0001
448.0000	 32.0000	 -7.6897	 -1.1711	  1.0000	  0.0000
480.0000	 32.0000	 -7.4520	 -0.8016	  1.0000	  1.0066
512.0000	 32.0000	 -7.2819	 -0.4326	  1.0000	  1.0036
544.0000	 32.0000	 -7.1847	 -0.1213	  1.0000	  1.0026
576.0000	 32.0000	 -7.1304	  0.1059	  1.0000	  1.0025
608.0000	 32.0000	 -7.0705	  0.2280	  1.0000	  1.0004
640.0000	 32.0000	 -6.9662	  0.2627	  1.0000	  1.0012
672.0000	 32.0000	 -6.8308	  0.2192	  1.0000	  1.0035
704.0000	 32.0000	 -6.7583	  0.1330	  1.0000	  0.0000
736.0000	 32.0000	 -6.7757	  0.0275	  1.0000	  1.0007
768.0000	 32.0000	 -6.8761	 -0.0428	  0.0000	  1.0230
800.0000	 32.0000	 -6.9862	 -0.0571	  0.0000	  1.0643
832.0000	 32.0000	 -7.0721	  0.0074	  0.0000	  1.0724
864.0000	 32.0000	 -7.1285	  0.0981	  0.0000	  1.0328
896.0000	 32.0000	 -7.1336	  0.0880	  0.0000	  1.0252
928.0000	 32.0000	 -7.1434	 -0.0744	  0.0000	  1.0158
960.0000	 32.0000	 -7.0611	 -0.3304	  0.0000	  1.0288
992.0000	 32.0000	 -6.9696	 -0.4853	  1.0000	  1.0015
1024.0000	 32.0000	 -6.9026	 -0.5337	  1.0000	  1.0025
 32.0000	 64.0000	 -7.3039	 -0.0177	  1.0000	  1.0041
 64.0000	 64.0000	 -7.3373	 -0.0331	  1.0000	  1.0204
 96.0000	 64.0000	 -7.3804	 -0.0695	  0.0000	  1.0305
128.0000	 64.0000	 -7.3729	 -0.1550	  0.0000	  1.0284
160.0000	 64.0000	 -7.4376	 -0.1446	  0.0000	  1.0242
192.0000	 64.0000	 -7.4108	 -0.1415	  0.0000	  1.0365
224.0000	 64.0000	 -7.3777	 -0.1873	  1.0000	  1.0021
256.0000	 64.0000	 -7.4378	 -0.3208	  1.0000	  1.0140
288.0000	 64.0000	 -7.6002	 -0.5658	  1.0000	  1.0008
320.0000	 64.0000	 -7.7571	 -0.8539	  1.0000	  1.0046
352.0000	 64.0000	 -7.8519	 -1.1147	  1.0000	  1.0151
384.0000	 64.0000	 -7.8873	 -1.2990	  1.0000	  1.0113
416.0000	 64.0000	 -7.7730	 -1.2883	  1.0000	  1.0006
448.0000	 64.0000	 -7.5692	 -1.0690	  1.0000	  1.0041
480.0000	 64.0000	 -7.3757	 -0.7359	  1.0000	  0.0000
512.0000	 64.0000	 -7.2372	 -0.3966	  1.0000	  1.0009
544.0000	 64.0000	 -7.1684	 -0.1156	  1.0000	  0.0000
576.0000	 64.0000	 -7.1242	  0.0671	  0.0000	  1.0543
608.0000	 64.0000	 -7.0731	  0.1609	  0.0000	  1.0353
640.0000	 64.0000	 -6.9711	  0.2050	  0.0000	  1.0135
672.0000	 64.0000	 -6.8101	  0.1452	  1.0000	  1.0009
704.0000	 64.0000	 -6.7300	  0.0663	  1.0000	  1.0021
736.0000	 64.0000	 -6.7571	 -0.0216	  1.0000	  1.0050
768.0000	 64.0000	 -6.8552	 -0.0868	  0.0000	  1.0698
800.0000	 64.0000	 -6.9660	 -0.1166	  0.0000	  1.0603
832.0000	 64.0000	 -7.0465	 -0.0793	  0.0000	  1.0605
864.0000	 64.0000	 -7.1038	  0.0128	  0.0000	  1.0230
896.0000	 64.0000	 -7.0614	  0.0148	  0.0000	  1.0159
928.0000	 64.0000	 -7.0012	 -0.1136	  0.0000	  1.0144
960.0000	 64.0000	 -6.9267	 -0.3310	  0.0000	  1.0523
992.0000	 64.0000	 -6.8684	 -0.4685	  0.0000	  1.0365
1024.0000	 64.0000	 -6.8038	 -0.4792	  1.0000	  1.0034
 32.0000	 96.0000	 -7.1564	 -0.0051	  1.0000	  0.0000
 64.0000	 96.0000	 -7.1602	  0.0010	  0.0000	  1.0860
 96.0000	 96.0000	 -7.1701	  0.0105	  0.0000	  1.0789
128.0000	 96.0000	 -7.1619	 -0.0024	  0.0000	  1.0476
160.0000	 96.0000	 -7.1926	 -0.0457	  0.0000	  1.0391
192.0000	 96.0000	 -7.1890	 -0.1076	  0.0000	  1.0871
224.0000	 96.0000	 -7.1537	 -0.1800	  0.0000	  1.0101
256.0000	 96.0000	 -7.1952	 -0.2889	  0.0000	  1.0297
288.0000	 96.0000	 -7.4033	 -0.5064	  1.0000	  1.0005
320.0000	 96.0000	 -7.5592	 -0.7491	  1.0000	  1.0022
352.0000	 96.0000	 -7.6295	 -0.9565	  1.0000	  1.0039
384.0000	 96.0000	 -7.6229	 -1.0880	  1.0000	  1.0016
416.0000	 96.0000	 -7.5335	 -1.0776	  1.0000	  0.0000
448.0000	 96.0000	 -7.4007	 -0.8930	  1.0000	  1.0043
480.0000	 96.0000	 -7.2704	 -0.6089	  1.0000	  1.0013
512.0000	 96.0000	 -7.1765	 -0.3169	  1.0000	  0.0000
544.0000	 96.0000	 -7.1643	 -0.0876	  0.0000	  1.0648
576.0000	 96.0000	 -7.1311	  0.0141	  0.0000	  1.0676
608.0000	 96.0000	 -7.0382	  0.0245	  0.0000	  1.0486
640.0000	 96.0000	 -6.8910	  0.0011	  0.0000	  1.0620
672.0000	 96.0000	 -6.7014	 -0.0239	  1.0000	  1.0035
704.0000	 96.0000	 -6.6080	 -0.0646	  1.0000	  0.0000
736.0000	 96.0000	 -6.6494	 -0.1153	  0.0000	  1.0334
768.0000	 96.0000	 -6.7549	 -0.1643	  0.0000	  1.0502
800.0000	 96.0000	 -6.8702	 -0.2089	  0.0000	  1.0635
832.0000	 96.0000	 -6.9483	 -0.2189	  0.0000	  1.0412
864.0000	 96.0000	 -6.9950	 -0.1591	  0.0000	  1.0181
896.0000	 96.0000	 -6.9319	 -0.1118	  1.0000	  1.0060
928.0000	 96.0000	 -6.8039	 -0.1376	  0.0000	  1.0361
960.0000	 96.0000	 -6.7162	 -0.2334	  0.0000	  1.0512
992.0000	 96.0000	 -6.6636	 -0.3197	  0.0000	  1.0422
1024.0000	 96.0000	 -6.6402	 -0.3408	  1.0000	  0.0000
 32.0000	128.0000	 -7.0240	 -0.0005	  1.0000	  0.0000
 64.0000	128.0000	 -6.9923	  0.0353	  0.0000	  1.0986
 96.0000	128.0000	 -6.9853	  0.1045	  0.0000	  1.0862
128.0000	128.0000	 -7.0195	  0.1687	  0.0000	  1.0702
160.0000	128.0000	 -7.0371	  0.0672	  0.0000	  1.0532
192.0000	128.0000	 -7.0401	 -0.0705	  0.0000	  1.0860
224.0000	128.0000	 -7.0575	 -0.1648	  0.0000	  1.0272
256.0000	128.0000	 -7.1311	 -0.2425	  0.0000	  1.0120
288.0000	128.0000	 -7.2557	 -0.3990	  1.0000	  1.0052
320.0000	128.0000	 -7.3392	 -0.5648	  1.0000	  1.0004
352.0000	128.0000	 -7.3590	 -0.6949	  1.0000	  1.0001
384.0000	128.0000	 -7.3237	 -0.7684	  1.0000	  1.0099
416.0000	128.0000	 -7.2716	 -0.7506	  1.0000	  1.0043
448.0000	128.0000	 -7.2247	 -0.6101	  1.0000	  1.0013
480.0000	128.0000	 -7.1728	 -0.3918	  1.0000	  1.0014
512.0000	128.0000	 -7.1180	 -0.1775	  0.0000	  1.0730
544.0000	128.0000	 -7.1821	 -0.0742	  0.0000	  1.0735
576.0000	128.0000	 -7.1812	 -0.0759	  0.0000	  1.0547
608.0000	128.0000	 -7.0232	 -0.1389	  0.0000	  1.0715
640.0000	128.0000	 -6.7633	 -0.2088	  0.0000	  1.0645
672.0000	128.0000	 -6.4748	 -0.2261	  1.0000	  0.0000
704.0000	128.0000	 -6.3270	 -0.2450	  1.0000	  1.0042
736.0000	128.0000	 -6.3671	 -0.2692	  0.0000	  1.0305
768.0000	128.0000	 -6.5016	 -0.2963	  0.0000	  1.0265
800.0000	128.0000	 -6.6627	 -0.3232	  0.0000	  1.0806
832.0000	128.0000	 -6.8008	 -0.3255	  1.0000	  1.0014
864.0000	128.0000	 -6.8812	 -0.2757	  1.0000	  1.0023
896.0000	128.0000	 -6.8499	 -0.2037	  1.0000	  1.0061
928.0000	128.0000	 -6.7150	 -0.1387	  0.0000	  1.0349
960.0000	128.0000	 -6.5794	 -0.1219	  0.0000	  1.0377
992.0000	128.0000	 -6.4659	 -0.1274	  0.0000	  1.0046
1024.0000	128.0000	 -6.4872	 -0.1763	  1.0000	  0.0000
 32.0000	160.0000	 -6.9738	 -0.0153	  1.0000	  1.0045
 64.0000	160.0000	 -6.8938	  0.0470	  0.0000	  1.0735
 96.0000	160.0000	 -6.8591	  0.1478	  0.0000	  1.0531
128.0000	160.0000	 -6.9357	  0.2268	  0.0000	  1.0454
160.0000	160.0000	 -6.9520	  0.1252	  0.0000	  1.0580
192.0000	160.0000	 -6.9645	 -0.0254	  0.0000	  1.0519
224.0000	160.0000	 -7.0597	 -0.1161	  0.0000	  1.0446
256.0000	160.0000	 -7.1505	 -0.1701	  1.0000	  1.0014
288.0000	160.0000	 -7.2042	 -0.2570	  1.0000	  0.0000
320.0000	160.0000	 -7.2111	 -0.3312	  1.0000	  1.0007
352.0000	160.0000	 -7.1699	 -0.3617	  1.0000	  1.0023
384.0000	160.0000	 -7.0878	 -0.3625	  1.0000	  1.0029
416.0000	160.0000	 -7.0570	 -0.3327	  1.0000	  1.0027
448.0000	160.0000	 -7.1043	 -0.2522	  1.0000	  1.0016
480.0000	160.0000	 -7.1589	 -0.1114	  1.0000	  1.0128
512.0000	160.0000	 -7.1974	  0.0156	  0.0000	  1.0586
544.0000	160.0000	 -7.2779	  0.0139	  0.0000	  1.0576
576.0000	160.0000	 -7.2346	 -0.0908	  0.0000	  1.0374
608.0000	160.0000	 -6.9537	 -0.2339	  0.0000	  1.0726
640.0000	160.0000	 -6.5273	 -0.3605	  0.0000	  1.0092
672.0000	160.0000	 -6.0903	 -0.4114	  1.0000	  1.0010
704.0000	160.0000	 -5.8521	 -0.4432	  1.0000	  0.0000
736.0000	160.0000	 -5.8577	 -0.4652	  1.0000	  1.0014
768.0000	160.0000	 -6.0449	 -0.4807	  1.0000	  0.0000
800.0000	160.0000	 -6.3122	 -0.4822	  1.0000	  1.0088
832.0000	160.0000	 -6.5749	 -0.4582	  1.0000	  1.0066
864.0000	160.0000	 -6.7543	 -0.3956	  1.0000	  1.0024
896.0000	160.0000	 -6.8102	 -0.3062	  1.0000	  1.0099
928.0000	160.0000	 -6.7428	 -0.2088	  1.0000	  0.0000
960.0000	160.0000	 -6.6198	 -0.1387	  1.0000	  1.0079
992.0000	160.0000	 -6.5022	 -0.1017	  1.0000	  1.0040
1024.0000	160.0000	 -6.4694	 -0.1058	  1.0000	  1.0079
 32.0000	192.0000	 -7.0660	 -0.0517	  0.0000	  1.0380
 64.0000	192.0000	 -6.9825	  0.0126	  0.0000	  1.0655
 96.0000	192.0000	 -6.9167	  0.1204	  0.0000	  1.0450
128.0000	192.0000	 -6.9572	  0.1901	  0.0000	  1.0137
160.0000	192.0000	 -6.9686	  0.1415	  0.0000	  1.0235
192.0000	192.0000	 -7.0064	  0.0306	  0.0000	  1.0353
224.0000	192.0000	 -7.1564	 -0.0406	  0.0000	  1.0388
256.0000	192.0000	 -7.2525	 -0.0799	  0.0000	  1.0431
288.0000	192.0000	 -7.2514	 -0.1258	  1.0000	  1.0232
320.0000	192.0000	 -7.1986	 -0.1280	  1.0000	  0.0000
352.0000	192.0000	 -7.1013	 -0.0505	  0.0000	  1.0503
384.0000	192.0000	 -6.9511	  0.0445	  0.0000	  1.0232
416.0000	192.0000	 -6.8973	  0.1017	  0.0000	  1.0283
448.0000	192.0000	 -7.0199	  0.1117	  1.0000	  0.0000
480.0000	192.0000	 -7.1629	  0.1718	  0.0000	  1.0196
512.0000	192.0000	 -7.2589	  0.2271	  0.0000	  1.0474
544.0000	192.0000	 -7.2991	  0.1878	  0.0000	  1.0469
576.0000	192.0000	 -7.1448	 -0.0128	  0.0000	  1.0321
608.0000	192.0000	 -6.7062	 -0.2510	  0.0000	  1.0556
640.0000	192.0000	 -6.1003	 -0.4504	  0.0000	  1.0218
672.0000	192.0000	 -5.5184	 -0.5745	  1.0000	  1.0028
704.0000	192.0000	 -5.2212	 -0.6509	  1.0000	  1.0048
736.0000	192.0000	 -5.2406	 -0.6917	  1.0000	  1.0013
768.0000	192.0000	 -5.5244	 -0.7017	  1.0000	  1.0016
800.0000	192.0000	 -5.9264	 -0.6741	  1.0000	  0.0000
832.0000	192.0000	 -6.3224	 -0.6122	  1.0000	  1.0010
864.0000	192.0000	 -6.6174	 -0.5191	  1.0000	  1.0046
896.0000	192.0000	 -6.7736	 -0.4057	  1.0000	  1.0020
928.0000	192.0000	 -6.7710	 -0.2796	  1.0000	  1.0074
960.0000	192.0000	 -6.6605	 -0.1796	  1.0000	  0.0000
992.0000	192.0000	 -6.5425	 -0.1210	  1.0000	  0.0000
1024.0000	192.0000	 -6.4786	 -0.1010	  1.0000	  0.0000
 32.0000	224.0000	 -7.1564	 -0.0385	  0.0000	  1.0457
 64.0000	224.0000	 -7.1080	  0.0072	  0.0000	  1.0697
 96.0000	224.0000	 -7.0659	  0.0863	  0.0000	  1.0453
128.0000	224.0000	 -7.1058	  0.1451	  0.0000	  1.0373
160.0000	224.0000	 -7.1348	  0.1058	  0.0000	  1.0396
192.0000	224.0000	 -7.2035	  0.0352	  0.0000	  1.0362
224.0000	224.0000	 -7.3157	 -0.0090	  0.0000	  1.0372
256.0000	224.0000	 -7.3582	 -0.0373	  0.0000	  1.0543
288.0000	224.0000	 -7.3243	 -0.0538	  0.0000	  1.0470
320.0000	224.0000	 -7.2712	 -0.0196	  0.0000	  1.0599
352.0000	224.0000	 -7.1963	  0.1201	  0.0000	  1.0766
384.0000	224.0000	 -7.0530	  0.2884	  0.0000	  1.0491
416.0000	224.0000	 -6.9238	  0.3851	  0.0000	  1.0462
448.0000	224.0000	 -6.9597	  0.3990	  1.0000	  0.0000
480.0000	224.0000	 -7.0330	  0.4108	  1.0000	  1.0157
512.0000	224.0000	 -7.0839	  0.4120	  0.0000	  1.0262
544.0000	224.0000	 -7.0124	  0.3510	  0.0000	  1.0492
576.0000	224.0000	 -6.7458	  0.0757	  0.0000	  1.0495
608.0000	224.0000	 -6.1773	 -0.2657	  0.0000	  1.0056
640.0000	224.0000	 -5.4634	 -0.5561	  0.0000	  1.0075
672.0000	224.0000	 -4.8583	 -0.7552	  1.0000	  1.0038
704.0000	224.0000	 -4.5998	 -0.8878	  1.0000	  1.0027
736.0000	224.0000	 -4.6838	 -0.9585	  1.0000	  1.0042
768.0000	224.0000	 -5.0829	 -0.9660	  1.0000	  1.0022
800.0000	224.0000	 -5.6201	 -0.9038	  1.0000	  1.0197
832.0000	224.0000	 -6.1295	 -0.7947	  1.0000	  0.0000
864.0000	224.0000	 -6.5060	 -0.6576	  1.0000	  1.0019
896.0000	224.0000	 -6.7406	 -0.5142	  0.0000	  1.0256
928.0000	224.0000	 -6.7820	 -0.3581	  0.0000	  1.0319
960.0000	224.0000	 -6.6564	 -0.2494	  1.0000	  1.0057
992.0000	224.0000	 -6.5316	 -0.2029	  1.0000	  0.0000
1024.0000	224.0000	 -6.4570	 -0.1914	  1.0000	  1.0160
 32.0000	256.0000	 -7.1617	 -0.0172	  0.0000	  1.0438
 64.0000	256.0000	 -7.1662	  0.0051	  0.0000	  1.0559
 96.0000	256.0000	 -7.1820	  0.0434	  1.0000	  1.0177
128.0000	256.0000	 -7.2329	  0.0773	  0.0000	  1.0427
160.0000	256.0000	 -7.2876	  0.0749	  0.0000	  1.0421
192.0000	256.0000	 -7.3632	  0.0671	  0.0000	  1.0403
224.0000	256.0000	 -7.4167	  0.0319	  0.0000	  1.0274
256.0000	256.0000	 -7.3875	 -0.0292	  0.0000	  1.0546
288.0000	256.0000	 -7.3469	 -0.0502	  0.0000	  1.0820
320.0000	256.0000	 -7.3152	  0.0378	  0.0000	  1.0603
352.0000	256.0000	 -7.2530	  0.2350	  0.0000	  1.0615
384.0000	256.0000	 -7.1152	  0.4608	  0.0000	  1.0487
416.0000	256.0000	 -6.9372	  0.5879	  0.0000	  1.0458
448.0000	256.0000	 -6.8655	  0.6136	  1.0000	  1.0000
480.0000	256.0000	 -6.8100	  0.5841	  1.0000	  0.0000
512.0000	256.0000	 -6.7181	  0.5145	  1.0000	  1.0056
544.0000	256.0000	 -6.4952	  0.3918	  0.0000	  1.0352
576.0000	256.0000	 -6.0523	  0.1010	  0.0000	  1.0296
608.0000	256.0000	 -5.3244	 -0.2913	  1.0000	  1.0031
640.0000	256.0000	 -4.6799	 -0.6620	  1.0000	  1.0181
672.0000	256.0000	 -4.3159	 -0.9579	  1.0000	  1.0188
704.0000	256.0000	 -4.2336	 -1.1678	  1.0000	  1.0020
736.0000	256.0000	 -4.4024	 -1.2831	  1.0000	  1.0005
768.0000	256.0000	 -4.8992	 -1.2887	  1.0000	  1.0220
800.0000	256.0000	 -5.5227	 -1.1863	  1.0000	  1.0099
832.0000	256.0000	 -6.0577	 -1.0334	  1.0000	  1.0030
864.0000	256.0000	 -6.4131	 -0.8298	  1.0000	  1.0032
896.0000	256.0000	 -6.6076	 -0.6225	  1.0000	  1.0105
928.0000	256.0000	 -6.6575	 -0.4569	  0.0000	  1.0176
960.0000	256.0000	 -6.5462	 -0.3996	  1.0000	  1.0086
992.0000	256.0000	 -6.4386	 -0.4303	  1.0000	  1.0016
1024.0000	256.0000	 -6.3728	 -0.4701	  1.0000	  1.0116
 32.0000	288.0000	 -7.0659	 -0.0312	  1.0000	  1.0014
 64.0000	288.0000	 -7.1363	 -0.0195	  1.0000	  1.0041
 96.0000	288.0000	 -7.2357	 -0.0029	  1.0000	  1.0172
128.0000	288.0000	 -7.2965	  0.0174	  0.0000	  1.0512
160.0000	288.0000	 -7.3639	  0.0598	  0.0000	  1.0407
192.0000	288.0000	 -7.4215	  0.1122	  0.0000	  1.0441
224.0000	288.0000	 -7.4074	  0.0955	  0.0000	  1.0321
256.0000	288.0000	 -7.3174	  0.0044	  0.0000	  1.0438
288.0000	288.0000	 -7.2625	 -0.0483	  0.0000	  1.0332
320.0000	288.0000	 -7.2677	  0.1091	  0.0000	  1.0283
352.0000	288.0000	 -7.1846	  0.3563	  0.0000	  1.0479
384.0000	288.0000	 -7.0414	  0.6414	  0.0000	  1.0028
416.0000	288.0000	 -6.8780	  0.7460	  1.0000	  1.0268
448.0000	288.0000	 -6.7233	  0.7654	  1.0000	  1.0017
480.0000	288.0000	 -6.5221	  0.6851	  1.0000	  1.0022
512.0000	288.0000	 -6.2648	  0.5373	  1.0000	  1.0024
544.0000	288.0000	 -5.8515	  0.3269	  1.0000	  1.0050
576.0000	288.0000	 -5.2478	  0.0042	  1.0000	  1.0118
608.0000	288.0000	 -4.5413	 -0.4056	  1.0000	  1.0010
640.0000	288.0000	 -4.0533	 -0.8372	  1.0000	  1.0146
672.0000	288.0000	 -3.8782	 -1.2210	  1.0000	  1.0304
704.0000	288.0000	 -4.0430	 -1.5103	  1.0000	  1.0124
736.0000	288.0000	 -4.4280	 -1.6767	  1.0000	  1.0069
768.0000	288.0000	 -5.0405	 -1.6857	  1.0000	  1.0340
800.0000	288.0000	 -5.6968	 -1.5465	  0.0000	  1.0216
832.0000	288.0000	 -6.1615	 -1.3861	  1.0000	  0.0000
864.0000	288.0000	 -6.4074	 -1.1420	  1.0000	  1.0041
896.0000	288.0000	 -6.4899	 -0.9121	  1.0000	  1.0013
928.0000	288.0000	 -6.4660	 -0.7790	  1.0000	  1.0074
960.0000	288.0000	 -6.3865	 -0.8406	  1.0000	  1.0104
992.0000	288.0000	 -6.3232	 -1.0479	  1.0000	  1.0044
1024.0000	288.0000	 -6.2798	 -1.1899	  1.0000	  1.0081
 32.0000	320.0000	 -6.9855	 -0.0301	  1.0000	  1.0107
 64.0000	320.0000	 -7.1091	 -0.0316	  1.0000	  1.0035
 96.0000	320.0000	 -7.2692	 -0.0449	  0.0000	  1.0111
128.0000	320.0000	 -7.3151	 -0.0356	  0.0000	  1.0584
160.0000	320.0000	 -7.3623	  0.0240	  0.0000	  1.0616
192.0000	320.0000	 -7.3813	  0.0890	  0.0000	  1.0602
224.0000	320.0000	 -7.3202	  0.0969	  0.0000	  1.0498
256.0000	320.0000	 -7.1851	  0.0643	  0.0000	  1.0668
288.0000	320.0000	 -7.0851	  0.0724	  0.0000	  1.0300
320.0000	320.0000	 -7.1170	  0.2110	  0.0000	  1.0203
352.0000	320.0000	 -7.0643	  0.4404	  0.0000	  1.0385
384.0000	320.0000	 -6.9574	  0.7020	  1.0000	  1.0003
416.0000	320.0000	 -6.7970	  0.8414	  1.0000	  0.0000
448.0000	320.0000	 -6.5788	  0.8732	  0.0000	  1.0180
480.0000	320.0000	 -6.2425	  0.7331	  0.0000	  1.0195
512.0000	320.0000	 -5.8755	  0.5154	  1.0000	  1.0266
544.0000	320.0000	 -5.3590	  0.2438	  1.0000	  0.0000
576.0000	320.0000	 -4.6994	 -0.1192	  1.0000	  1.0057
608.0000	320.0000	 -4.0312	 -0.5659	  1.0000	  0.0000
640.0000	320.0000	 -3.6086	 -1.0594	  1.0000	  1.0015
672.0000	320.0000	 -3.5924	 -1.5299	  1.0000	  1.0067
704.0000	320.0000	 -4.0295	 -1.9023	  1.0000	  1.0017
736.0000	320.0000	 -4.6123	 -2.1391	  1.0000	  1.0042
768.0000	320.0000	 -5.3526	 -2.1851	  1.0000	  1.0023
800.0000	320.0000	 -6.0020	 -2.0816	  1.0000	  1.0000
832.0000	320.0000	 -6.3947	 -1.9177	  1.0000	  1.0038
864.0000	320.0000	 -6.5155	 -1.7220	  1.0000	  1.0045
896.0000	320.0000	 -6.4773	 -1.5983	  1.0000	  1.0031
928.0000	320.0000	 -6.3703	 -1.5938	  0.0000	  1.0177
960.0000	320.0000	 -6.3025	 -1.8719	  0.0000	  1.0320
992.0000	320.0000	 -6.2881	 -2.3735	  1.0000	  1.0025
1024.0000	320.0000	 -6.2666	 -2.6468	  1.0000	  1.0002
 32.0000	352.0000	 -6.9078	 -0.0051	  1.0000	  1.0006
 64.0000	352.0000	 -7.0506	 -0.0230	  0.0000	  1.0126
 96.0000	352.0000	 -7.1847	 -0.1082	  0.0000	  1.0328
128.0000	352.0000	 -7.2158	 -0.1251	  0.0000	  1.0578
160.0000	352.0000	 -7.2254	 -0.0435	  0.0000	  1.0619
192.0000	352.0000	 -7.2112	  0.0317	  0.0000	  1.0608
224.0000	352.0000	 -7.1403	  0.0457	  0.0000	  1.0549
256.0000	352.0000	 -6.9872	  0.0811	  0.0000	  1.0605
288.0000	352.0000	 -6.8551	  0.1700	  0.0000	  1.0393
320.0000	352.0000	 -6.9184	  0.3350	  1.0000	  1.0012
352.0000	352.0000	 -6.9394	  0.5524	  1.0000	  1.0024
384.0000	352.0000	 -6.8870	  0.7652	  1.0000	  0.0000
416.0000	352.0000	 -6.7336	  0.8832	  1.0000	  1.0043
448.0000	352.0000	 -6.4738	  0.8811	  0.0000	  1.0050
480.0000	352.0000	 -6.0704	  0.7037	  0.0000	  1.0180
512.0000	352.0000	 -5.6451	  0.4299	  0.0000	  1.0289
544.0000	352.0000	 -5.1299	  0.1243	  1.0000	  1.0016
576.0000	352.0000	 -4.5397	 -0.2697	  1.0000	  1.0015
608.0000	352.0000	 -4.0069	 -0.7483	  1.0000	  1.0024
640.0000	352.0000	 -3.7222	 -1.2835	  1.0000	  1.0005
672.0000	352.0000	 -3.8465	 -1.8134	  1.0000	  1.0006
704.0000	352.0000	 -4.4064	 -2.2590	  1.0000	  1.0026
736.0000	352.0000	 -5.1689	 -2.5374	  1.0000	  1.0035
768.0000	352.0000	 -5.9928	 -2.6304	  1.0000	  1.0007
800.0000	352.0000	 -6.5434	 -2.6148	  1.0000	  1.0033
832.0000	352.0000	 -6.7732	 -2.5833	  1.0000	  1.0017
864.0000	352.0000	 -6.7484	 -2.6167	  1.0000	  1.0008
896.0000	352.0000	 -6.6204	 -2.8429	  1.0000	  1.0010
928.0000	352.0000	 -6.4943	 -3.2927	  1.0000	  1.0147
960.0000	352.0000	 -6.4169	 -3.8753	  1.0000	  1.0153
992.0000	352.0000	 -6.3860	 -4.4752	  1.0000	  1.0056
1024.0000	352.0000	 -6.3747	 -4.8490	  1.0000	  1.0010
 32.0000	384.0000	 -6.8121	  0.0114	  1.0000	  1.0009
 64.0000	384.0000	 -6.9046	 -0.0279	  0.0000	  1.0067
 96.0000	384.0000	 -6.9711	 -0.1902	  0.0000	  1.0400
128.0000	384.0000	 -6.9733	 -0.2219	  0.0000	  1.0577
160.0000	384.0000	 -6.9563	 -0.0969	  0.0000	  1.0370
192.0000	384.0000	 -6.9341	  0.0158	  0.0000	  1.0177
224.0000	384.0000	 -6.8949	  0.0682	  1.0000	  1.0004
256.0000	384.0000	 -6.7915	  0.1265	  0.0000	  1.0267
288.0000	384.0000	 -6.7371	  0.2412	  0.0000	  1.0334
320.0000	384.0000	 -6.8368	  0.4139	  1.0000	  0.0000
352.0000	384.0000	 -6.8978	  0.6104	  1.0000	  0.0000
384.0000	384.0000	 -6.8653	  0.7725	  1.0000	  1.0049
416.0000	384.0000	 -6.6985	  0.8348	  1.0000	  1.0016
448.0000	384.0000	 -6.4094	  0.7717	  1.0000	  1.0002
480.0000	384.0000	 -6.0078	  0.5690	  1.0000	  1.0031
512.0000	384.0000	 -5.5638	  0.2710	  1.0000	  0.0000
544.0000	384.0000	 -5.1003	 -0.0744	  1.0000	  1.0076
576.0000	384.0000	 -4.6851	 -0.4781	  1.0000	  1.0115
608.0000	384.0000	 -4.3964	 -0.9470	  1.0000	  1.0061
640.0000	384.0000	 -4.3439	 -1.4659	  1.0000	  1.0021
672.0000	384.0000	 -4.6340	 -1.9885	  1.0000	  1.0050
704.0000	384.0000	 -5.2615	 -2.4530	  1.0000	  1.0012
736.0000	384.0000	 -6.0447	 -2.7730	  1.0000	  1.0040
768.0000	384.0000	 -6.8320	 -2.9668	  0.0000	  1.0061
800.0000	384.0000	 -7.2136	 -3.0938	  0.0000	  1.0195
832.0000	384.0000	 -7.2191	 -3.3325	  1.0000	  1.0027
864.0000	384.0000	 -7.0522	 -3.7486	  1.0000	  1.0050
896.0000	384.0000	 -6.8528	 -4.4451	  1.0000	  1.0133
928.0000	384.0000	 -6.7061	 -5.3784	  1.0000	  1.0180
960.0000	384.0000	 -6.6246	 -6.2840	  1.0000	  1.0064
992.0000	384.0000	 -6.5940	 -6.9999	  1.0000	  1.0040
1024.0000	384.0000	 -6.5887	 -7.4318	  1.0000	  1.0036
 32.0000	416.0000	 -6.7056	  0.0034	  1.0000	  0.0000
 64.0000	416.0000	 -6.7255	 -0.0706	  1.0000	  1.0019
 96.0000	416.0000	 -6.7290	 -0.2000	  1.0000	  1.0009
128.0000	416.0000	 -6.6998	 -0.2412	  0.0000	  1.0195
160.0000	416.0000	 -6.6851	 -0.0978	  0.0000	  1.0292
192.0000	416.0000	 -6.7416	  0.0224	  1.0000	  1.0299
224.0000	416.0000	 -6.7740	  0.0933	  1.0000	  0.0000
256.0000	416.0000	 -6.7746	  0.1463	  1.0000	  1.0009
288.0000	416.0000	 -6.8045	  0.2366	  1.0000	  1.0085
320.0000	416.0000	 -6.8927	  0.3791	  1.0000	  0.0000
352.0000	416.0000	 -6.9405	  0.5400	  1.0000	  1.0007
384.0000	416.0000	 -6.8723	  0.6449	  1.0000	  1.0016
416.0000	416.0000	 -6.6377	  0.6313	  1.0000	  1.0013
448.0000	416.0000	 -6.2730	  0.4911	  1.0000	  0.0000
480.0000	416.0000	 -5.8308	  0.2372	  1.0000	  1.0081
512.0000	416.0000	 -5.3948	 -0.0913	  1.0000	  1.0025
544.0000	416.0000	 -5.0514	 -0.4387	  1.0000	  1.0002
576.0000	416.0000	 -4.8941	 -0.7899	  1.0000	  1.0034
608.0000	416.0000	 -4.9288	 -1.1699	  1.0000	  1.0011
640.0000	416.0000	 -5.1673	 -1.5868	  1.0000	  1.0034
672.0000	416.0000	 -5.6280	 -2.0175	  1.0000	  1.0029
704.0000	416.0000	 -6.2651	 -2.4242	  1.0000	  0.0000
736.0000	416.0000	 -6.9102	 -2.7506	  1.0000	  0.0000
768.0000	416.0000	 -7.4319	 -3.0522	  1.0000	  1.0033
800.0000	416.0000	 -7.6487	 -3.4670	  1.0000	  1.0001
832.0000	416.0000	 -7.5799	 -4.1244	  1.0000	  1.0097
864.0000	416.0000	 -7.3591	 -5.0673	  1.0000	  1.0006
896.0000	416.0000	 -7.1316	 -6.3140	  1.0000	  1.0005
928.0000	416.0000	 -6.9805	 -7.7210	  1.0000	  1.0071
960.0000	416.0000	 -6.9054	 -8.9182	  1.0000	  1.0002
992.0000	416.0000	 -6.8856	 -9.7368	  1.0000	  1.0124
1024.0000	416.0000	 -6.8835	-10.1910	  1.0000	  1.0103
 32.0000	448.0000	 -6.6382	  0.0269	  0.0000	  1.0265
 64.0000	448.0000	 -6.6092	 -0.0579	  0.0000	  1.0255
 96.0000	448.0000	 -6.5680	 -0.1719	  0.0000	  1.0458
128.0000	448.0000	 -6.5489	 -0.2135	  0.0000	  1.0035
160.0000	448.0000	 -6.5822	 -0.0418	  1.0000	  1.0010
192.0000	448.0000	 -6.6719	  0.0767	  1.0000	  1.0016
224.0000	448.0000	 -6.7611	  0.1061	  1.0000	  1.0113
256.0000	448.0000	 -6.8288	  0.0788	  1.0000	  1.0034
288.0000	448.0000	 -6.9163	  0.0789	  1.0000	  1.0014
320.0000	448.0000	 -7.0043	  0.1416	  1.0000	  1.0130
352.0000	448.0000	 -7.0129	  0.2354	  1.0000	  1.0033
384.0000	448.0000	 -6.8510	  0.2602	  1.0000	  0.0000
416.0000	448.0000	 -6.4704	  0.1488	  1.0000	  1.0025
448.0000	448.0000	 -5.9533	 -0.0798	  1.0000	  0.0000
480.0000	448.0000	 -5.4076	 -0.3904	  1.0000	  1.0047
512.0000	448.0000	 -4.9740	 -0.7320	  1.0000	  1.0030
544.0000	448.0000	 -4.7925	 -1.0225	  1.0000	  1.0052
576.0000	448.0000	 -4.9570	 -1.2336	  1.0000	  1.0026
608.0000	448.0000	 -5.3706	 -1.4276	  1.0000	  1.0013
640.0000	448.0000	 -5.9298	 -1.6482	  1.0000	  1.0034
672.0000	448.0000	 -6.5617	 -1.9041	  1.0000	  1.0048
704.0000	448.0000	 -7.1901	 -2.1836	  1.0000	  1.0056
736.0000	448.0000	 -7.6825	 -2.4925	  1.0000	  1.0043
768.0000	448.0000	 -7.9735	 -2.9392	  1.0000	  1.0011
800.0000	448.0000	 -8.0325	 -3.7272	  1.0000	  1.0200
832.0000	448.0000	 -7.8966	 -4.9294	  1.0000	  1.0006
864.0000	448.0000	 -7.6560	 -6.5099	  1.0000	  1.0008
896.0000	448.0000	 -7.4249	 -8.3409	  1.0000	  1.0009
928.0000	448.0000	 -7.2780	-10.1886	  1.0000	  1.0020
960.0000	448.0000	 -7.2090	-11.6533	  1.0000	  1.0007
992.0000	448.0000	 -7.1920	-12.6311	  1.0000	  1.0012
1024.0000	448.0000	 -7.1925	-13.1425	  1.0000	  1.0014
 32.0000	480.0000	 -6.5428	  0.0432	  0.0000	  1.0411
 64.0000	480.0000	 -6.5544	 -0.0053	  0.0000	  1.0455
 96.0000	480.0000	 -6.5302	 -0.0401	  0.0000	  1.0668
128.0000	480.0000	 -6.4997	 -0.0026	  1.0000	  1.0012
160.0000	480.0000	 -6.5690	  0.1325	  0.0000	  1.0522
192.0000	480.0000	 -6.6921	  0.1802	  0.0000	  1.0569
224.0000	480.0000	 -6.8240	  0.0837	  0.0000	  1.0327
256.0000	480.0000	 -6.9122	 -0.1214	  1.0000	  1.0038
288.0000	480.0000	 -7.0343	 -0.2998	  1.0000	  1.0061
320.0000	480.0000	 -7.1101	 -0.3938	  1.0000	  1.0004
352.0000	480.0000	 -7.0286	 -0.4393	  1.0000	  1.0005
384.0000	480.0000	 -6.6941	 -0.5465	  1.0000	  1.0003
416.0000	480.0000	 -6.0790	 -0.7830	  1.0000	  1.0035
448.0000	480.0000	 -5.3299	 -1.0966	  1.0000	  1.0070
480.0000	480.0000	 -4.6207	 -1.4270	  1.0000	  0.0000
512.0000	480.0000	 -4.1831	 -1.7040	  1.0000	  1.0000
544.0000	480.0000	 -4.2021	 -1.8393	  1.0000	  1.0007
576.0000	480.0000	 -4.7446	 -1.8066	  1.0000	  1.0013
608.0000	480.0000	 -5.5826	 -1.7195	  1.0000	  1.0122
640.0000	480.0000	 -6.4873	 -1.6667	  1.0000	  1.0081
672.0000	480.0000	 -7.2981	 -1.7009	  1.0000	  1.0068
704.0000	480.0000	 -7.9406	 -1.8259	  1.0000	  1.0042
736.0000	480.0000	 -8.3282	 -2.1007	  1.0000	  1.0015
768.0000	480.0000	 -8.4600	 -2.6959	  1.0000	  1.0008
800.0000	480.0000	 -8.3956	 -3.8844	  1.0000	  1.0018
832.0000	480.0000	 -8.1945	 -5.6694	  1.0000	  1.0094
864.0000	480.0000	 -7.9287	 -7.9053	  1.0000	  1.0126
896.0000	480.0000	 -7.6875	-10.2897	  1.0000	  0.0000
928.0000	480.0000	 -7.5390	-12.5348	  1.0000	  1.0030
960.0000	480.0000	 -7.4800	-14.3676	  1.0000	  1.0032
992.0000	480.0000	 -7.4712	-15.5147	  1.0000	  1.0002
1024.0000	480.0000	 -7.4778	-16.0839	  1.0000	  1.0010
 32.0000	512.0000	 -6.3985	  0.1111	  0.0000	  1.0428
 64.0000	512.0000	 -6.4327	  0.0995	  0.0000	  1.0390
 96.0000	512.0000	 -6.4249	  0.1151	  0.0000	  1.0545
128.0000	512.0000	 -6.4307	  0.1786	  0.0000	  1.0138
160.0000	512.0000	 -6.5694	  0.2641	  0.0000	  1.0537
192.0000	512.0000	 -6.7241	  0.2046	  0.0000	  1.0541
224.0000	512.0000	 -6.8634	 -0.0651	  0.0000	  1.0344
256.0000	512.0000	 -6.9583	 -0.4846	  0.0000	  1.0054
288.0000	512.0000	 -7.1225	 -0.9178	  1.0000	  1.0030
320.0000	512.0000	 -7.1722	 -1.2740	  1.0000	  1.0099
352.0000	512.0000	 -6.9542	 -1.5236	  1.0000	  1.0009
384.0000	512.0000	 -6.3906	 -1.7958	  1.0000	  1.0004
416.0000	512.0000	 -5.4857	 -2.1652	  1.0000	  1.0015
448.0000	512.0000	 -4.4589	 -2.5360	  1.0000	  1.0124
480.0000	512.0000	 -3.5479	 -2.7919	  1.0000	  1.0034
512.0000	512.0000	 -3.0892	 -2.9093	  1.0000	  0.0000
544.0000	512.0000	 -3.3130	 -2.8014	  1.0000	  0.0000
576.0000	512.0000	 -4.2536	 -2.4454	  1.0000	  1.0084
608.0000	512.0000	 -5.5240	 -2.0160	  1.0000	  1.0080
640.0000	512.0000	 -6.7822	 -1.6479	  1.0000	  1.0014
672.0000	512.0000	 -7.7628	 -1.4636	  1.0000	  1.0077
704.0000	512.0000	 -8.4552	 -1.4341	  1.0000	  1.0002
736.0000	512.0000	 -8.8070	 -1.6544	  1.0000	  0.0000
768.0000	512.0000	 -8.8635	 -2.3443	  1.0000	  1.0012
800.0000	512.0000	 -8.7323	 -3.8349	  1.0000	  1.0166
832.0000	512.0000	 -8.4852	 -6.1251	  1.0000	  1.0027
864.0000	512.0000	 -8.1828	 -9.0182	  1.0000	  1.0028
896.0000	512.0000	 -7.9026	-12.0715	  1.0000	  1.0028
928.0000	512.0000	 -7.7410	-14.6772	  1.0000	  1.0102
960.0000	512.0000	 -7.6805	-16.5525	  1.0000	  1.0191
992.0000	512.0000	 -7.6732	-17.6659	  1.0000	  1.0054
1024.0000	512.0000	 -7.6808	-18.1926	  1.0000	  1.0080
 32.0000	544.0000	 -6.2499	  0.2347	  1.0000	  1.0098
 64.0000	544.0000	 -6.2269	  0.2359	  1.0000	  1.0087
 96.0000	544.0000	 -6.2019	  0.2595	  0.0000	  1.0196
128.0000	544.0000	 -6.3100	  0.3077	  0.0000	  1.0300
160.0000	544.0000	 -6.5475	  0.3085	  0.0000	  1.0123
192.0000	544.0000	 -6.7481	  0.1349	  0.0000	  1.0211
224.0000	544.0000	 -6.9060	 -0.2899	  0.0000	  1.0281
256.0000	544.0000	 -7.0568	 -0.9411	  1.0000	  1.0135
288.0000	544.0000	 -7.2198	 -1.6768	  1.0000	  1.0005
320.0000	544.0000	 -7.2218	 -2.3730	  1.0000	  1.0064
352.0000	544.0000	 -6.8397	 -2.8402	  1.0000	  1.0020
384.0000	544.0000	 -6.0361	 -3.2507	  1.0000	  1.0138
416.0000	544.0000	 -4.8580	 -3.6912	  1.0000	  1.0023
448.0000	544.0000	 -3.5559	 -4.0910	  1.0000	  0.0000
480.0000	544.0000	 -2.4837	 -4.1920	  1.0000	  1.0031
512.0000	544.0000	 -1.9939	 -4.0950	  1.0000	  0.0000
544.0000	544.0000	 -2.3839	 -3.7127	  1.0000	  1.0132
576.0000	544.0000	 -3.6546	 -3.0309	  1.0000	  1.0035
608.0000	544.0000	 -5.2999	 -2.2650	  1.0000	  1.0024
640.0000	544.0000	 -6.8886	 -1.5822	  0.0000	  1.0084
672.0000	544.0000	 -7.9850	 -1.2386	  1.0000	  1.0122
704.0000	544.0000	 -8.7459	 -1.0800	  1.0000	  1.0072
736.0000	544.0000	 -9.1139	 -1.2366	  1.0000	  1.0015
768.0000	544.0000	 -9.1628	 -1.9712	  1.0000	  1.0066
800.0000	544.0000	 -9.0202	 -3.6758	  1.0000	  1.0007
832.0000	544.0000	 -8.7592	 -6.3798	  1.0000	  1.0092
864.0000	544.0000	 -8.4288	 -9.8603	  1.0000	  1.0029
896.0000	544.0000	 -8.1016	-13.5194	  1.0000	  1.0034
928.0000	544.0000	 -7.9113	-16.4318	  1.0000	  1.0003
960.0000	544.0000	 -7.8383	-18.2949	  1.0000	  0.0000
992.0000	544.0000	 -7.8265	-19.2905	  1.0000	  1.0021
1024.0000	544.0000	 -7.8320	-19.7212	  1.0000	  0.0000
 32.0000	576.0000	 -6.1665	  0.3736	  1.0000	  1.0147
 64.0000	576.0000	 -6.0649	  0.3613	  1.0000	  1.0007
 96.0000	576.0000	 -5.9989	  0.3492	  1.0000	  1.0019
128.0000	576.0000	 -6.0876	  0.3355	  1.0000	  1.0022
160.0000	576.0000	 -6.3091	  0.2464	  1.0000	  1.0031
192.0000	576.0000	 -6.5368	 -0.0269	  1.0000	  1.0124
224.0000	576.0000	 -6.7870	 -0.5658	  1.0000	  1.0010
256.0000	576.0000	 -7.0675	 -1.3694	  1.0000	  1.0010
288.0000	576.0000	 -7.2826	 -2.3447	  1.0000	  1.0000
320.0000	576.0000	 -7.2791	 -3.3324	  1.0000	  1.0048
352.0000	576.0000	 -6.8135	 -4.0276	  1.0000	  1.0018
384.0000	576.0000	 -5.8106	 -4.5115	  1.0000	  1.0085
416.0000	576.0000	 -4.3670	 -4.9890	  1.0000	  1.0000
448.0000	576.0000	 -2.8376	 -5.3593	  1.0000	  1.0108
480.0000	576.0000	 -1.6533	 -5.3064	  1.0000	  1.0006
512.0000	576.0000	 -1.1097	 -5.0299	  1.0000	  1.0011
544.0000	576.0000	 -1.6103	 -4.4185	  1.0000	  1.0053
576.0000	576.0000	 -3.1110	 -3.4834	  1.0000	  1.0006
608.0000	576.0000	 -5.0065	 -2.4786	  1.0000	  1.0051
640.0000	576.0000	 -6.8088	 -1.5876	  0.0000	  1.0093
672.0000	576.0000	 -8.0590	 -1.0882	  1.0000	  1.0038
704.0000	576.0000	 -8.8808	 -0.8234	  1.0000	  1.0098
736.0000	576.0000	 -9.2844	 -0.9185	  1.0000	  1.0021
768.0000	576.0000	 -9.3599	 -1.6666	  1.0000	  1.0043
800.0000	576.0000	 -9.2401	 -3.5222	  1.0000	  1.0261
832.0000	576.0000	 -8.9911	 -6.5366	  1.0000	  1.0008
864.0000	576.0000	 -8.6482	-10.4589	  1.0000	  1.0016
896.0000	576.0000	 -8.2789	-14.5581	  1.0000	  1.0104
928.0000	576.0000	 -8.0487	-17.7565	  1.0000	  0.0000
960.0000	576.0000	 -7.9543	-19.5975	  1.0000	  1.0055
992.0000	576.0000	 -7.9334	-20.4445	  1.0000	  1.0073
1024.0000	576.0000	 -7.9352	-20.7556	  1.0000	  1.0166
 32.0000	608.0000	 -6.1913	  0.5001	  0.0000	  1.0163
 64.0000	608.0000	 -5.9837	  0.4634	  0.0000	  1.0112
 96.0000	608.0000	 -5.8721	  0.4041	  1.0000	  1.0072
128.0000	608.0000	 -5.9428	  0.3396	  1.0000	  1.0063
160.0000	608.0000	 -6.1703	  0.1924	  1.0000	  1.0134
192.0000	608.0000	 -6.4020	 -0.1338	  1.0000	  1.0038
224.0000	608.0000	 -6.7034	 -0.7399	  1.0000	  1.0001
256.0000	608.0000	 -7.0601	 -1.6392	  1.0000	  1.0015
288.0000	608.0000	 -7.3138	 -2.7602	  1.0000	  1.0013
320.0000	608.0000	 -7.3077	 -3.9210	  1.0000	  0.0000
352.0000	608.0000	 -6.7728	 -4.7213	  1.0000	  0.0000
384.0000	608.0000	 -5.6278	 -5.1518	  1.0000	  1.0029
416.0000	608.0000	 -4.0585	 -5.6335	  1.0000	  1.0012
448.0000	608.0000	 -2.3437	 -6.1219	  1.0000	  0.0000
480.0000	608.0000	 -1.0216	 -6.0470	  1.0000	  1.0049
512.0000	608.0000	 -0.5105	 -5.6223	  1.0000	  1.0000
544.0000	608.0000	 -1.1114	 -4.8466	  1.0000	  1.0052
576.0000	608.0000	 -2.7509	 -3.7600	  1.0000	  1.0022
608.0000	608.0000	 -4.7682	 -2.6424	  1.0000	  1.0073
640.0000	608.0000	 -6.6490	 -1.6843	  1.0000	  1.0024
672.0000	608.0000	 -8.0304	 -1.0509	  1.0000	  1.0037
704.0000	608.0000	 -8.9196	 -0.6984	  1.0000	  1.0105
736.0000	608.0000	 -9.3629	 -0.7423	  1.0000	  1.0047
768.0000	608.0000	 -9.4692	 -1.4793	  1.0000	  1.0021
800.0000	608.0000	 -9.3758	 -3.3996	  1.0000	  1.0044
832.0000	608.0000	 -9.1438	 -6.5591	  1.0000	  1.0040
864.0000	608.0000	 -8.7975	-10.6733	  1.0000	  1.0181
896.0000	608.0000	 -8.3985	-14.8865	  1.0000	  0.0000
928.0000	608.0000	 -8.1239	-18.4232	  1.0000	  1.0123
960.0000	608.0000	 -8.0081	-20.2785	  1.0000	  0.0000
992.0000	608.0000	 -7.9794	-21.0108	  1.0000	  1.0084
1024.0000	608.0000	 -7.9787	-21.2268	  1.0000	  0.0000
