 32.0000	 32.0000	 -1.2660	  0.6167	  1.0000	  1.0010
 64.0000	 32.0000	 -1.1802	  0.6139	  1.0000	  1.0016
 96.0000	 32.0000	 -1.0537	  0.6015	  1.0000	  1.0008
128.0000	 32.0000	 -0.9268	  0.5759	  1.0000	  1.0017
160.0000	 32.0000	 -0.8299	  0.5478	  1.0000	  1.0033
192.0000	 32.0000	 -0.7404	  0.5406	  0.0000	  1.0213
224.0000	 32.0000	 -0.6209	  0.5403	  0.0000	  1.0305
256.0000	 32.0000	 -0.5112	  0.5325	  1.0000	  1.0003
288.0000	 32.0000	 -0.4152	  0.6231	  1.0000	  0.0000
320.0000	 32.0000	 -0.3302	  0.7689	  1.0000	  1.0004
352.0000	 32.0000	 -0.2714	  0.9413	  1.0000	  1.0002
384.0000	 32.0000	 -0.2625	  1.1143	  1.0000	  1.0011
416.0000	 32.0000	 -0.2900	  1.2609	  1.0000	  1.0024
448.0000	 32.0000	 -0.3338	  1.3387	  0.0000	  1.0007
480.0000	 32.0000	 -0.4024	  1.2406	  1.0000	  1.0000
512.0000	 32.0000	 -0.4679	  1.0901	  1.0000	  1.0003
544.0000	 32.0000	 -0.5238	  0.9509	  1.0000	  1.0008
576.0000	 32.0000	 -0.5731	  0.8704	  1.0000	  1.0003
608.0000	 32.0000	 -0.6311	  0.8681	  1.0000	  1.0009
640.0000	 32.0000	 -0.6978	  0.9320	  1.0000	  1.0001
672.0000	 32.0000	 -0.7719	  1.0074	  1.0000	  1.0004
704.0000	 32.0000	 -0.7779	  1.0135	  1.0000	  1.0006
736.0000	 32.0000	 -0.7136	  0.8869	  1.0000	  1.0000
768.0000	 32.0000	 -0.5875	  0.7684	  1.0000	  1.0006
800.0000	 32.0000	 -0.4433	  0.6918	  1.0000	  1.0014
832.0000	 32.0000	 -0.3502	  0.6012	  0.0000	  1.0120
864.0000	 32.0000	 -0.3699	  0.4733	  0.0000	  1.0239
896.0000	 32.0000	 -0.4898	  0.2855	  0.0000	  1.0300
928.0000	 32.0000	 -0.6072	  0.1200	  0.0000	  1.0201
960.0000	 32.0000	 -0.7231	  0.0764	  0.0000	  1.0076
992.0000	 32.0000	 -0.7894	  0.1938	  0.0000	  1.0050
1024.0000	 32.0000	 -0.8107	  0.3464	  0.0000	  1.0049
 32.0000	 64.0000	 -1.2298	  0.5943	  1.0000	  0.0000
 64.0000	 64.0000	 -1.1365	  0.5917	  1.0000	  0.0000
 96.0000	 64.0000	 -0.9882	  0.5754	  1.0000	  1.0017
128.0000	 64.0000	 -0.8584	  0.5392	  1.0000	  1.0126
160.0000	 64.0000	 -0.7746	  0.4764	  0.0000	  1.0192
192.0000	 64.0000	 -0.6582	  0.4001	  0.0000	  1.0191
224.0000	 64.0000	 -0.5588	  0.3951	  0.0000	  1.0261
256.0000	 64.0000	 -0.4788	  0.4494	  0.0000	  1.0323
288.0000	 64.0000	 -0.3727	  0.5957	  1.0000	  1.0010
320.0000	 64.0000	 -0.2860	  0.7518	  1.0000	  1.0012
352.0000	 64.0000	 -0.2519	  0.9090	  1.0000	  0.0000
384.0000	 64.0000	 -0.2616	  1.0621	  1.0000	  1.0008
416.0000	 64.0000	 -0.3034	  1.1951	  1.0000	  0.0000
448.0000	 64.0000	 -0.3611	  1.2755	  0.0000	  1.0043
480.0000	 64.0000	 -0.4227	  1.1668	  1.0000	  1.0004
512.0000	 64.0000	 -0.4819	  1.0194	  1.0000	  1.0006
544.0000	 64.0000	 -0.5314	  0.8865	  1.0000	  1.0003
576.0000	 64.0000	 -0.5732	  0.8110	  1.0000	  1.0012
608.0000	 64.0000	 -0.6246	  0.8132	  1.0000	  1.0017
640.0000	 64.0000	 -0.6925	  0.8792	  0.0000	  1.0338
672.0000	 64.0000	 -0.8058	  0.9651	  0.0000	  1.0188
704.0000	 64.0000	 -0.8286	  0.9611	  0.0000	  1.0128
736.0000	 64.0000	 -0.7778	  0.7350	  1.0000	  1.0002
768.0000	 64.0000	 -0.6535	  0.5892	  1.0000	  1.0003
800.0000	 64.0000	 -0.4940	  0.5633	  0.0000	  1.0266
832.0000	 64.0000	 -0.4054	  0.5212	  0.0000	  1.0415
864.0000	 64.0000	 -0.4315	  0.4213	  0.0000	  1.0233
896.0000	 64.0000	 -0.5368	  0.2652	  0.0000	  1.0268
928.0000	 64.0000	 -0.6630	  0.1322	  0.0000	  1.0243
960.0000	 64.0000	 -0.8147	  0.0895	  0.0000	  1.0143
992.0000	 64.0000	 -0.8686	  0.1766	  0.0000	  1.0068
1024.0000	 64.0000	 -0.8859	  0.2940	  0.0000	  1.0240
 32.0000	 96.0000	 -1.1164	  0.5042	  0.0000	  1.0247
 64.0000	 96.0000	 -1.0246	  0.5133	  0.0000	  1.0124
 96.0000	 96.0000	 -0.8500	  0.4974	  1.0000	  1.0062
128.0000	 96.0000	 -0.7257	  0.4597	  0.0000	  1.0296
160.0000	 96.0000	 -0.6717	  0.3984	  0.0000	  1.0237
192.0000	 96.0000	 -0.5576	  0.3221	  0.0000	  1.0371
224.0000	 96.0000	 -0.4891	  0.3183	  0.0000	  1.0244
256.0000	 96.0000	 -0.4278	  0.4130	  0.0000	  1.0199
288.0000	 96.0000	 -0.3126	  0.5865	  0.0000	  1.0285
320.0000	 96.0000	 -0.2216	  0.7272	  0.0000	  1.0315
352.0000	 96.0000	 -0.2310	  0.8462	  1.0000	  1.0007
384.0000	 96.0000	 -0.2634	  0.9596	  1.0000	  1.0003
416.0000	 96.0000	 -0.3165	  1.0481	  1.0000	  1.0013
448.0000	 96.0000	 -0.3818	  1.0815	  1.0000	  1.0001
480.0000	 96.0000	 -0.4494	  1.0056	  1.0000	  0.0000
512.0000	 96.0000	 -0.5100	  0.8842	  1.0000	  1.0000
544.0000	 96.0000	 -0.5542	  0.7644	  1.0000	  1.0003
576.0000	 96.0000	 -0.5849	  0.6921	  1.0000	  1.0008
608.0000	 96.0000	 -0.6280	  0.6934	  0.0000	  1.0296
640.0000	 96.0000	 -0.7013	  0.7440	  0.0000	  1.0332
672.0000	 96.0000	 -0.8279	  0.7778	  0.0000	  1.0257
704.0000	 96.0000	 -0.9007	  0.6640	  0.0000	  1.0123
736.0000	 96.0000	 -0.9039	  0.3330	  1.0000	  1.0002
768.0000	 96.0000	 -0.8049	  0.1494	  1.0000	  1.0003
800.0000	 96.0000	 -0.6347	  0.1913	  0.0000	  1.0087
832.0000	 96.0000	 -0.5415	  0.2374	  0.0000	  1.0159
864.0000	 96.0000	 -0.5580	  0.2228	  0.0000	  1.0210
896.0000	 96.0000	 -0.6316	  0.1642	  0.0000	  1.0249
928.0000	 96.0000	 -0.7543	  0.1218	  0.0000	  1.0187
960.0000	 96.0000	 -0.9361	  0.1421	  0.0000	  1.0031
992.0000	 96.0000	 -0.9892	  0.2576	  0.0000	  1.0143
1024.0000	 96.0000	 -1.0363	  0.3734	  0.0000	  1.0194
 32.0000	128.0000	 -0.6284	  0.4145	  0.0000	  1.0240
 64.0000	128.0000	 -0.6047	  0.4276	  0.0000	  1.0187
 96.0000	128.0000	 -0.5848	  0.3839	  1.0000	  1.0138
128.0000	128.0000	 -0.5435	  0.3123	  0.0000	  1.0345
160.0000	128.0000	 -0.5217	  0.2634	  0.0000	  1.0231
192.0000	128.0000	 -0.4377	  0.2594	  0.0000	  1.0266
224.0000	128.0000	 -0.4095	  0.2983	  0.0000	  1.0220
256.0000	128.0000	 -0.4013	  0.4033	  0.0000	  1.0226
288.0000	128.0000	 -0.3507	  0.5468	  0.0000	  1.0388
320.0000	128.0000	 -0.2662	  0.6541	  0.0000	  1.0256
352.0000	128.0000	 -0.2598	  0.7444	  1.0000	  1.0004
384.0000	128.0000	 -0.2814	  0.8240	  1.0000	  1.0008
416.0000	128.0000	 -0.3324	  0.8728	  1.0000	  1.0002
448.0000	128.0000	 -0.4058	  0.8746	  1.0000	  1.0012
480.0000	128.0000	 -0.4875	  0.8117	  1.0000	  0.0000
512.0000	128.0000	 -0.5609	  0.7074	  1.0000	  1.0007
544.0000	128.0000	 -0.6081	  0.5924	  1.0000	  1.0010
576.0000	128.0000	 -0.6257	  0.5057	  0.0000	  1.0417
608.0000	128.0000	 -0.6566	  0.4819	  0.0000	  1.0361
640.0000	128.0000	 -0.7405	  0.5215	  0.0000	  1.0171
672.0000	128.0000	 -0.8757	  0.5043	  0.0000	  1.0143
704.0000	128.0000	 -0.9995	  0.2500	  0.0000	  1.0168
736.0000	128.0000	 -1.0870	 -0.2740	  1.0000	  1.0007
768.0000	128.0000	 -1.0440	 -0.5572	  1.0000	  1.0001
800.0000	128.0000	 -0.8856	 -0.4851	  0.0000	  1.0177
832.0000	128.0000	 -0.7780	 -0.3499	  0.0000	  1.0140
864.0000	128.0000	 -0.7435	 -0.2121	  1.0000	  1.0170
896.0000	128.0000	 -0.7514	 -0.0595	  1.0000	  1.0016
928.0000	128.0000	 -0.8073	  0.0914	  1.0000	  1.0006
960.0000	128.0000	 -0.9132	  0.2463	  1.0000	  1.0001
992.0000	128.0000	 -0.9980	  0.4147	  0.0000	  1.0142
1024.0000	128.0000	 -1.0951	  0.5137	  0.0000	  1.0115
 32.0000	160.0000	 -0.1635	  0.3260	  0.0000	  1.0350
 64.0000	160.0000	 -0.2408	  0.3200	  0.0000	  1.0548
 96.0000	160.0000	 -0.3587	  0.2942	  1.0000	  1.0025
128.0000	160.0000	 -0.3889	  0.2112	  0.0000	  1.0185
160.0000	160.0000	 -0.3683	  0.1650	  0.0000	  1.0106
192.0000	160.0000	 -0.3339	  0.2084	  0.0000	  1.0247
224.0000	160.0000	 -0.3370	  0.2912	  0.0000	  1.0286
256.0000	160.0000	 -0.3775	  0.3867	  0.0000	  1.0353
288.0000	160.0000	 -0.4035	  0.4666	  0.0000	  1.0423
320.0000	160.0000	 -0.3485	  0.5450	  1.0000	  1.0018
352.0000	160.0000	 -0.3094	  0.6261	  1.0000	  0.0000
384.0000	160.0000	 -0.3003	  0.6884	  1.0000	  1.0003
416.0000	160.0000	 -0.3404	  0.7073	  1.0000	  1.0001
448.0000	160.0000	 -0.4273	  0.6864	  1.0000	  1.0003
480.0000	160.0000	 -0.5323	  0.6207	  1.0000	  1.0010
512.0000	160.0000	 -0.6345	  0.5197	  1.0000	  1.0015
544.0000	160.0000	 -0.7086	  0.4003	  1.0000	  1.0016
576.0000	160.0000	 -0.7298	  0.2839	  0.0000	  1.0177
608.0000	160.0000	 -0.7319	  0.2278	  0.0000	  1.0135
640.0000	160.0000	 -0.8070	  0.2573	  0.0000	  1.0167
672.0000	160.0000	 -0.9294	  0.2117	  0.0000	  1.0177
704.0000	160.0000	 -1.0778	 -0.1343	  0.0000	  1.0150
736.0000	160.0000	 -1.2361	 -0.8417	  1.0000	  1.0002
768.0000	160.0000	 -1.2746	 -1.2831	  1.0000	  1.0008
800.0000	160.0000	 -1.2078	 -1.3734	  1.0000	  1.0010
832.0000	160.0000	 -1.0835	 -1.1550	  1.0000	  1.0020
864.0000	160.0000	 -0.9395	 -0.7265	  1.0000	  1.0007
896.0000	160.0000	 -0.8434	 -0.3096	  1.0000	  1.0003
928.0000	160.0000	 -0.8063	  0.0367	  1.0000	  1.0016
960.0000	160.0000	 -0.8274	  0.2979	  1.0000	  1.0002
992.0000	160.0000	 -0.8732	  0.4768	  1.0000	  1.0012
1024.0000	160.0000	 -0.9303	  0.5597	  1.0000	  1.0015
 32.0000	192.0000	  0.0228	  0.3343	  0.0000	  1.0247
 64.0000	192.0000	 -0.1096	  0.3144	  0.0000	  1.0312
 96.0000	192.0000	 -0.2559	  0.2959	  1.0000	  1.0177
128.0000	192.0000	 -0.3250	  0.2283	  0.0000	  1.0178
160.0000	192.0000	 -0.3004	  0.1516	  0.0000	  1.0214
192.0000	192.0000	 -0.2997	  0.1982	  0.0000	  1.0080
224.0000	192.0000	 -0.2919	  0.2732	  0.0000	  1.0525
256.0000	192.0000	 -0.3422	  0.3298	  0.0000	  1.0283
288.0000	192.0000	 -0.4178	  0.3670	  0.0000	  1.0217
320.0000	192.0000	 -0.4032	  0.4210	  0.0000	  1.0369
352.0000	192.0000	 -0.3450	  0.5115	  1.0000	  1.0338
384.0000	192.0000	 -0.3012	  0.5820	  1.0000	  1.0017
416.0000	192.0000	 -0.3294	  0.5786	  0.0000	  1.0067
448.0000	192.0000	 -0.4419	  0.5343	  0.0000	  1.0285
480.0000	192.0000	 -0.5760	  0.4578	  1.0000	  1.0369
512.0000	192.0000	 -0.7154	  0.3584	  1.0000	  1.0003
544.0000	192.0000	 -0.8363	  0.2364	  0.0000	  1.0191
576.0000	192.0000	 -0.8750	  0.0750	  0.0000	  1.0215
608.0000	192.0000	 -0.8427	 -0.0143	  0.0000	  1.0155
640.0000	192.0000	 -0.8701	  0.0062	  0.0000	  1.0283
672.0000	192.0000	 -0.9400	 -0.0600	  0.0000	  1.0331
704.0000	192.0000	 -1.0716	 -0.4495	  0.0000	  1.0325
736.0000	192.0000	 -1.2616	 -1.2056	  1.0000	  1.0015
768.0000	192.0000	 -1.3473	 -1.6792	  1.0000	  1.0014
800.0000	192.0000	 -1.3558	 -1.8612	  1.0000	  1.0005
832.0000	192.0000	 -1.2376	 -1.5892	  1.0000	  0.0000
864.0000	192.0000	 -1.0338	 -0.9845	  1.0000	  1.0002
896.0000	192.0000	 -0.8603	 -0.3968	  1.0000	  1.0001
928.0000	192.0000	 -0.7464	  0.0612	  1.0000	  0.0000
960.0000	192.0000	 -0.6961	  0.3619	  1.0000	  1.0003
992.0000	192.0000	 -0.6903	  0.5193	  1.0000	  0.0000
1024.0000	192.0000	 -0.7073	  0.5716	  1.0000	  1.0007
 32.0000	224.0000	 -0.0074	  0.4219	  1.0000	  1.0126
 64.0000	224.0000	 -0.0910	  0.4187	  0.0000	  1.0230
 96.0000	224.0000	 -0.1958	  0.3723	  0.0000	  1.0248
128.0000	224.0000	 -0.2181	  0.2902	  0.0000	  1.0385
160.0000	224.0000	 -0.1992	  0.2033	  0.0000	  1.0497
192.0000	224.0000	 -0.1904	  0.1847	  0.0000	  1.0422
224.0000	224.0000	 -0.2161	  0.2221	  0.0000	  1.0381
256.0000	224.0000	 -0.2994	  0.2512	  0.0000	  1.0203
288.0000	224.0000	 -0.3973	  0.2683	  0.0000	  1.0168
320.0000	224.0000	 -0.4159	  0.3173	  0.0000	  1.0272
352.0000	224.0000	 -0.3521	  0.4220	  0.0000	  1.0211
384.0000	224.0000	 -0.2739	  0.5321	  0.0000	  1.0237
416.0000	224.0000	 -0.3071	  0.5317	  0.0000	  1.0331
448.0000	224.0000	 -0.4391	  0.4342	  0.0000	  1.0384
480.0000	224.0000	 -0.6003	  0.3316	  0.0000	  1.0390
512.0000	224.0000	 -0.7606	  0.2361	  1.0000	  1.0000
544.0000	224.0000	 -0.8912	  0.1087	  1.0000	  1.0191
576.0000	224.0000	 -0.9620	 -0.0711	  0.0000	  1.0163
608.0000	224.0000	 -0.9222	 -0.1610	  0.0000	  1.0246
640.0000	224.0000	 -0.8616	 -0.1219	  0.0000	  1.0372
672.0000	224.0000	 -0.8307	 -0.1848	  0.0000	  1.0427
704.0000	224.0000	 -0.9071	 -0.5497	  0.0000	  1.0301
736.0000	224.0000	 -1.0784	 -1.2030	  1.0000	  1.0007
768.0000	224.0000	 -1.2057	 -1.6155	  1.0000	  1.0031
800.0000	224.0000	 -1.2513	 -1.6946	  1.0000	  1.0002
832.0000	224.0000	 -1.1676	 -1.3570	  1.0000	  1.0013
864.0000	224.0000	 -0.9744	 -0.7028	  1.0000	  1.0015
896.0000	224.0000	 -0.7869	 -0.0946	  1.0000	  1.0010
928.0000	224.0000	 -0.6386	  0.3224	  1.0000	  1.0017
960.0000	224.0000	 -0.5411	  0.5344	  0.0000	  1.0253
992.0000	224.0000	 -0.4937	  0.5811	  0.0000	  1.0237
1024.0000	224.0000	 -0.4794	  0.5546	  1.0000	  1.0004
 32.0000	256.0000	  0.0113	  0.4959	  1.0000	  1.0001
 64.0000	256.0000	 -0.0120	  0.4801	  0.0000	  1.0051
 96.0000	256.0000	 -0.0389	  0.4173	  0.0000	  1.0243
128.0000	256.0000	 -0.0327	  0.3227	  0.0000	  1.0359
160.0000	256.0000	 -0.0561	  0.2231	  0.0000	  1.0290
192.0000	256.0000	 -0.0760	  0.1468	  0.0000	  1.0282
224.0000	256.0000	 -0.1459	  0.1307	  0.0000	  1.0286
256.0000	256.0000	 -0.2645	  0.1207	  0.0000	  1.0147
288.0000	256.0000	 -0.3748	  0.1172	  0.0000	  1.0088
320.0000	256.0000	 -0.4113	  0.1812	  0.0000	  1.0223
352.0000	256.0000	 -0.3413	  0.3329	  0.0000	  1.0342
384.0000	256.0000	 -0.2448	  0.4645	  0.0000	  1.0236
416.0000	256.0000	 -0.2774	  0.4582	  0.0000	  1.0408
448.0000	256.0000	 -0.4135	  0.3410	  0.0000	  1.0428
480.0000	256.0000	 -0.5901	  0.2432	  0.0000	  1.0433
512.0000	256.0000	 -0.7629	  0.1863	  1.0000	  1.0000
544.0000	256.0000	 -0.8712	  0.1329	  1.0000	  1.0005
576.0000	256.0000	 -0.8894	  0.0569	  1.0000	  1.0001
608.0000	256.0000	 -0.8009	  0.0139	  0.0000	  1.0303
640.0000	256.0000	 -0.6340	  0.0327	  0.0000	  1.0409
672.0000	256.0000	 -0.4887	 -0.0200	  0.0000	  1.0143
704.0000	256.0000	 -0.4685	 -0.2677	  1.0000	  1.0003
736.0000	256.0000	 -0.5746	 -0.5829	  1.0000	  1.0009
768.0000	256.0000	 -0.7256	 -0.7227	  1.0000	  1.0000
800.0000	256.0000	 -0.8457	 -0.6095	  1.0000	  1.0007
832.0000	256.0000	 -0.8658	 -0.2337	  1.0000	  1.0248
864.0000	256.0000	 -0.7719	  0.3403	  1.0000	  1.0224
896.0000	256.0000	 -0.6506	  0.8081	  1.0000	  1.0005
928.0000	256.0000	 -0.5202	  0.9873	  1.0000	  1.0007
960.0000	256.0000	 -0.4044	  0.9094	  1.0000	  1.0238
992.0000	256.0000	 -0.3230	  0.7074	  0.0000	  1.0207
1024.0000	256.0000	 -0.2744	  0.5362	  1.0000	  1.0004
 32.0000	288.0000	  0.1039	  0.5490	  1.0000	  0.0000
 64.0000	288.0000	  0.1056	  0.5037	  1.0000	  0.0000
 96.0000	288.0000	  0.1249	  0.4226	  1.0000	  1.0005
128.0000	288.0000	  0.1585	  0.3168	  0.0000	  1.0021
160.0000	288.0000	  0.0568	  0.2228	  1.0000	  1.0036
192.0000	288.0000	 -0.0196	  0.1216	  0.0000	  1.0286
224.0000	288.0000	 -0.1240	  0.0518	  0.0000	  1.0158
256.0000	288.0000	 -0.2581	 -0.0003	  0.0000	  1.0143
288.0000	288.0000	 -0.3638	 -0.0066	  0.0000	  1.0108
320.0000	288.0000	 -0.3803	  0.0788	  0.0000	  1.0061
352.0000	288.0000	 -0.2958	  0.2791	  1.0000	  1.0037
384.0000	288.0000	 -0.1952	  0.3964	  0.0000	  1.0255
416.0000	288.0000	 -0.2159	  0.3535	  0.0000	  1.0526
448.0000	288.0000	 -0.3381	  0.2385	  0.0000	  1.0163
480.0000	288.0000	 -0.5225	  0.1609	  0.0000	  1.0379
512.0000	288.0000	 -0.7053	  0.1483	  1.0000	  0.0000
544.0000	288.0000	 -0.7700	  0.2111	  1.0000	  1.0006
576.0000	288.0000	 -0.6822	  0.2642	  1.0000	  1.0003
608.0000	288.0000	 -0.4270	  0.3360	  1.0000	  0.0000
640.0000	288.0000	 -0.0926	  0.4481	  1.0000	  1.0004
672.0000	288.0000	  0.2054	  0.5614	  1.0000	  1.0005
704.0000	288.0000	  0.3402	  0.6428	  1.0000	  1.0003
736.0000	288.0000	  0.2803	  0.7658	  1.0000	  1.0004
768.0000	288.0000	  0.0737	  1.0236	  1.0000	  1.0004
800.0000	288.0000	 -0.1861	  1.4064	  1.0000	  1.0005
832.0000	288.0000	 -0.3942	  1.8091	  0.0000	  1.0150
864.0000	288.0000	 -0.4902	  2.2006	  0.0000	  1.0141
896.0000	288.0000	 -0.5099	  2.4115	  1.0000	  1.0002
928.0000	288.0000	 -0.4390	  2.1808	  1.0000	  1.0004
960.0000	288.0000	 -0.3163	  1.6287	  1.0000	  1.0008
992.0000	288.0000	 -0.1889	  1.0064	  1.0000	  1.0001
1024.0000	288.0000	 -0.1109	  0.5970	  1.0000	  1.0010
 32.0000	320.0000	  0.2077	  0.5937	  1.0000	  1.0008
 64.0000	320.0000	  0.1888	  0.5159	  1.0000	  1.0001
 96.0000	320.0000	  0.1764	  0.4208	  1.0000	  0.0000
128.0000	320.0000	  0.1461	  0.3237	  1.0000	  1.0020
160.0000	320.0000	  0.0489	  0.2327	  0.0000	  1.0429
192.0000	320.0000	 -0.0319	  0.1214	  0.0000	  1.0518
224.0000	320.0000	 -0.1374	  0.0143	  0.0000	  1.0206
256.0000	320.0000	 -0.2696	 -0.0509	  0.0000	  1.0144
288.0000	320.0000	 -0.3385	 -0.0267	  0.0000	  1.0278
320.0000	320.0000	 -0.3074	  0.1106	  0.0000	  1.0429
352.0000	320.0000	 -0.2090	  0.3054	  0.0000	  1.0254
384.0000	320.0000	 -0.1098	  0.3543	  0.0000	  1.0400
416.0000	320.0000	 -0.0783	  0.2284	  0.0000	  1.0317
448.0000	320.0000	 -0.1560	  0.0808	  1.0000	  1.0004
480.0000	320.0000	 -0.3335	 -0.0132	  1.0000	  1.0007
512.0000	320.0000	 -0.5360	  0.0078	  0.0000	  1.0033
544.0000	320.0000	 -0.5442	  0.2185	  0.0000	  1.0233
576.0000	320.0000	 -0.3310	  0.4008	  0.0000	  1.0233
608.0000	320.0000	  0.1313	  0.6279	  1.0000	  1.0002
640.0000	320.0000	  0.6692	  0.9494	  1.0000	  1.0021
672.0000	320.0000	  1.1438	  1.3636	  1.0000	  1.0009
704.0000	320.0000	  1.3846	  1.8634	  1.0000	  1.0000
736.0000	320.0000	  1.3276	  2.4757	  1.0000	  1.0006
768.0000	320.0000	  1.0071	  3.2125	  1.0000	  1.0001
800.0000	320.0000	  0.5325	  3.9887	  1.0000	  0.0000
832.0000	320.0000	  0.0557	  4.6095	  1.0000	  1.0028
864.0000	320.0000	 -0.2896	  4.8917	  1.0000	  1.0018
896.0000	320.0000	 -0.4693	  4.6951	  1.0000	  1.0001
928.0000	320.0000	 -0.4747	  3.9265	  1.0000	  1.0005
960.0000	320.0000	 -0.3557	  2.7930	  1.0000	  1.0002
992.0000	320.0000	 -0.1791	  1.6351	  0.0000	  1.0302
1024.0000	320.0000	 -0.0652	  0.9201	  0.0000	  1.0296
 32.0000	352.0000	  0.2723	  0.6252	  0.0000	  1.0088
 64.0000	352.0000	  0.2138	  0.5071	  1.0000	  1.0006
 96.0000	352.0000	  0.1630	  0.3998	  1.0000	  1.0002
128.0000	352.0000	  0.0954	  0.3117	  0.0000	  1.0254
160.0000	352.0000	  0.0253	  0.2255	  0.0000	  1.0371
192.0000	352.0000	 -0.0277	  0.1177	  0.0000	  1.0261
224.0000	352.0000	 -0.1096	  0.0025	  0.0000	  1.0202
256.0000	352.0000	 -0.2212	 -0.0466	  0.0000	  1.0237
288.0000	352.0000	 -0.2359	  0.0124	  0.0000	  1.0330
320.0000	352.0000	 -0.1357	  0.1765	  0.0000	  1.0385
352.0000	352.0000	  0.0154	  0.3582	  0.0000	  1.0206
384.0000	352.0000	  0.1041	  0.3474	  0.0000	  1.0147
416.0000	352.0000	  0.1910	  0.1016	  1.0000	  1.0044
448.0000	352.0000	  0.1652	 -0.1514	  1.0000	  1.0005
480.0000	352.0000	  0.0350	 -0.3146	  1.0000	  1.0001
512.0000	352.0000	 -0.1029	 -0.2992	  1.0000	  1.0035
544.0000	352.0000	 -0.0664	 -0.0427	  0.0000	  1.0252
576.0000	352.0000	  0.2956	  0.2577	  1.0000	  1.0246
608.0000	352.0000	  0.8833	  0.7339	  1.0000	  1.0003
640.0000	352.0000	  1.5828	  1.3714	  1.0000	  1.0014
672.0000	352.0000	  2.2034	  2.1690	  1.0000	  1.0001
704.0000	352.0000	  2.5015	  3.1194	  1.0000	  1.0001
736.0000	352.0000	  2.3821	  4.2156	  1.0000	  1.0011
768.0000	352.0000	  1.8869	  5.4299	  1.0000	  1.0005
800.0000	352.0000	  1.1440	  6.6157	  1.0000	  1.0003
832.0000	352.0000	  0.3669	  7.5110	  1.0000	  1.0003
864.0000	352.0000	 -0.2388	  7.7503	  1.0000	  1.0032
896.0000	352.0000	 -0.5956	  7.2480	  1.0000	  1.0011
928.0000	352.0000	 -0.6940	  6.0200	  1.0000	  1.0007
960.0000	352.0000	 -0.6190	  4.4554	  1.0000	  1.0008
992.0000	352.0000	 -0.4587	  3.0105	  1.0000	  1.0162
1024.0000	352.0000	 -0.3121	  1.9889	  0.0000	  1.0167
 32.0000	384.0000	  0.1937	  0.5055	  1.0000	  1.0083
 64.0000	384.0000	  0.1573	  0.4256	  1.0000	  1.0017
 96.0000	384.0000	  0.1130	  0.3368	  1.0000	  1.0008
128.0000	384.0000	  0.0647	  0.2526	  0.0000	  1.0139
160.0000	384.0000	  0.0380	  0.1849	  0.0000	  1.0208
192.0000	384.0000	  0.0293	  0.1075	  0.0000	  1.0204
224.0000	384.0000	 -0.0058	  0.0287	  0.0000	  1.0155
256.0000	384.0000	 -0.0828	  0.0280	  0.0000	  1.0393
288.0000	384.0000	 -0.0529	  0.1207	  1.0000	  0.0000
320.0000	384.0000	  0.0901	  0.2414	  0.0000	  1.0232
352.0000	384.0000	  0.2842	  0.2988	  0.0000	  1.0377
384.0000	384.0000	  0.4150	  0.1851	  1.0000	  0.0000
416.0000	384.0000	  0.5365	 -0.1214	  1.0000	  0.0000
448.0000	384.0000	  0.5674	 -0.4911	  1.0000	  1.0015
480.0000	384.0000	  0.5096	 -0.7833	  1.0000	  1.0006
512.0000	384.0000	  0.4633	 -0.8735	  1.0000	  1.0007
544.0000	384.0000	  0.5942	 -0.6675	  1.0000	  1.0003
576.0000	384.0000	  1.0167	 -0.1931	  1.0000	  1.0004
608.0000	384.0000	  1.6958	  0.5770	  1.0000	  1.0000
640.0000	384.0000	  2.4954	  1.5668	  1.0000	  1.0005
672.0000	384.0000	  3.1759	  2.7547	  1.0000	  1.0004
704.0000	384.0000	  3.4366	  4.1088	  1.0000	  1.0006
736.0000	384.0000	  3.1660	  5.5953	  1.0000	  1.0005
768.0000	384.0000	  2.4542	  7.1885	  1.0000	  1.0004
800.0000	384.0000	  1.4174	  8.6671	  1.0000	  1.0002
832.0000	384.0000	  0.3696	  9.8187	  1.0000	  0.0000
864.0000	384.0000	 -0.4527	 10.0308	  1.0000	  1.0006
896.0000	384.0000	 -0.9644	  9.4063	  1.0000	  1.0021
928.0000	384.0000	 -1.1379	  7.9167	  1.0000	  1.0001
960.0000	384.0000	 -1.0898	  6.1539	  1.0000	  1.0004
992.0000	384.0000	 -0.9284	  4.5670	  1.0000	  1.0089
1024.0000	384.0000	 -0.8061	  3.5816	  1.0000	  1.0119
 32.0000	416.0000	  0.1049	  0.4039	  1.0000	  1.0013
 64.0000	416.0000	  0.0954	  0.3408	  1.0000	  1.0011
 96.0000	416.0000	  0.0680	  0.2699	  1.0000	  1.0030
128.0000	416.0000	  0.0423	  0.2134	  1.0000	  0.0000
160.0000	416.0000	  0.0592	  0.1696	  0.0000	  1.0062
192.0000	416.0000	  0.0733	  0.1281	  0.0000	  1.0085
224.0000	416.0000	  0.0870	  0.0977	  0.0000	  1.0168
256.0000	416.0000	  0.0203	  0.1536	  1.0000	  1.0144
288.0000	416.0000	  0.0561	  0.2491	  1.0000	  1.0017
320.0000	416.0000	  0.2120	  0.3260	  1.0000	  1.0004
352.0000	416.0000	  0.4317	  0.2831	  1.0000	  1.0013
384.0000	416.0000	  0.6412	  0.0520	  1.0000	  1.0017
416.0000	416.0000	  0.8389	 -0.3541	  1.0000	  1.0007
448.0000	416.0000	  0.9521	 -0.8727	  1.0000	  1.0002
480.0000	416.0000	  0.9832	 -1.3386	  1.0000	  1.0001
512.0000	416.0000	  1.0371	 -1.5900	  1.0000	  1.0000
544.0000	416.0000	  1.2600	 -1.4630	  1.0000	  1.0010
576.0000	416.0000	  1.7432	 -0.8797	  1.0000	  1.0007
608.0000	416.0000	  2.4737	  0.1445	  1.0000	  1.0001
640.0000	416.0000	  3.2905	  1.4453	  1.0000	  1.0002
672.0000	416.0000	  3.9204	  2.9541	  1.0000	  1.0005
704.0000	416.0000	  4.0366	  4.5926	  1.0000	  1.0001
736.0000	416.0000	  3.5294	  6.2991	  1.0000	  1.0001
768.0000	416.0000	  2.6250	  8.1461	  1.0000	  1.0011
800.0000	416.0000	  1.3806	  9.8457	  1.0000	  1.0001
832.0000	416.0000	  0.1248	 10.9570	  1.0000	  1.0004
864.0000	416.0000	 -0.8313	 11.0094	  1.0000	  1.0015
896.0000	416.0000	 -1.4636	 10.5233	  1.0000	  1.0010
928.0000	416.0000	 -1.7231	  9.2174	  1.0000	  0.0000
960.0000	416.0000	 -1.6936	  7.4293	  1.0000	  0.0000
992.0000	416.0000	 -1.5244	  5.8225	  1.0000	  1.0002
1024.0000	416.0000	 -1.3891	  4.8288	  1.0000	  1.0003
 32.0000	448.0000	  0.0733	  0.3679	  1.0000	  0.0000
 64.0000	448.0000	  0.0867	  0.2843	  0.0000	  1.0289
 96.0000	448.0000	  0.0487	  0.2020	  0.0000	  1.0235
128.0000	448.0000	 -0.0144	  0.1739	  0.0000	  1.0325
160.0000	448.0000	 -0.0199	  0.1710	  0.0000	  1.0326
192.0000	448.0000	 -0.0084	  0.1703	  1.0000	  1.0002
224.0000	448.0000	  0.0051	  0.2052	  1.0000	  1.0003
256.0000	448.0000	 -0.0138	  0.2777	  1.0000	  1.0021
288.0000	448.0000	  0.0374	  0.3565	  1.0000	  1.0007
320.0000	448.0000	  0.2198	  0.3933	  1.0000	  1.0008
352.0000	448.0000	  0.4807	  0.2821	  1.0000	  1.0012
384.0000	448.0000	  0.7646	 -0.0392	  1.0000	  1.0001
416.0000	448.0000	  1.0403	 -0.5552	  1.0000	  1.0001
448.0000	448.0000	  1.2416	 -1.2210	  1.0000	  1.0006
480.0000	448.0000	  1.3670	 -1.8554	  1.0000	  1.0032
512.0000	448.0000	  1.5273	 -2.2905	  1.0000	  1.0004
544.0000	448.0000	  1.8393	 -2.2924	  1.0000	  1.0001
576.0000	448.0000	  2.3757	 -1.6967	  1.0000	  1.0011
608.0000	448.0000	  3.1142	 -0.5236	  1.0000	  1.0015
640.0000	448.0000	  3.8566	  0.9782	  1.0000	  0.0000
672.0000	448.0000	  4.3304	  2.6837	  1.0000	  1.0011
704.0000	448.0000	  4.2373	  4.4645	  1.0000	  1.0002
736.0000	448.0000	  3.5096	  6.2330	  1.0000	  0.0000
768.0000	448.0000	  2.3667	  8.0302	  1.0000	  0.0000
800.0000	448.0000	  0.9604	  9.6840	  1.0000	  1.0005
832.0000	448.0000	 -0.3896	 10.7617	  1.0000	  0.0000
864.0000	448.0000	 -1.3795	 10.8268	  1.0000	  1.0024
896.0000	448.0000	 -2.0263	 10.3875	  1.0000	  1.0001
928.0000	448.0000	 -2.3388	  9.4055	  1.0000	  1.0007
960.0000	448.0000	 -2.3579	  7.9278	  1.0000	  1.0002
992.0000	448.0000	 -2.2128	  6.5610	  1.0000	  1.0001
1024.0000	448.0000	 -2.0827	  5.6909	  1.0000	  1.0002
 32.0000	480.0000	  0.0889	  0.4128	  1.0000	  1.0098
 64.0000	480.0000	  0.0976	  0.2888	  0.0000	  1.0465
 96.0000	480.0000	  0.0362	  0.1409	  0.0000	  1.0165
128.0000	480.0000	 -0.0597	  0.1086	  0.0000	  1.0244
160.0000	480.0000	 -0.1010	  0.1301	  0.0000	  1.0205
192.0000	480.0000	 -0.1128	  0.1681	  0.0000	  1.0083
224.0000	480.0000	 -0.1005	  0.2614	  0.0000	  1.0270
256.0000	480.0000	 -0.1137	  0.3467	  0.0000	  1.0478
288.0000	480.0000	 -0.0815	  0.4048	  0.0000	  1.0145
320.0000	480.0000	  0.1276	  0.4080	  1.0000	  1.0006
352.0000	480.0000	  0.4306	  0.2602	  1.0000	  1.0008
384.0000	480.0000	  0.7701	 -0.1260	  1.0000	  1.0007
416.0000	480.0000	  1.1161	 -0.7174	  1.0000	  1.0000
448.0000	480.0000	  1.4036	 -1.5137	  1.0000	  1.0006
480.0000	480.0000	  1.6318	 -2.3128	  1.0000	  1.0010
512.0000	480.0000	  1.8772	 -2.8887	  1.0000	  1.0007
544.0000	480.0000	  2.2534	 -3.0657	  1.0000	  1.0019
576.0000	480.0000	  2.8055	 -2.5639	  1.0000	  1.0002
608.0000	480.0000	  3.4850	 -1.3841	  1.0000	  1.0004
640.0000	480.0000	  4.0533	  0.1625	  1.0000	  1.0006
672.0000	480.0000	  4.2716	  1.9052	  1.0000	  1.0006
704.0000	480.0000	  3.9015	  3.6572	  1.0000	  1.0006
736.0000	480.0000	  2.9142	  5.2691	  1.0000	  1.0005
768.0000	480.0000	  1.6408	  6.8435	  1.0000	  1.0009
800.0000	480.0000	  0.1943	  8.2690	  1.0000	  1.0005
832.0000	480.0000	 -1.1098	  9.3914	  1.0000	  1.0001
864.0000	480.0000	 -2.0429	  9.7147	  1.0000	  1.0015
896.0000	480.0000	 -2.6355	  9.4377	  1.0000	  1.0001
928.0000	480.0000	 -2.9191	  8.6314	  1.0000	  1.0002
960.0000	480.0000	 -3.0111	  7.6570	  1.0000	  1.0000
992.0000	480.0000	 -2.9260	  6.7144	  1.0000	  1.0006
1024.0000	480.0000	 -2.8277	  6.0839	  1.0000	  1.0002
 32.0000	512.0000	  0.1208	  0.4848	  0.0000	  1.0136
 64.0000	512.0000	  0.1343	  0.3063	  0.0000	  1.0023
 96.0000	512.0000	  0.0549	  0.1065	  0.0000	  1.0227
128.0000	512.0000	 -0.0519	  0.0172	  0.0000	  1.0184
160.0000	512.0000	 -0.1283	  0.0237	  0.0000	  1.0256
192.0000	512.0000	 -0.1814	  0.0934	  0.0000	  1.0399
224.0000	512.0000	 -0.1801	  0.2041	  0.0000	  1.0363
256.0000	512.0000	 -0.1847	  0.2978	  0.0000	  1.0391
288.0000	512.0000	 -0.1680	  0.3540	  0.0000	  1.0395
320.0000	512.0000	  0.0113	  0.3584	  0.0000	  1.0245
352.0000	512.0000	  0.3321	  0.2289	  1.0000	  0.0000
384.0000	512.0000	  0.7030	 -0.1654	  1.0000	  1.0009
416.0000	512.0000	  1.0851	 -0.8039	  1.0000	  1.0000
448.0000	512.0000	  1.4319	 -1.7015	  0.0000	  1.0011
480.0000	512.0000	  1.7468	 -2.6369	  1.0000	  1.0004
512.0000	512.0000	  2.0645	 -3.3965	  1.0000	  1.0027
544.0000	512.0000	  2.4714	 -3.7470	  1.0000	  1.0000
576.0000	512.0000	  2.9902	 -3.4283	  1.0000	  1.0016
608.0000	512.0000	  3.5394	 -2.3907	  1.0000	  1.0000
640.0000	512.0000	  3.8548	 -0.9474	  1.0000	  1.0011
672.0000	512.0000	  3.7682	  0.7123	  1.0000	  1.0005
704.0000	512.0000	  3.1456	  2.3634	  1.0000	  1.0000
736.0000	512.0000	  2.0263	  3.8103	  1.0000	  1.0006
768.0000	512.0000	  0.6616	  5.0344	  1.0000	  1.0001
800.0000	512.0000	 -0.7139	  6.2107	  1.0000	  1.0015
832.0000	512.0000	 -1.8559	  7.1599	  1.0000	  1.0005
864.0000	512.0000	 -2.6143	  7.5821	  1.0000	  1.0009
896.0000	512.0000	 -3.1301	  7.5956	  1.0000	  1.0013
928.0000	512.0000	 -3.4398	  7.2682	  1.0000	  1.0006
960.0000	512.0000	 -3.5884	  6.8104	  1.0000	  1.0008
992.0000	512.0000	 -3.5631	  6.3135	  1.0000	  1.0008
1024.0000	512.0000	 -3.5034	  5.9518	  1.0000	  1.0005
 32.0000	544.0000	  0.2294	  0.3146	  0.0000	  1.0173
 64.0000	544.0000	  0.2133	  0.2009	  0.0000	  1.0107
 96.0000	544.0000	  0.1058	  0.0597	  1.0000	  1.0007
128.0000	544.0000	  0.0013	 -0.0465	  0.0000	  1.0162
160.0000	544.0000	 -0.1013	 -0.0643	  0.0000	  1.0327
192.0000	544.0000	 -0.1906	 -0.0117	  0.0000	  1.0296
224.0000	544.0000	 -0.2103	  0.0830	  0.0000	  1.0388
256.0000	544.0000	 -0.2083	  0.1842	  0.0000	  1.0406
288.0000	544.0000	 -0.1879	  0.2699	  0.0000	  1.0409
320.0000	544.0000	 -0.0344	  0.3065	  0.0000	  1.0233
352.0000	544.0000	  0.2565	  0.2132	  1.0000	  1.0042
384.0000	544.0000	  0.6155	 -0.1472	  1.0000	  1.0004
416.0000	544.0000	  1.0036	 -0.7976	  1.0000	  1.0003
448.0000	544.0000	  1.3836	 -1.7279	  1.0000	  1.0001
480.0000	544.0000	  1.7455	 -2.7657	  1.0000	  1.0045
512.0000	544.0000	  2.1076	 -3.6814	  1.0000	  1.0001
544.0000	544.0000	  2.5252	 -4.2291	  1.0000	  1.0002
576.0000	544.0000	  2.9933	 -4.1477	  1.0000	  1.0007
608.0000	544.0000	  3.3965	 -3.3381	  1.0000	  0.0000
640.0000	544.0000	  3.4598	 -2.0766	  1.0000	  1.0003
672.0000	544.0000	  3.0996	 -0.5624	  1.0000	  1.0005
704.0000	544.0000	  2.2730	  0.9353	  1.0000	  1.0015
736.0000	544.0000	  1.0698	  2.1713	  1.0000	  1.0001
768.0000	544.0000	 -0.2785	  3.0667	  1.0000	  1.0001
800.0000	544.0000	 -1.5150	  3.9458	  1.0000	  1.0012
832.0000	544.0000	 -2.4739	  4.7539	  1.0000	  1.0011
864.0000	544.0000	 -3.1226	  5.3237	  1.0000	  0.0000
896.0000	544.0000	 -3.5846	  5.6478	  1.0000	  1.0011
928.0000	544.0000	 -3.9018	  5.7535	  1.0000	  1.0005
960.0000	544.0000	 -4.0483	  5.7002	  1.0000	  1.0002
992.0000	544.0000	 -4.0603	  5.5879	  1.0000	  1.0005
1024.0000	544.0000	 -4.0337	  5.4669	  1.0000	  1.0004
 32.0000	576.0000	  0.2495	  0.1961	  1.0000	  1.0001
 64.0000	576.0000	  0.2157	  0.1251	  1.0000	  0.0000
 96.0000	576.0000	  0.1289	  0.0303	  1.0000	  1.0001
128.0000	576.0000	  0.0281	 -0.0509	  1.0000	  1.0008
160.0000	576.0000	 -0.0745	 -0.0759	  1.0000	  1.0023
192.0000	576.0000	 -0.1587	 -0.0426	  1.0000	  1.0042
224.0000	576.0000	 -0.1999	  0.0355	  1.0000	  1.0010
256.0000	576.0000	 -0.2055	  0.1369	  1.0000	  1.0004
288.0000	576.0000	 -0.1650	  0.2389	  1.0000	  1.0001
320.0000	576.0000	 -0.0279	  0.2925	  1.0000	  1.0003
352.0000	576.0000	  0.2190	  0.2010	  1.0000	  1.0008
384.0000	576.0000	  0.5484	 -0.1391	  1.0000	  1.0001
416.0000	576.0000	  0.9263	 -0.7743	  1.0000	  1.0002
448.0000	576.0000	  1.3150	 -1.6945	  1.0000	  0.0000
480.0000	576.0000	  1.6975	 -2.7692	  1.0000	  1.0008
512.0000	576.0000	  2.0804	 -3.7831	  1.0000	  1.0005
544.0000	576.0000	  2.4944	 -4.4925	  1.0000	  0.0000
576.0000	576.0000	  2.9115	 -4.6240	  1.0000	  1.0017
608.0000	576.0000	  3.1967	 -4.0329	  1.0000	  1.0004
640.0000	576.0000	  3.0774	 -2.9279	  1.0000	  1.0002
672.0000	576.0000	  2.5482	 -1.5077	  1.0000	  1.0005
704.0000	576.0000	  1.6127	 -0.1333	  1.0000	  1.0007
736.0000	576.0000	  0.3845	  0.9292	  1.0000	  1.0008
768.0000	576.0000	 -0.9210	  1.5867	  1.0000	  1.0006
800.0000	576.0000	 -2.0715	  2.1928	  1.0000	  0.0000
832.0000	576.0000	 -2.9079	  2.8865	  1.0000	  1.0005
864.0000	576.0000	 -3.5238	  3.4614	  1.0000	  1.0002
896.0000	576.0000	 -3.9443	  4.0015	  1.0000	  1.0009
928.0000	576.0000	 -4.2247	  4.4603	  1.0000	  1.0002
960.0000	576.0000	 -4.3636	  4.7443	  1.0000	  1.0002
992.0000	576.0000	 -4.3988	  4.9155	  1.0000	  1.0005
1024.0000	576.0000	 -4.3966	  4.9695	  1.0000	  1.0001
 32.0000	608.0000	  0.2561	  0.1260	  1.0000	  1.0398
 64.0000	608.0000	  0.2184	  0.0765	  1.0000	  1.0002
 96.0000	608.0000	  0.1420	  0.0079	  1.0000	  1.0262
128.0000	608.0000	  0.0443	 -0.0534	  1.0000	  1.0261
160.0000	608.0000	 -0.0558	 -0.0774	  1.0000	  1.0298
192.0000	608.0000	 -0.1366	 -0.0543	  1.0000	  1.0002
224.0000	608.0000	 -0.1859	  0.0142	  1.0000	  1.0001
256.0000	608.0000	 -0.1952	  0.1135	  1.0000	  1.0043
288.0000	608.0000	 -0.1486	  0.2188	  1.0000	  1.0001
320.0000	608.0000	 -0.0202	  0.2727	  1.0000	  0.0000
352.0000	608.0000	  0.2033	  0.1818	  1.0000	  1.0014
384.0000	608.0000	  0.5127	 -0.1458	  1.0000	  1.0001
416.0000	608.0000	  0.8798	 -0.7653	  1.0000	  1.0005
448.0000	608.0000	  1.2677	 -1.6698	  1.0000	  1.0002
480.0000	608.0000	  1.6552	 -2.7472	  1.0000	  1.0003
512.0000	608.0000	  2.0422	 -3.8061	  1.0000	  1.0014
544.0000	608.0000	  2.4446	 -4.6122	  1.0000	  0.0000
576.0000	608.0000	  2.8206	 -4.8805	  1.0000	  1.0002
608.0000	608.0000	  3.0285	 -4.4298	  1.0000	  1.0020
640.0000	608.0000	  2.8149	 -3.3965	  1.0000	  1.0001
672.0000	608.0000	  2.2457	 -1.9487	  1.0000	  1.0010
704.0000	608.0000	  1.3063	 -0.6294	  1.0000	  1.0004
736.0000	608.0000	  0.1096	  0.3332	  1.0000	  0.0000
768.0000	608.0000	 -1.1722	  0.8756	  1.0000	  1.0007
800.0000	608.0000	 -2.3574	  1.1981	  1.0000	  1.0016
832.0000	608.0000	 -3.1815	  1.7296	  1.0000	  1.0020
864.0000	608.0000	 -3.7444	  2.3545	  1.0000	  1.0015
896.0000	608.0000	 -4.1251	  3.0362	  1.0000	  1.0012
928.0000	608.0000	 -4.3833	  3.6994	  1.0000	  1.0003
960.0000	608.0000	 -4.5235	  4.1801	  1.0000	  1.0000
992.0000	608.0000	 -4.5754	  4.4956	  1.0000	  0.0000
1024.0000	608.0000	 -4.5897	  4.6419	  1.0000	  1.0002
