 32.0000	 32.0000	  1.9661	  1.0027	  1.0000	  1.0018
 64.0000	 32.0000	  1.8537	  0.9591	  1.0000	  1.0013
 96.0000	 32.0000	  1.7182	  0.8829	  1.0000	  1.0004
128.0000	 32.0000	  1.5995	  0.7870	  1.0000	  1.0018
160.0000	 32.0000	  1.5139	  0.6956	  1.0000	  1.0003
192.0000	 32.0000	  1.4971	  0.6120	  0.0000	  1.0463
224.0000	 32.0000	  1.4430	  0.5337	  0.0000	  1.0258
256.0000	 32.0000	  1.4440	  0.4310	  1.0000	  1.0099
288.0000	 32.0000	  1.4325	  0.3343	  1.0000	  1.0004
320.0000	 32.0000	  1.3967	  0.3096	  1.0000	  0.0000
352.0000	 32.0000	  1.3251	  0.2885	  1.0000	  1.0001
384.0000	 32.0000	  1.2142	  0.2543	  1.0000	  1.0028
416.0000	 32.0000	  1.0836	  0.2077	  1.0000	  1.0011
448.0000	 32.0000	  0.9826	  0.1670	  0.0000	  1.0053
480.0000	 32.0000	  1.0880	  0.1592	  1.0000	  1.0003
512.0000	 32.0000	  1.2412	  0.1583	  1.0000	  0.0000
544.0000	 32.0000	  1.4074	  0.1503	  1.0000	  1.0005
576.0000	 32.0000	  1.5764	  0.1238	  1.0000	  1.0001
608.0000	 32.0000	  1.7736	  0.0805	  1.0000	  1.0019
640.0000	 32.0000	  2.0385	  0.0291	  1.0000	  0.0000
672.0000	 32.0000	  2.3959	  0.0061	  1.0000	  1.0003
704.0000	 32.0000	  2.7300	 -0.0144	  1.0000	  1.0001
736.0000	 32.0000	  2.9332	 -0.0243	  1.0000	  1.0008
768.0000	 32.0000	  2.9172	 -0.0133	  1.0000	  1.0001
800.0000	 32.0000	  2.6325	  0.0350	  1.0000	  1.0006
832.0000	 32.0000	  2.1575	  0.1145	  0.0000	  1.0034
864.0000	 32.0000	  1.9851	  0.1840	  0.0000	  1.0096
896.0000	 32.0000	  1.9391	  0.2463	  0.0000	  1.0269
928.0000	 32.0000	  1.9288	  0.2378	  0.0000	  1.0204
960.0000	 32.0000	  1.8451	  0.1592	  0.0000	  1.0104
992.0000	 32.0000	  1.6774	  0.1210	  0.0000	  1.0051
1024.0000	 32.0000	  1.5943	  0.1459	  0.0000	  1.0046
 32.0000	 64.0000	  2.1234	  1.0280	  1.0000	  1.0041
 64.0000	 64.0000	  2.0323	  0.9758	  1.0000	  1.0004
 96.0000	 64.0000	  1.8743	  0.8788	  1.0000	  1.0012
128.0000	 64.0000	  1.7257	  0.7618	  1.0000	  1.0100
160.0000	 64.0000	  1.5989	  0.6622	  1.0000	  1.0073
192.0000	 64.0000	  1.5605	  0.5696	  0.0000	  1.0272
224.0000	 64.0000	  1.5088	  0.4996	  0.0000	  1.0238
256.0000	 64.0000	  1.4954	  0.4118	  0.0000	  1.0340
288.0000	 64.0000	  1.4748	  0.3043	  0.0000	  1.0004
320.0000	 64.0000	  1.4365	  0.3112	  1.0000	  1.0001
352.0000	 64.0000	  1.3716	  0.2955	  1.0000	  1.0003
384.0000	 64.0000	  1.2771	  0.2572	  1.0000	  1.0014
416.0000	 64.0000	  1.1655	  0.2108	  1.0000	  1.0009
448.0000	 64.0000	  1.0809	  0.1714	  0.0000	  1.0018
480.0000	 64.0000	  1.1614	  0.1697	  1.0000	  1.0001
512.0000	 64.0000	  1.2874	  0.1731	  1.0000	  1.0013
544.0000	 64.0000	  1.4285	  0.1684	  1.0000	  1.0007
576.0000	 64.0000	  1.5684	  0.1453	  1.0000	  1.0001
608.0000	 64.0000	  1.7179	  0.1019	  1.0000	  1.0012
640.0000	 64.0000	  1.9039	  0.0505	  0.0000	  1.0199
672.0000	 64.0000	  2.1535	  0.0675	  0.0000	  1.0231
704.0000	 64.0000	  2.4670	  0.0563	  1.0000	  1.0313
736.0000	 64.0000	  2.7060	  0.0428	  1.0000	  1.0004
768.0000	 64.0000	  2.7711	  0.0460	  1.0000	  1.0004
800.0000	 64.0000	  2.5717	  0.0929	  1.0000	  1.0007
832.0000	 64.0000	  2.1775	  0.1773	  0.0000	  1.0303
864.0000	 64.0000	  1.9890	  0.2189	  0.0000	  1.0180
896.0000	 64.0000	  1.8971	  0.2102	  0.0000	  1.0229
928.0000	 64.0000	  1.8621	  0.1554	  0.0000	  1.0174
960.0000	 64.0000	  1.7782	  0.0836	  0.0000	  1.0137
992.0000	 64.0000	  1.6360	  0.0691	  0.0000	  1.0056
1024.0000	 64.0000	  1.5605	  0.0929	  0.0000	  1.0231
 32.0000	 96.0000	  2.3758	  1.0198	  0.0000	  1.0331
 64.0000	 96.0000	  2.3292	  0.9621	  0.0000	  1.0274
 96.0000	 96.0000	  2.1117	  0.8303	  0.0000	  1.0222
128.0000	 96.0000	  1.8999	  0.6866	  0.0000	  1.0323
160.0000	 96.0000	  1.7279	  0.5939	  0.0000	  1.0180
192.0000	 96.0000	  1.6718	  0.5170	  0.0000	  1.0500
224.0000	 96.0000	  1.6318	  0.4451	  0.0000	  1.0284
256.0000	 96.0000	  1.5946	  0.3968	  0.0000	  1.0298
288.0000	 96.0000	  1.5539	  0.3641	  0.0000	  1.0371
320.0000	 96.0000	  1.5126	  0.3559	  0.0000	  1.0259
352.0000	 96.0000	  1.4568	  0.3148	  0.0000	  1.0125
384.0000	 96.0000	  1.3877	  0.2632	  1.0000	  1.0010
416.0000	 96.0000	  1.3049	  0.2228	  1.0000	  1.0010
448.0000	 96.0000	  1.2503	  0.1969	  1.0000	  1.0005
480.0000	 96.0000	  1.2820	  0.1932	  1.0000	  1.0002
512.0000	 96.0000	  1.3620	  0.1979	  1.0000	  1.0012
544.0000	 96.0000	  1.4633	  0.1983	  1.0000	  1.0006
576.0000	 96.0000	  1.5614	  0.1849	  1.0000	  1.0002
608.0000	 96.0000	  1.6445	  0.1524	  1.0000	  1.0027
640.0000	 96.0000	  1.7268	  0.1412	  0.0000	  1.0309
672.0000	 96.0000	  1.8612	  0.1603	  0.0000	  1.0270
704.0000	 96.0000	  2.1016	  0.1569	  0.0000	  1.0221
736.0000	 96.0000	  2.4248	  0.1286	  1.0000	  1.0005
768.0000	 96.0000	  2.5648	  0.1272	  1.0000	  1.0002
800.0000	 96.0000	  2.4676	  0.1610	  1.0000	  1.0006
832.0000	 96.0000	  2.1873	  0.2134	  0.0000	  1.0141
864.0000	 96.0000	  1.9804	  0.2139	  0.0000	  1.0160
896.0000	 96.0000	  1.8109	  0.1428	  0.0000	  1.0221
928.0000	 96.0000	  1.7334	  0.0039	  0.0000	  1.0103
960.0000	 96.0000	  1.6409	 -0.0730	  0.0000	  1.0044
992.0000	 96.0000	  1.5235	 -0.0457	  0.0000	  1.0330
1024.0000	 96.0000	  1.4253	 -0.0241	  0.0000	  1.0198
 32.0000	128.0000	  2.6043	  0.9909	  0.0000	  1.0185
 64.0000	128.0000	  2.5485	  0.9034	  0.0000	  1.0257
 96.0000	128.0000	  2.2964	  0.7040	  1.0000	  1.0183
128.0000	128.0000	  2.0709	  0.5401	  0.0000	  1.0295
160.0000	128.0000	  1.9207	  0.4776	  0.0000	  1.0259
192.0000	128.0000	  1.8477	  0.4518	  0.0000	  1.0263
224.0000	128.0000	  1.8139	  0.3863	  0.0000	  1.0214
256.0000	128.0000	  1.7653	  0.3543	  0.0000	  1.0267
288.0000	128.0000	  1.7050	  0.3490	  0.0000	  1.0478
320.0000	128.0000	  1.6455	  0.3260	  0.0000	  1.0243
352.0000	128.0000	  1.5803	  0.2766	  0.0000	  1.0153
384.0000	128.0000	  1.5256	  0.2464	  1.0000	  1.0006
416.0000	128.0000	  1.4609	  0.2261	  1.0000	  1.0003
448.0000	128.0000	  1.4133	  0.2153	  1.0000	  1.0010
480.0000	128.0000	  1.4077	  0.2123	  1.0000	  1.0001
512.0000	128.0000	  1.4441	  0.2144	  1.0000	  1.0004
544.0000	128.0000	  1.5015	  0.2202	  1.0000	  1.0005
576.0000	128.0000	  1.5591	  0.2160	  0.0000	  1.0366
608.0000	128.0000	  1.5785	  0.1629	  0.0000	  1.0369
640.0000	128.0000	  1.5689	  0.1529	  0.0000	  1.0216
672.0000	128.0000	  1.6250	  0.1884	  0.0000	  1.0181
704.0000	128.0000	  1.8230	  0.2167	  0.0000	  1.0175
736.0000	128.0000	  2.1412	  0.2109	  1.0000	  1.0001
768.0000	128.0000	  2.3158	  0.2227	  1.0000	  1.0001
800.0000	128.0000	  2.2971	  0.2498	  1.0000	  1.0021
832.0000	128.0000	  2.1109	  0.2701	  1.0000	  1.0137
864.0000	128.0000	  1.9097	  0.2260	  0.0000	  1.0130
896.0000	128.0000	  1.6575	  0.0984	  0.0000	  1.0007
928.0000	128.0000	  1.5190	 -0.1702	  1.0000	  1.0004
960.0000	128.0000	  1.4208	 -0.2794	  1.0000	  0.0000
992.0000	128.0000	  1.3473	 -0.2061	  0.0000	  1.0221
1024.0000	128.0000	  1.2300	 -0.2110	  0.0000	  1.0145
 32.0000	160.0000	  2.7812	  0.8135	  0.0000	  1.0397
 64.0000	160.0000	  2.6561	  0.7045	  0.0000	  1.0369
 96.0000	160.0000	  2.3624	  0.5270	  0.0000	  1.0017
128.0000	160.0000	  2.1682	  0.4194	  0.0000	  1.0120
160.0000	160.0000	  2.0938	  0.4027	  0.0000	  1.0153
192.0000	160.0000	  2.0139	  0.4008	  0.0000	  1.0350
224.0000	160.0000	  1.9740	  0.3609	  0.0000	  1.0225
256.0000	160.0000	  1.9143	  0.3442	  0.0000	  1.0305
288.0000	160.0000	  1.8532	  0.3434	  0.0000	  1.0286
320.0000	160.0000	  1.7692	  0.3065	  1.0000	  1.0051
352.0000	160.0000	  1.7102	  0.2557	  1.0000	  1.0012
384.0000	160.0000	  1.6711	  0.2247	  1.0000	  1.0004
416.0000	160.0000	  1.6212	  0.2168	  1.0000	  0.0000
448.0000	160.0000	  1.5683	  0.2182	  1.0000	  1.0005
480.0000	160.0000	  1.5265	  0.2087	  1.0000	  1.0002
512.0000	160.0000	  1.5220	  0.1953	  1.0000	  1.0006
544.0000	160.0000	  1.5294	  0.2005	  1.0000	  1.0062
576.0000	160.0000	  1.5434	  0.1965	  0.0000	  1.0053
608.0000	160.0000	  1.5040	  0.1060	  0.0000	  1.0163
640.0000	160.0000	  1.4451	  0.0889	  0.0000	  1.0154
672.0000	160.0000	  1.4788	  0.1475	  0.0000	  1.0207
704.0000	160.0000	  1.6336	  0.2330	  0.0000	  1.0198
736.0000	160.0000	  1.8804	  0.2827	  1.0000	  1.0004
768.0000	160.0000	  2.0410	  0.3287	  1.0000	  1.0000
800.0000	160.0000	  2.0669	  0.3637	  1.0000	  1.0017
832.0000	160.0000	  1.9606	  0.3616	  1.0000	  1.0003
864.0000	160.0000	  1.7915	  0.2690	  1.0000	  1.0004
896.0000	160.0000	  1.5765	  0.0695	  1.0000	  1.0017
928.0000	160.0000	  1.4019	 -0.2257	  1.0000	  1.0000
960.0000	160.0000	  1.2955	 -0.3634	  1.0000	  1.0009
992.0000	160.0000	  1.2354	 -0.3591	  1.0000	  1.0005
1024.0000	160.0000	  1.1436	 -0.4204	  1.0000	  1.0006
 32.0000	192.0000	  2.7350	  0.6921	  0.0000	  1.0199
 64.0000	192.0000	  2.5611	  0.5997	  0.0000	  1.0186
 96.0000	192.0000	  2.2708	  0.4455	  0.0000	  1.0253
128.0000	192.0000	  2.1306	  0.3876	  0.0000	  1.0388
160.0000	192.0000	  2.1058	  0.4186	  0.0000	  1.0339
192.0000	192.0000	  2.0693	  0.4379	  0.0000	  1.0358
224.0000	192.0000	  2.0030	  0.4153	  0.0000	  1.0150
256.0000	192.0000	  1.9218	  0.3834	  0.0000	  1.0310
288.0000	192.0000	  1.8673	  0.3475	  0.0000	  1.0172
320.0000	192.0000	  1.8203	  0.2859	  0.0000	  1.0223
352.0000	192.0000	  1.7960	  0.2195	  0.0000	  1.0495
384.0000	192.0000	  1.8022	  0.1804	  1.0000	  1.0013
416.0000	192.0000	  1.7853	  0.1819	  1.0000	  1.0029
448.0000	192.0000	  1.7272	  0.1935	  0.0000	  1.0097
480.0000	192.0000	  1.6455	  0.1653	  0.0000	  1.0166
512.0000	192.0000	  1.6074	  0.1150	  0.0000	  1.0233
544.0000	192.0000	  1.5523	  0.1042	  0.0000	  1.0143
576.0000	192.0000	  1.5192	  0.0614	  0.0000	  1.0255
608.0000	192.0000	  1.4381	  0.0248	  0.0000	  1.0269
640.0000	192.0000	  1.3618	  0.0511	  0.0000	  1.0254
672.0000	192.0000	  1.4088	  0.1255	  0.0000	  1.0211
704.0000	192.0000	  1.5416	  0.2361	  0.0000	  1.0256
736.0000	192.0000	  1.7167	  0.3416	  1.0000	  1.0015
768.0000	192.0000	  1.8419	  0.4344	  1.0000	  1.0009
800.0000	192.0000	  1.8793	  0.5018	  1.0000	  1.0002
832.0000	192.0000	  1.8208	  0.5167	  1.0000	  0.0000
864.0000	192.0000	  1.6976	  0.4282	  1.0000	  1.0003
896.0000	192.0000	  1.5354	  0.2250	  1.0000	  1.0009
928.0000	192.0000	  1.3834	 -0.0463	  1.0000	  1.0015
960.0000	192.0000	  1.3049	 -0.1587	  1.0000	  0.0000
992.0000	192.0000	  1.2706	 -0.1740	  1.0000	  1.0020
1024.0000	192.0000	  1.2251	 -0.1913	  1.0000	  1.0000
 32.0000	224.0000	  2.4249	  0.5074	  1.0000	  1.0064
 64.0000	224.0000	  2.2862	  0.4441	  0.0000	  1.0015
 96.0000	224.0000	  2.1446	  0.3380	  0.0000	  1.0250
128.0000	224.0000	  2.0960	  0.3140	  0.0000	  1.0373
160.0000	224.0000	  2.0986	  0.3646	  0.0000	  1.0596
192.0000	224.0000	  2.0788	  0.4037	  0.0000	  1.0288
224.0000	224.0000	  1.9972	  0.4012	  0.0000	  1.0316
256.0000	224.0000	  1.8893	  0.3762	  0.0000	  1.0285
288.0000	224.0000	  1.8228	  0.3270	  0.0000	  1.0203
320.0000	224.0000	  1.8134	  0.2468	  0.0000	  1.0291
352.0000	224.0000	  1.8501	  0.1615	  0.0000	  1.0303
384.0000	224.0000	  1.9223	  0.1084	  0.0000	  1.0223
416.0000	224.0000	  1.9650	  0.1077	  0.0000	  1.0265
448.0000	224.0000	  1.9150	  0.0957	  0.0000	  1.0229
480.0000	224.0000	  1.8154	  0.0473	  0.0000	  1.0229
512.0000	224.0000	  1.7416	 -0.0164	  0.0000	  1.0104
544.0000	224.0000	  1.6272	 -0.0592	  0.0000	  1.0266
576.0000	224.0000	  1.5304	 -0.0770	  0.0000	  1.0187
608.0000	224.0000	  1.4404	 -0.0468	  0.0000	  1.0170
640.0000	224.0000	  1.3353	  0.0507	  0.0000	  1.0236
672.0000	224.0000	  1.3831	  0.1430	  0.0000	  1.0441
704.0000	224.0000	  1.5331	  0.2662	  0.0000	  1.0161
736.0000	224.0000	  1.6622	  0.4060	  1.0000	  0.0000
768.0000	224.0000	  1.7543	  0.5432	  1.0000	  1.0005
800.0000	224.0000	  1.7844	  0.6604	  1.0000	  1.0013
832.0000	224.0000	  1.7467	  0.7317	  1.0000	  0.0000
864.0000	224.0000	  1.6613	  0.7108	  1.0000	  1.0011
896.0000	224.0000	  1.5519	  0.5759	  1.0000	  1.0003
928.0000	224.0000	  1.4546	  0.3741	  1.0000	  1.0009
960.0000	224.0000	  1.4432	  0.3638	  0.0000	  1.0041
992.0000	224.0000	  1.4716	  0.4388	  0.0000	  1.0190
1024.0000	224.0000	  1.4651	  0.5148	  0.0000	  1.0141
 32.0000	256.0000	  2.2368	  0.3746	  1.0000	  1.0002
 64.0000	256.0000	  2.1820	  0.3277	  1.0000	  1.0026
 96.0000	256.0000	  2.1368	  0.2544	  0.0000	  1.0304
128.0000	256.0000	  2.1473	  0.2421	  0.0000	  1.0316
160.0000	256.0000	  2.1257	  0.2851	  0.0000	  1.0269
192.0000	256.0000	  2.0782	  0.3241	  0.0000	  1.0240
224.0000	256.0000	  1.9738	  0.3446	  0.0000	  1.0256
256.0000	256.0000	  1.8667	  0.3326	  0.0000	  1.0188
288.0000	256.0000	  1.7961	  0.2899	  0.0000	  1.0093
320.0000	256.0000	  1.8095	  0.2190	  0.0000	  1.0232
352.0000	256.0000	  1.8900	  0.1282	  0.0000	  1.0401
384.0000	256.0000	  2.0169	  0.0516	  0.0000	  1.0229
416.0000	256.0000	  2.1132	  0.0202	  0.0000	  1.0291
448.0000	256.0000	  2.1098	 -0.0250	  0.0000	  1.0309
480.0000	256.0000	  2.0285	 -0.0831	  0.0000	  1.0492
512.0000	256.0000	  1.9288	 -0.1373	  0.0000	  1.0127
544.0000	256.0000	  1.7798	 -0.1613	  1.0000	  1.0002
576.0000	256.0000	  1.6531	 -0.1618	  1.0000	  0.0000
608.0000	256.0000	  1.5538	 -0.1240	  0.0000	  1.0183
640.0000	256.0000	  1.4545	  0.0034	  0.0000	  1.0265
672.0000	256.0000	  1.5020	  0.1443	  0.0000	  1.0378
704.0000	256.0000	  1.6456	  0.3028	  1.0000	  0.0000
736.0000	256.0000	  1.7722	  0.4743	  1.0000	  0.0000
768.0000	256.0000	  1.8505	  0.6508	  1.0000	  1.0011
800.0000	256.0000	  1.8617	  0.8204	  1.0000	  1.0001
832.0000	256.0000	  1.8064	  0.9662	  1.0000	  1.0137
864.0000	256.0000	  1.7215	  1.0527	  0.0000	  1.0272
896.0000	256.0000	  1.6314	  1.0181	  0.0000	  1.0140
928.0000	256.0000	  1.5654	  0.8486	  1.0000	  1.0006
960.0000	256.0000	  1.5587	  0.8149	  1.0000	  1.0033
992.0000	256.0000	  1.5861	  0.8970	  0.0000	  1.0198
1024.0000	256.0000	  1.5833	  0.9926	  0.0000	  1.0213
 32.0000	288.0000	  2.2286	  0.3078	  1.0000	  0.0000
 64.0000	288.0000	  2.2110	  0.2790	  1.0000	  1.0002
 96.0000	288.0000	  2.2227	  0.2371	  1.0000	  1.0057
128.0000	288.0000	  2.2582	  0.2240	  0.0000	  1.0082
160.0000	288.0000	  2.1610	  0.2467	  1.0000	  1.0080
192.0000	288.0000	  2.0649	  0.2670	  0.0000	  1.0335
224.0000	288.0000	  1.9564	  0.2746	  0.0000	  1.0176
256.0000	288.0000	  1.8807	  0.2509	  0.0000	  1.0185
288.0000	288.0000	  1.8492	  0.2082	  0.0000	  1.0151
320.0000	288.0000	  1.8822	  0.1660	  0.0000	  1.0106
352.0000	288.0000	  1.9654	  0.1069	  0.0000	  1.0265
384.0000	288.0000	  2.0978	  0.0306	  0.0000	  1.0430
416.0000	288.0000	  2.2281	 -0.0347	  0.0000	  1.0437
448.0000	288.0000	  2.2882	 -0.0739	  0.0000	  1.0148
480.0000	288.0000	  2.2565	 -0.1065	  0.0000	  1.0200
512.0000	288.0000	  2.1151	 -0.1338	  1.0000	  1.0001
544.0000	288.0000	  1.9706	 -0.1478	  1.0000	  1.0008
576.0000	288.0000	  1.8661	 -0.1265	  1.0000	  1.0005
608.0000	288.0000	  1.8111	 -0.0575	  1.0000	  1.0006
640.0000	288.0000	  1.8024	  0.0645	  1.0000	  1.0006
672.0000	288.0000	  1.8894	  0.2106	  1.0000	  1.0001
704.0000	288.0000	  2.0373	  0.3784	  1.0000	  1.0009
736.0000	288.0000	  2.1732	  0.5627	  1.0000	  0.0000
768.0000	288.0000	  2.2462	  0.7585	  1.0000	  1.0002
800.0000	288.0000	  2.2250	  0.9573	  1.0000	  1.0005
832.0000	288.0000	  2.1043	  1.1480	  0.0000	  1.0118
864.0000	288.0000	  1.9490	  1.2990	  0.0000	  1.0126
896.0000	288.0000	  1.7940	  1.3233	  0.0000	  1.0158
928.0000	288.0000	  1.7066	  1.1603	  1.0000	  0.0000
960.0000	288.0000	  1.6507	  1.0827	  1.0000	  0.0000
992.0000	288.0000	  1.6202	  1.0995	  1.0000	  0.0000
1024.0000	288.0000	  1.6016	  1.1434	  1.0000	  1.0004
 32.0000	320.0000	  2.3381	  0.2938	  1.0000	  1.0005
 64.0000	320.0000	  2.2827	  0.2755	  1.0000	  1.0022
 96.0000	320.0000	  2.2652	  0.2394	  1.0000	  1.0015
128.0000	320.0000	  2.2381	  0.2175	  1.0000	  1.0012
160.0000	320.0000	  2.1367	  0.2213	  0.0000	  1.0371
192.0000	320.0000	  2.0433	  0.2260	  0.0000	  1.0544
224.0000	320.0000	  1.9686	  0.2071	  0.0000	  1.0232
256.0000	320.0000	  1.9326	  0.1561	  0.0000	  1.0173
288.0000	320.0000	  1.9352	  0.1011	  0.0000	  1.0274
320.0000	320.0000	  1.9929	  0.0829	  0.0000	  1.0302
352.0000	320.0000	  2.0523	  0.0866	  0.0000	  1.0388
384.0000	320.0000	  2.1365	  0.0452	  0.0000	  1.0566
416.0000	320.0000	  2.2946	 -0.0122	  0.0000	  1.0251
448.0000	320.0000	  2.3812	  0.0338	  1.0000	  1.0007
480.0000	320.0000	  2.4027	  0.0742	  1.0000	  1.0002
512.0000	320.0000	  2.3452	  0.0949	  1.0000	  1.0001
544.0000	320.0000	  2.2762	  0.1010	  1.0000	  1.0237
576.0000	320.0000	  2.2594	  0.1476	  0.0000	  1.0254
608.0000	320.0000	  2.3055	  0.2347	  1.0000	  1.0002
640.0000	320.0000	  2.4124	  0.3281	  1.0000	  1.0014
672.0000	320.0000	  2.5887	  0.4310	  1.0000	  1.0006
704.0000	320.0000	  2.7972	  0.5569	  1.0000	  1.0016
736.0000	320.0000	  2.9731	  0.7090	  1.0000	  1.0004
768.0000	320.0000	  3.0552	  0.8816	  1.0000	  1.0005
800.0000	320.0000	  3.0050	  1.0626	  1.0000	  0.0000
832.0000	320.0000	  2.8146	  1.2315	  1.0000	  1.0006
864.0000	320.0000	  2.5273	  1.3492	  1.0000	  1.0008
896.0000	320.0000	  2.1959	  1.3682	  0.0000	  1.0006
928.0000	320.0000	  1.9925	  1.2654	  1.0000	  0.0000
960.0000	320.0000	  1.8095	  1.1868	  1.0000	  1.0003
992.0000	320.0000	  1.6659	  1.1702	  0.0000	  1.0357
1024.0000	320.0000	  1.5961	  1.1748	  0.0000	  1.0324
 32.0000	352.0000	  2.4139	  0.2846	  0.0000	  1.0314
 64.0000	352.0000	  2.2815	  0.2771	  0.0000	  1.0196
 96.0000	352.0000	  2.2434	  0.2291	  1.0000	  1.0028
128.0000	352.0000	  2.2013	  0.1868	  1.0000	  0.0000
160.0000	352.0000	  2.1246	  0.1617	  0.0000	  1.0383
192.0000	352.0000	  2.0699	  0.1467	  0.0000	  1.0312
224.0000	352.0000	  2.0314	  0.1083	  0.0000	  1.0222
256.0000	352.0000	  2.0170	  0.0644	  0.0000	  1.0183
288.0000	352.0000	  2.0094	  0.0632	  0.0000	  1.0246
320.0000	352.0000	  2.0479	  0.0863	  0.0000	  1.0255
352.0000	352.0000	  2.0932	  0.1480	  0.0000	  1.0263
384.0000	352.0000	  2.1772	  0.2085	  0.0000	  1.0154
416.0000	352.0000	  2.3834	  0.2915	  1.0000	  1.0060
448.0000	352.0000	  2.5707	  0.4456	  1.0000	  1.0005
480.0000	352.0000	  2.7127	  0.6061	  1.0000	  1.0005
512.0000	352.0000	  2.7927	  0.7285	  1.0000	  0.0000
544.0000	352.0000	  2.8474	  0.7881	  0.0000	  1.0232
576.0000	352.0000	  2.9770	  0.8955	  1.0000	  1.0242
608.0000	352.0000	  3.1577	  0.9510	  1.0000	  1.0001
640.0000	352.0000	  3.3968	  0.9515	  1.0000	  1.0004
672.0000	352.0000	  3.6910	  0.9292	  1.0000	  1.0009
704.0000	352.0000	  3.9938	  0.9263	  1.0000	  1.0006
736.0000	352.0000	  4.2303	  0.9682	  1.0000	  1.0007
768.0000	352.0000	  4.3282	  1.0545	  1.0000	  0.0000
800.0000	352.0000	  4.2418	  1.1689	  1.0000	  1.0004
832.0000	352.0000	  3.9606	  1.2821	  1.0000	  1.0031
864.0000	352.0000	  3.5301	  1.3527	  1.0000	  1.0003
896.0000	352.0000	  3.0268	  1.3512	  1.0000	  1.0011
928.0000	352.0000	  2.5674	  1.2753	  1.0000	  1.0001
960.0000	352.0000	  2.1543	  1.1847	  1.0000	  1.0007
992.0000	352.0000	  1.8296	  1.1085	  0.0000	  1.0150
1024.0000	352.0000	  1.6690	  1.0761	  0.0000	  1.0142
 32.0000	384.0000	  2.2523	  0.2432	  1.0000	  1.0283
 64.0000	384.0000	  2.1735	  0.2450	  0.0000	  1.0158
 96.0000	384.0000	  2.1583	  0.1881	  1.0000	  1.0006
128.0000	384.0000	  2.1527	  0.1325	  1.0000	  0.0000
160.0000	384.0000	  2.1516	  0.0779	  0.0000	  1.0238
192.0000	384.0000	  2.1574	  0.0568	  0.0000	  1.0253
224.0000	384.0000	  2.1458	  0.0446	  0.0000	  1.0221
256.0000	384.0000	  2.1443	  0.0704	  0.0000	  1.0249
288.0000	384.0000	  2.0956	  0.1640	  0.0000	  1.0250
320.0000	384.0000	  2.1010	  0.2212	  0.0000	  1.0252
352.0000	384.0000	  2.1670	  0.3153	  0.0000	  1.0271
384.0000	384.0000	  2.3217	  0.5003	  0.0000	  1.0574
416.0000	384.0000	  2.6357	  0.8231	  1.0000	  1.0000
448.0000	384.0000	  2.9843	  1.2109	  1.0000	  1.0003
480.0000	384.0000	  3.3199	  1.6070	  1.0000	  1.0001
512.0000	384.0000	  3.6092	  1.9468	  1.0000	  1.0014
544.0000	384.0000	  3.8662	  2.1692	  1.0000	  1.0004
576.0000	384.0000	  4.1444	  2.2803	  1.0000	  1.0004
608.0000	384.0000	  4.4578	  2.2365	  1.0000	  1.0006
640.0000	384.0000	  4.8200	  2.0542	  1.0000	  0.0000
672.0000	384.0000	  5.2243	  1.7965	  1.0000	  1.0003
704.0000	384.0000	  5.6164	  1.5512	  1.0000	  1.0002
736.0000	384.0000	  5.9091	  1.3822	  1.0000	  1.0005
768.0000	384.0000	  6.0175	  1.3053	  1.0000	  1.0010
800.0000	384.0000	  5.8874	  1.3031	  1.0000	  1.0000
832.0000	384.0000	  5.5029	  1.3381	  1.0000	  1.0002
864.0000	384.0000	  4.9094	  1.3612	  1.0000	  1.0009
896.0000	384.0000	  4.1907	  1.3390	  1.0000	  1.0005
928.0000	384.0000	  3.4543	  1.2684	  1.0000	  1.0002
960.0000	384.0000	  2.7823	  1.1791	  1.0000	  1.0000
992.0000	384.0000	  2.2808	  1.1002	  1.0000	  1.0022
1024.0000	384.0000	  2.0072	  1.0573	  1.0000	  1.0012
 32.0000	416.0000	  2.0919	  0.1722	  1.0000	  1.0003
 64.0000	416.0000	  2.0641	  0.1395	  1.0000	  1.0002
 96.0000	416.0000	  2.0564	  0.1169	  1.0000	  1.0004
128.0000	416.0000	  2.0957	  0.0915	  1.0000	  1.0004
160.0000	416.0000	  2.1884	  0.0498	  0.0000	  1.0080
192.0000	416.0000	  2.2430	  0.0325	  0.0000	  1.0081
224.0000	416.0000	  2.2405	  0.0505	  0.0000	  1.0053
256.0000	416.0000	  2.2655	  0.1255	  0.0000	  1.0198
288.0000	416.0000	  2.1912	  0.2621	  0.0000	  1.0189
320.0000	416.0000	  2.1949	  0.4026	  1.0000	  1.0002
352.0000	416.0000	  2.3233	  0.6442	  1.0000	  0.0000
384.0000	416.0000	  2.6190	  1.0529	  1.0000	  0.0000
416.0000	416.0000	  3.0951	  1.6513	  1.0000	  0.0000
448.0000	416.0000	  3.6702	  2.3666	  1.0000	  1.0003
480.0000	416.0000	  4.2674	  3.1041	  1.0000	  1.0000
512.0000	416.0000	  4.8206	  3.7459	  1.0000	  1.0007
544.0000	416.0000	  5.3081	  4.1672	  1.0000	  1.0001
576.0000	416.0000	  5.7524	  4.2973	  1.0000	  0.0000
608.0000	416.0000	  6.1853	  4.1135	  1.0000	  1.0030
640.0000	416.0000	  6.6341	  3.6621	  1.0000	  1.0001
672.0000	416.0000	  7.1017	  3.0535	  1.0000	  1.0000
704.0000	416.0000	  7.5371	  2.4446	  1.0000	  1.0008
736.0000	416.0000	  7.8510	  1.9591	  1.0000	  1.0005
768.0000	416.0000	  7.9516	  1.6413	  1.0000	  0.0000
800.0000	416.0000	  7.7780	  1.4777	  1.0000	  1.0003
832.0000	416.0000	  7.3063	  1.4184	  1.0000	  1.0006
864.0000	416.0000	  6.5685	  1.3946	  1.0000	  0.0000
896.0000	416.0000	  5.6431	  1.3530	  1.0000	  1.0003
928.0000	416.0000	  4.6427	  1.2787	  1.0000	  1.0015
960.0000	416.0000	  3.6996	  1.1884	  1.0000	  0.0000
992.0000	416.0000	  2.9923	  1.1105	  1.0000	  0.0000
1024.0000	416.0000	  2.5922	  1.0643	  1.0000	  1.0012
 32.0000	448.0000	  1.9740	  0.1611	  1.0000	  1.0010
 64.0000	448.0000	  1.9684	  0.0697	  0.0000	  1.0088
 96.0000	448.0000	  1.9427	  0.0702	  0.0000	  1.0294
128.0000	448.0000	  1.9869	  0.0881	  0.0000	  1.0227
160.0000	448.0000	  2.0967	  0.0983	  0.0000	  1.0139
192.0000	448.0000	  2.1727	  0.0956	  1.0000	  0.0000
224.0000	448.0000	  2.2115	  0.1179	  1.0000	  1.0009
256.0000	448.0000	  2.2270	  0.2014	  1.0000	  1.0016
288.0000	448.0000	  2.1995	  0.3515	  1.0000	  1.0009
320.0000	448.0000	  2.2603	  0.5913	  1.0000	  1.0005
352.0000	448.0000	  2.4925	  1.0288	  1.0000	  1.0003
384.0000	448.0000	  2.9788	  1.7362	  1.0000	  1.0007
416.0000	448.0000	  3.7025	  2.7052	  1.0000	  1.0001
448.0000	448.0000	  4.5810	  3.8444	  1.0000	  1.0003
480.0000	448.0000	  5.5012	  5.0104	  1.0000	  1.0019
512.0000	448.0000	  6.3577	  6.0178	  1.0000	  1.0011
544.0000	448.0000	  7.0886	  6.6657	  1.0000	  1.0001
576.0000	448.0000	  7.6930	  6.8240	  1.0000	  1.0004
608.0000	448.0000	  8.2087	  6.4692	  1.0000	  1.0013
640.0000	448.0000	  8.6805	  5.6784	  1.0000	  1.0007
672.0000	448.0000	  9.1322	  4.6236	  1.0000	  1.0008
704.0000	448.0000	  9.5352	  3.5508	  1.0000	  1.0039
736.0000	448.0000	  9.8142	  2.6625	  1.0000	  1.0002
768.0000	448.0000	  9.8803	  2.0425	  1.0000	  1.0012
800.0000	448.0000	  9.6724	  1.6838	  1.0000	  1.0003
832.0000	448.0000	  9.1621	  1.5172	  1.0000	  1.0001
864.0000	448.0000	  8.3510	  1.4475	  1.0000	  1.0013
896.0000	448.0000	  7.2936	  1.3912	  1.0000	  1.0005
928.0000	448.0000	  6.0962	  1.3145	  1.0000	  1.0005
960.0000	448.0000	  4.9180	  1.2233	  1.0000	  1.0008
992.0000	448.0000	  4.0163	  1.1453	  1.0000	  1.0004
1024.0000	448.0000	  3.4935	  1.0977	  1.0000	  1.0012
 32.0000	480.0000	  1.9110	  0.3089	  1.0000	  1.0183
 64.0000	480.0000	  1.8949	  0.2081	  0.0000	  1.0436
 96.0000	480.0000	  1.8755	  0.0995	  0.0000	  1.0173
128.0000	480.0000	  1.9242	  0.0791	  0.0000	  1.0243
160.0000	480.0000	  2.0250	  0.1083	  0.0000	  1.0268
192.0000	480.0000	  2.1072	  0.1389	  0.0000	  1.0267
224.0000	480.0000	  2.1764	  0.1538	  0.0000	  1.0216
256.0000	480.0000	  2.1913	  0.2476	  0.0000	  1.0360
288.0000	480.0000	  2.1792	  0.4241	  0.0000	  1.0495
320.0000	480.0000	  2.2879	  0.7557	  1.0000	  1.0002
352.0000	480.0000	  2.6239	  1.4098	  1.0000	  1.0002
384.0000	480.0000	  3.3411	  2.4739	  1.0000	  1.0013
416.0000	480.0000	  4.3697	  3.8744	  1.0000	  1.0016
448.0000	480.0000	  5.5984	  5.4853	  1.0000	  1.0011
480.0000	480.0000	  6.8717	  7.1128	  1.0000	  0.0000
512.0000	480.0000	  8.0401	  8.5020	  1.0000	  1.0000
544.0000	480.0000	  9.0024	  9.3784	  1.0000	  1.0004
576.0000	480.0000	  9.7399	  9.5649	  1.0000	  1.0004
608.0000	480.0000	 10.2897	  9.0249	  1.0000	  1.0001
640.0000	480.0000	 10.7141	  7.8631	  1.0000	  0.0000
672.0000	480.0000	 11.0696	  6.3194	  1.0000	  1.0004
704.0000	480.0000	 11.3642	  4.7379	  1.0000	  0.0000
736.0000	480.0000	 11.5516	  3.4095	  1.0000	  1.0000
768.0000	480.0000	 11.5575	  2.4637	  1.0000	  1.0008
800.0000	480.0000	 11.3289	  1.9012	  1.0000	  1.0000
832.0000	480.0000	 10.8533	  1.6222	  1.0000	  1.0006
864.0000	480.0000	 10.0774	  1.5105	  1.0000	  1.0003
896.0000	480.0000	  9.0156	  1.4466	  1.0000	  1.0005
928.0000	480.0000	  7.7474	  1.3727	  1.0000	  0.0000
960.0000	480.0000	  6.4323	  1.2830	  1.0000	  1.0004
992.0000	480.0000	  5.4002	  1.2052	  1.0000	  1.0001
1024.0000	480.0000	  4.7866	  1.1564	  1.0000	  1.0009
 32.0000	512.0000	  1.9033	  0.5100	  0.0000	  1.0262
 64.0000	512.0000	  1.8749	  0.3792	  0.0000	  1.0247
 96.0000	512.0000	  1.8790	  0.1699	  0.0000	  1.0283
128.0000	512.0000	  1.9539	  0.0727	  0.0000	  1.0245
160.0000	512.0000	  2.0703	  0.0847	  0.0000	  1.0284
192.0000	512.0000	  2.1711	  0.1356	  0.0000	  1.0263
224.0000	512.0000	  2.2317	  0.1541	  0.0000	  1.0158
256.0000	512.0000	  2.2287	  0.2500	  0.0000	  1.0318
288.0000	512.0000	  2.1942	  0.4604	  0.0000	  1.0396
320.0000	512.0000	  2.2845	  0.8891	  0.0000	  1.0291
352.0000	512.0000	  2.6806	  1.7572	  0.0000	  1.0123
384.0000	512.0000	  3.6539	  3.1948	  1.0000	  1.0003
416.0000	512.0000	  4.9993	  5.0142	  1.0000	  0.0000
448.0000	512.0000	  6.5729	  7.0685	  1.0000	  1.0001
480.0000	512.0000	  8.1802	  9.1202	  1.0000	  1.0001
512.0000	512.0000	  9.6261	 10.8458	  1.0000	  1.0010
544.0000	512.0000	 10.7773	 11.9132	  1.0000	  1.0005
576.0000	512.0000	 11.6118	 12.1272	  1.0000	  1.0011
608.0000	512.0000	 12.1544	 11.4177	  1.0000	  1.0016
640.0000	512.0000	 12.4820	  9.9064	  1.0000	  1.0000
672.0000	512.0000	 12.6900	  7.9012	  1.0000	  1.0002
704.0000	512.0000	 12.8310	  5.8387	  1.0000	  1.0014
736.0000	512.0000	 12.8961	  4.0943	  1.0000	  1.0000
768.0000	512.0000	 12.8319	  2.8435	  1.0000	  1.0000
800.0000	512.0000	 12.5924	  2.0992	  1.0000	  1.0011
832.0000	512.0000	 12.2220	  1.7137	  1.0000	  1.0012
864.0000	512.0000	 11.5803	  1.5702	  1.0000	  1.0003
896.0000	512.0000	 10.6457	  1.5096	  1.0000	  1.0015
928.0000	512.0000	  9.4597	  1.4479	  1.0000	  1.0005
960.0000	512.0000	  8.1555	  1.3673	  1.0000	  1.0010
992.0000	512.0000	  7.0999	  1.2942	  1.0000	  1.0003
1024.0000	512.0000	  6.4549	  1.2466	  1.0000	  0.0000
 32.0000	544.0000	  1.9800	  0.5218	  0.0000	  1.0143
 64.0000	544.0000	  1.9494	  0.4183	  0.0000	  1.0110
 96.0000	544.0000	  1.9474	  0.2463	  1.0000	  0.0000
128.0000	544.0000	  2.0359	  0.1163	  0.0000	  1.0277
160.0000	544.0000	  2.1634	  0.0972	  0.0000	  1.0293
192.0000	544.0000	  2.2646	  0.1368	  0.0000	  1.0206
224.0000	544.0000	  2.2839	  0.1752	  0.0000	  1.0383
256.0000	544.0000	  2.2447	  0.2931	  0.0000	  1.0499
288.0000	544.0000	  2.1880	  0.5705	  0.0000	  1.0565
320.0000	544.0000	  2.2773	  1.1490	  0.0000	  1.0316
352.0000	544.0000	  2.7799	  2.2018	  0.0000	  1.0133
384.0000	544.0000	  3.9352	  3.8782	  1.0000	  1.0014
416.0000	544.0000	  5.5228	  5.9979	  1.0000	  1.0000
448.0000	544.0000	  7.3735	  8.3868	  1.0000	  1.0004
480.0000	544.0000	  9.2423	 10.7561	  1.0000	  1.0002
512.0000	544.0000	 10.8904	 12.7167	  1.0000	  0.0000
544.0000	544.0000	 12.1614	 13.8968	  1.0000	  1.0001
576.0000	544.0000	 13.0660	 14.1533	  1.0000	  1.0005
608.0000	544.0000	 13.5850	 13.3250	  1.0000	  1.0003
640.0000	544.0000	 13.8053	 11.5405	  1.0000	  1.0004
672.0000	544.0000	 13.8599	  9.1654	  1.0000	  1.0011
704.0000	544.0000	 13.8470	  6.7131	  1.0000	  1.0041
736.0000	544.0000	 13.7994	  4.6272	  1.0000	  1.0027
768.0000	544.0000	 13.6962	  3.1170	  1.0000	  1.0003
800.0000	544.0000	 13.5086	  2.2027	  1.0000	  1.0013
832.0000	544.0000	 13.2204	  1.7599	  1.0000	  1.0003
864.0000	544.0000	 12.7345	  1.6103	  1.0000	  1.0008
896.0000	544.0000	 11.9919	  1.5648	  1.0000	  1.0001
928.0000	544.0000	 10.9865	  1.5223	  1.0000	  1.0005
960.0000	544.0000	  9.8115	  1.4567	  1.0000	  1.0003
992.0000	544.0000	  8.8280	  1.3926	  1.0000	  1.0000
1024.0000	544.0000	  8.2099	  1.3489	  1.0000	  1.0012
 32.0000	576.0000	  1.9650	  0.5117	  1.0000	  1.0098
 64.0000	576.0000	  1.9546	  0.4294	  1.0000	  1.0001
 96.0000	576.0000	  1.9741	  0.2958	  1.0000	  1.0005
128.0000	576.0000	  2.0687	  0.1841	  1.0000	  1.0002
160.0000	576.0000	  2.1842	  0.1486	  1.0000	  1.0007
192.0000	576.0000	  2.2484	  0.1788	  1.0000	  1.0014
224.0000	576.0000	  2.2263	  0.2602	  1.0000	  1.0005
256.0000	576.0000	  2.1543	  0.4428	  1.0000	  1.0016
288.0000	576.0000	  2.1069	  0.8235	  1.0000	  1.0012
320.0000	576.0000	  2.2472	  1.5460	  0.0000	  1.0027
352.0000	576.0000	  2.9304	  2.6951	  1.0000	  1.0000
384.0000	576.0000	  4.1768	  4.4426	  1.0000	  1.0004
416.0000	576.0000	  5.9005	  6.7139	  1.0000	  1.0002
448.0000	576.0000	  7.9262	  9.3046	  1.0000	  1.0001
480.0000	576.0000	  9.9638	 11.8713	  1.0000	  1.0008
512.0000	576.0000	 11.7314	 13.9616	  1.0000	  1.0019
544.0000	576.0000	 13.0456	 15.1588	  1.0000	  1.0014
576.0000	576.0000	 14.0129	 15.4920	  1.0000	  1.0022
608.0000	576.0000	 14.5101	 14.6011	  1.0000	  1.0010
640.0000	576.0000	 14.6408	 12.6358	  1.0000	  1.0004
672.0000	576.0000	 14.5717	 10.0112	  1.0000	  1.0005
704.0000	576.0000	 14.4371	  7.2945	  1.0000	  1.0024
736.0000	576.0000	 14.3028	  4.9761	  1.0000	  1.0014
768.0000	576.0000	 14.1731	  3.2892	  1.0000	  1.0000
800.0000	576.0000	 14.0270	  2.2633	  1.0000	  1.0003
832.0000	576.0000	 13.8247	  1.7822	  1.0000	  1.0010
864.0000	576.0000	 13.4863	  1.6340	  1.0000	  1.0030
896.0000	576.0000	 12.9342	  1.6051	  1.0000	  0.0000
928.0000	576.0000	 12.1280	  1.5817	  1.0000	  1.0007
960.0000	576.0000	 11.1251	  1.5317	  1.0000	  1.0003
992.0000	576.0000	 10.2582	  1.4777	  1.0000	  0.0000
1024.0000	576.0000	  9.6991	  1.4390	  1.0000	  1.0008
 32.0000	608.0000	  1.9470	  0.5132	  1.0000	  1.0315
 64.0000	608.0000	  1.9443	  0.4324	  1.0000	  1.0005
 96.0000	608.0000	  1.9648	  0.3085	  0.0000	  1.0198
128.0000	608.0000	  2.0753	  0.2155	  0.0000	  1.0378
160.0000	608.0000	  2.1956	  0.1842	  0.0000	  1.0274
192.0000	608.0000	  2.2314	  0.2148	  1.0000	  1.0012
224.0000	608.0000	  2.1797	  0.3192	  1.0000	  0.0000
256.0000	608.0000	  2.0891	  0.5392	  1.0000	  1.0007
288.0000	608.0000	  2.0586	  0.9675	  1.0000	  1.0004
320.0000	608.0000	  2.2979	  1.7434	  1.0000	  1.0013
352.0000	608.0000	  3.0636	  2.9790	  1.0000	  1.0013
384.0000	608.0000	  4.3309	  4.7669	  1.0000	  1.0005
416.0000	608.0000	  6.1106	  7.1083	  1.0000	  1.0005
448.0000	608.0000	  8.2228	  9.7998	  1.0000	  1.0007
480.0000	608.0000	 10.3537	 12.4795	  1.0000	  1.0009
512.0000	608.0000	 12.2064	 14.6807	  1.0000	  0.0000
544.0000	608.0000	 13.5950	 15.9866	  1.0000	  1.0005
576.0000	608.0000	 14.5333	 16.2538	  1.0000	  1.0011
608.0000	608.0000	 14.9864	 15.2816	  1.0000	  1.0005
640.0000	608.0000	 15.0539	 13.2063	  1.0000	  1.0007
672.0000	608.0000	 14.9098	 10.4478	  1.0000	  1.0004
704.0000	608.0000	 14.7037	  7.5929	  1.0000	  1.0005
736.0000	608.0000	 14.5181	  5.1538	  1.0000	  1.0030
768.0000	608.0000	 14.3722	  3.3760	  1.0000	  1.0010
800.0000	608.0000	 14.2499	  2.2940	  1.0000	  1.0004
832.0000	608.0000	 14.1072	  1.7929	  1.0000	  1.0003
864.0000	608.0000	 13.8696	  1.6469	  1.0000	  1.0007
896.0000	608.0000	 13.4520	  1.6291	  1.0000	  0.0000
928.0000	608.0000	 12.7953	  1.6187	  1.0000	  1.0004
960.0000	608.0000	 11.9364	  1.5803	  1.0000	  1.0011
992.0000	608.0000	 11.1731	  1.5342	  1.0000	  1.0004
1024.0000	608.0000	 10.6729	  1.4998	  1.0000	  1.0013
