 32.0000	 32.0000	 -2.8388	 -0.1658	  1.0000	  1.0006
 64.0000	 32.0000	 -2.9086	 -0.1522	  1.0000	  1.0006
 96.0000	 32.0000	 -3.0211	 -0.1193	  1.0000	  1.0001
128.0000	 32.0000	 -3.1580	 -0.0542	  1.0000	  1.0108
160.0000	 32.0000	 -3.2393	  0.0273	  0.0000	  1.0553
192.0000	 32.0000	 -3.3314	  0.0735	  0.0000	  1.0507
224.0000	 32.0000	 -3.2873	  0.0347	  0.0000	  1.0525
256.0000	 32.0000	 -3.0285	 -0.1550	  1.0000	  1.0048
288.0000	 32.0000	 -2.7359	 -0.4423	  0.0000	  1.0121
320.0000	 32.0000	 -2.5970	 -0.5706	  1.0000	  1.0139
352.0000	 32.0000	 -2.5007	 -0.5557	  1.0000	  1.0032
384.0000	 32.0000	 -2.4629	 -0.4284	  0.0000	  1.0174
416.0000	 32.0000	 -2.4649	 -0.5021	  1.0000	  1.0194
448.0000	 32.0000	 -2.4748	 -0.5150	  1.0000	  1.0032
480.0000	 32.0000	 -2.4964	 -0.4403	  1.0000	  1.0040
512.0000	 32.0000	 -2.5299	 -0.2716	  1.0000	  1.0062
544.0000	 32.0000	 -2.5694	 -0.0721	  1.0000	  1.0044
576.0000	 32.0000	 -2.6070	  0.1348	  1.0000	  0.0000
608.0000	 32.0000	 -2.6340	  0.3219	  1.0000	  1.0029
640.0000	 32.0000	 -2.6399	  0.4521	  1.0000	  1.0029
672.0000	 32.0000	 -2.6353	  0.4580	  1.0000	  1.0035
704.0000	 32.0000	 -2.6230	  0.3561	  1.0000	  0.0000
736.0000	 32.0000	 -2.6066	  0.2237	  1.0000	  1.0074
768.0000	 32.0000	 -2.6019	  0.1103	  1.0000	  1.0012
800.0000	 32.0000	 -2.6181	  0.0334	  1.0000	  1.0078
832.0000	 32.0000	 -2.6523	 -0.0141	  0.0000	  1.1071
864.0000	 32.0000	 -2.6518	 -0.0354	  0.0000	  1.1351
896.0000	 32.0000	 -2.6086	 -0.0163	  0.0000	  1.1054
928.0000	 32.0000	 -2.6085	  0.0797	  0.0000	  1.0894
960.0000	 32.0000	 -2.6678	  0.1568	  0.0000	  1.0684
992.0000	 32.0000	 -2.6581	  0.2342	  0.0000	  1.0525
1024.0000	 32.0000	 -2.5411	  0.3400	  0.0000	  1.0018
 32.0000	 64.0000	 -2.8044	 -0.1317	  1.0000	  1.0046
 64.0000	 64.0000	 -2.8683	 -0.1303	  1.0000	  0.0000
 96.0000	 64.0000	 -2.9881	 -0.1165	  1.0000	  1.0064
128.0000	 64.0000	 -3.1513	 -0.0578	  0.0000	  1.0082
160.0000	 64.0000	 -3.1951	  0.0138	  0.0000	  1.0612
192.0000	 64.0000	 -3.2383	  0.0451	  0.0000	  1.0858
224.0000	 64.0000	 -3.1927	  0.0089	  0.0000	  1.0852
256.0000	 64.0000	 -3.0198	 -0.1486	  0.0000	  1.0469
288.0000	 64.0000	 -2.8115	 -0.4873	  1.0000	  1.0000
320.0000	 64.0000	 -2.6543	 -0.6764	  1.0000	  1.0001
352.0000	 64.0000	 -2.5435	 -0.6543	  1.0000	  0.0000
384.0000	 64.0000	 -2.4932	 -0.5243	  0.0000	  1.0298
416.0000	 64.0000	 -2.4898	 -0.5605	  0.0000	  1.0115
448.0000	 64.0000	 -2.4967	 -0.5029	  1.0000	  1.0016
480.0000	 64.0000	 -2.5120	 -0.4015	  1.0000	  1.0053
512.0000	 64.0000	 -2.5357	 -0.2421	  1.0000	  1.0067
544.0000	 64.0000	 -2.5666	 -0.0652	  1.0000	  1.0020
576.0000	 64.0000	 -2.6045	  0.1198	  1.0000	  1.0003
608.0000	 64.0000	 -2.6399	  0.2981	  1.0000	  1.0203
640.0000	 64.0000	 -2.6471	  0.4458	  0.0000	  1.0603
672.0000	 64.0000	 -2.6434	  0.4496	  0.0000	  1.0562
704.0000	 64.0000	 -2.6286	  0.3262	  1.0000	  0.0000
736.0000	 64.0000	 -2.6022	  0.1879	  1.0000	  1.0016
768.0000	 64.0000	 -2.5841	  0.0749	  1.0000	  1.0028
800.0000	 64.0000	 -2.5898	  0.0075	  0.0000	  1.0489
832.0000	 64.0000	 -2.6412	 -0.0086	  0.0000	  1.1310
864.0000	 64.0000	 -2.6638	 -0.0125	  0.0000	  1.1129
896.0000	 64.0000	 -2.6274	 -0.0111	  0.0000	  1.0475
928.0000	 64.0000	 -2.6088	  0.0699	  0.0000	  1.0623
960.0000	 64.0000	 -2.6648	  0.1231	  0.0000	  1.0838
992.0000	 64.0000	 -2.6745	  0.1650	  0.0000	  1.0693
1024.0000	 64.0000	 -2.6069	  0.2173	  0.0000	  1.0572
 32.0000	 96.0000	 -2.7774	 -0.0702	  0.0000	  1.0424
 64.0000	 96.0000	 -2.8122	 -0.0875	  0.0000	  1.0301
 96.0000	 96.0000	 -2.9044	 -0.1095	  0.0000	  1.0451
128.0000	 96.0000	 -3.0387	 -0.0535	  0.0000	  1.1474
160.0000	 96.0000	 -3.0985	 -0.0032	  0.0000	  1.1747
192.0000	 96.0000	 -3.1203	  0.0020	  0.0000	  1.1195
224.0000	 96.0000	 -3.0823	 -0.0735	  0.0000	  1.0977
256.0000	 96.0000	 -2.9804	 -0.2737	  0.0000	  1.0290
288.0000	 96.0000	 -2.8614	 -0.6507	  0.0000	  1.0615
320.0000	 96.0000	 -2.7108	 -0.8756	  0.0000	  1.0388
352.0000	 96.0000	 -2.6000	 -0.7770	  1.0000	  1.0021
384.0000	 96.0000	 -2.5432	 -0.6167	  1.0000	  1.0020
416.0000	 96.0000	 -2.5321	 -0.5252	  1.0000	  1.0063
448.0000	 96.0000	 -2.5368	 -0.4215	  1.0000	  1.0005
480.0000	 96.0000	 -2.5449	 -0.3125	  1.0000	  1.0058
512.0000	 96.0000	 -2.5533	 -0.1852	  1.0000	  1.0011
544.0000	 96.0000	 -2.5670	 -0.0574	  1.0000	  1.0024
576.0000	 96.0000	 -2.6044	  0.0770	  1.0000	  1.0025
608.0000	 96.0000	 -2.6643	  0.2077	  0.0000	  1.0718
640.0000	 96.0000	 -2.6943	  0.3118	  0.0000	  1.1192
672.0000	 96.0000	 -2.6892	  0.3205	  0.0000	  1.1061
704.0000	 96.0000	 -2.6483	  0.2320	  1.0000	  0.0000
736.0000	 96.0000	 -2.5997	  0.1140	  1.0000	  1.0078
768.0000	 96.0000	 -2.5609	  0.0064	  1.0000	  1.0015
800.0000	 96.0000	 -2.5481	 -0.0626	  0.0000	  1.0939
832.0000	 96.0000	 -2.5908	 -0.0379	  0.0000	  1.1176
864.0000	 96.0000	 -2.6310	  0.0105	  0.0000	  1.0860
896.0000	 96.0000	 -2.6126	  0.0403	  0.0000	  1.0579
928.0000	 96.0000	 -2.5862	  0.0802	  0.0000	  1.0428
960.0000	 96.0000	 -2.6421	  0.0911	  0.0000	  1.1523
992.0000	 96.0000	 -2.6626	  0.0890	  0.0000	  1.0785
1024.0000	 96.0000	 -2.6308	  0.0932	  0.0000	  1.0898
 32.0000	128.0000	 -2.8339	  0.0497	  0.0000	  1.0305
 64.0000	128.0000	 -2.8275	  0.0206	  0.0000	  1.0345
 96.0000	128.0000	 -2.8822	 -0.0223	  0.0000	  1.0766
128.0000	128.0000	 -2.9702	 -0.0075	  0.0000	  1.1447
160.0000	128.0000	 -3.0244	  0.0088	  0.0000	  1.1594
192.0000	128.0000	 -3.0380	 -0.0125	  0.0000	  1.0819
224.0000	128.0000	 -2.9912	 -0.1412	  0.0000	  1.0832
256.0000	128.0000	 -2.9180	 -0.3950	  0.0000	  1.0512
288.0000	128.0000	 -2.8568	 -0.7142	  0.0000	  1.0352
320.0000	128.0000	 -2.7387	 -0.8845	  0.0000	  1.0361
352.0000	128.0000	 -2.6521	 -0.7540	  1.0000	  1.0001
384.0000	128.0000	 -2.5989	 -0.5752	  1.0000	  1.0034
416.0000	128.0000	 -2.5853	 -0.4159	  1.0000	  1.0044
448.0000	128.0000	 -2.5931	 -0.2788	  1.0000	  1.0042
480.0000	128.0000	 -2.5991	 -0.1728	  1.0000	  1.0089
512.0000	128.0000	 -2.5924	 -0.1017	  1.0000	  1.0011
544.0000	128.0000	 -2.5787	 -0.0500	  0.0000	  1.0191
576.0000	128.0000	 -2.6012	  0.0145	  0.0000	  1.1009
608.0000	128.0000	 -2.6666	  0.0862	  0.0000	  1.0981
640.0000	128.0000	 -2.7183	  0.1512	  0.0000	  1.1151
672.0000	128.0000	 -2.7172	  0.1647	  0.0000	  1.1482
704.0000	128.0000	 -2.6630	  0.1109	  1.0000	  1.0006
736.0000	128.0000	 -2.5958	  0.0214	  1.0000	  1.0013
768.0000	128.0000	 -2.5361	 -0.0712	  1.0000	  1.0065
800.0000	128.0000	 -2.4989	 -0.1385	  0.0000	  1.1053
832.0000	128.0000	 -2.5107	 -0.1090	  0.0000	  1.0989
864.0000	128.0000	 -2.5497	 -0.0359	  1.0000	  1.0076
896.0000	128.0000	 -2.5647	  0.0235	  1.0000	  1.0116
928.0000	128.0000	 -2.5730	  0.0627	  1.0000	  1.0005
960.0000	128.0000	 -2.6080	  0.0663	  0.0000	  1.1205
992.0000	128.0000	 -2.6201	  0.0461	  0.0000	  1.0654
1024.0000	128.0000	 -2.6029	  0.0239	  0.0000	  1.0559
 32.0000	160.0000	 -3.0431	  0.0749	  0.0000	  1.0306
 64.0000	160.0000	 -2.9565	  0.0573	  0.0000	  1.0232
 96.0000	160.0000	 -2.9473	  0.0416	  1.0000	  1.0027
128.0000	160.0000	 -2.9666	  0.0531	  0.0000	  1.0615
160.0000	160.0000	 -3.0009	  0.0458	  0.0000	  1.0527
192.0000	160.0000	 -3.0095	  0.0117	  0.0000	  1.0404
224.0000	160.0000	 -2.9386	 -0.1254	  0.0000	  1.0825
256.0000	160.0000	 -2.8666	 -0.3295	  0.0000	  1.0750
288.0000	160.0000	 -2.8307	 -0.5246	  1.0000	  1.0031
320.0000	160.0000	 -2.7608	 -0.6283	  1.0000	  1.0087
352.0000	160.0000	 -2.6831	 -0.5778	  1.0000	  1.0044
384.0000	160.0000	 -2.6278	 -0.4419	  1.0000	  1.0080
416.0000	160.0000	 -2.6202	 -0.2717	  1.0000	  1.0056
448.0000	160.0000	 -2.6472	 -0.1180	  1.0000	  1.0046
480.0000	160.0000	 -2.6677	 -0.0142	  1.0000	  0.0000
512.0000	160.0000	 -2.6681	 -0.0163	  1.0000	  1.0037
544.0000	160.0000	 -2.6575	 -0.0558	  0.0000	  1.0764
576.0000	160.0000	 -2.6625	 -0.0642	  0.0000	  1.1191
608.0000	160.0000	 -2.7135	 -0.0427	  0.0000	  1.1185
640.0000	160.0000	 -2.7522	  0.0010	  0.0000	  1.1197
672.0000	160.0000	 -2.7385	  0.0228	  0.0000	  1.1326
704.0000	160.0000	 -2.6749	 -0.0070	  1.0000	  1.0016
736.0000	160.0000	 -2.5920	 -0.0645	  1.0000	  1.0011
768.0000	160.0000	 -2.5154	 -0.1232	  1.0000	  1.0067
800.0000	160.0000	 -2.4678	 -0.1561	  1.0000	  1.0024
832.0000	160.0000	 -2.4620	 -0.1307	  1.0000	  1.0085
864.0000	160.0000	 -2.4858	 -0.0663	  1.0000	  1.0010
896.0000	160.0000	 -2.5115	  0.0072	  1.0000	  0.0000
928.0000	160.0000	 -2.5365	  0.0654	  1.0000	  1.0031
960.0000	160.0000	 -2.5630	  0.0932	  1.0000	  1.0048
992.0000	160.0000	 -2.5747	  0.0971	  1.0000	  1.0016
1024.0000	160.0000	 -2.5729	  0.0909	  1.0000	  1.0021
 32.0000	192.0000	 -3.1601	  0.0704	  0.0000	  1.0359
 64.0000	192.0000	 -3.0578	  0.0626	  0.0000	  1.0616
 96.0000	192.0000	 -3.0156	  0.0865	  0.0000	  1.0445
128.0000	192.0000	 -3.0022	  0.1352	  0.0000	  1.0306
160.0000	192.0000	 -3.0306	  0.1042	  0.0000	  1.0471
192.0000	192.0000	 -3.0037	  0.0342	  0.0000	  1.0155
224.0000	192.0000	 -2.9174	 -0.0840	  0.0000	  1.0929
256.0000	192.0000	 -2.8580	 -0.2044	  0.0000	  1.1155
288.0000	192.0000	 -2.8251	 -0.3006	  0.0000	  1.1406
320.0000	192.0000	 -2.7795	 -0.3681	  0.0000	  1.1252
352.0000	192.0000	 -2.6937	 -0.3821	  1.0000	  1.0013
384.0000	192.0000	 -2.6238	 -0.2927	  1.0000	  1.0021
416.0000	192.0000	 -2.6242	 -0.1410	  0.0000	  1.0431
448.0000	192.0000	 -2.6843	  0.0144	  0.0000	  1.0456
480.0000	192.0000	 -2.7299	  0.1331	  0.0000	  1.0358
512.0000	192.0000	 -2.7584	  0.0454	  0.0000	  1.0475
544.0000	192.0000	 -2.7811	 -0.0759	  0.0000	  1.1006
576.0000	192.0000	 -2.7851	 -0.1371	  0.0000	  1.1033
608.0000	192.0000	 -2.8138	 -0.1473	  0.0000	  1.1199
640.0000	192.0000	 -2.8195	 -0.1200	  0.0000	  1.1067
672.0000	192.0000	 -2.7762	 -0.0937	  0.0000	  1.1137
704.0000	192.0000	 -2.6833	 -0.0945	  1.0000	  1.0034
736.0000	192.0000	 -2.5705	 -0.1124	  1.0000	  1.0017
768.0000	192.0000	 -2.4667	 -0.1307	  1.0000	  1.0003
800.0000	192.0000	 -2.4015	 -0.1323	  1.0000	  1.0017
832.0000	192.0000	 -2.3860	 -0.1060	  1.0000	  1.0042
864.0000	192.0000	 -2.4100	 -0.0536	  1.0000	  0.0000
896.0000	192.0000	 -2.4436	  0.0278	  1.0000	  1.0015
928.0000	192.0000	 -2.4836	  0.1043	  1.0000	  1.0087
960.0000	192.0000	 -2.5208	  0.1547	  1.0000	  1.0020
992.0000	192.0000	 -2.5414	  0.1821	  1.0000	  1.0066
1024.0000	192.0000	 -2.5488	  0.1920	  1.0000	  1.0062
 32.0000	224.0000	 -3.1092	  0.0868	  1.0000	  1.0001
 64.0000	224.0000	 -3.0326	  0.0986	  0.0000	  1.0828
 96.0000	224.0000	 -2.9672	  0.1285	  0.0000	  1.1026
128.0000	224.0000	 -2.9335	  0.1593	  0.0000	  1.1626
160.0000	224.0000	 -2.9180	  0.1512	  0.0000	  1.0839
192.0000	224.0000	 -2.8594	  0.0823	  0.0000	  1.0845
224.0000	224.0000	 -2.8208	 -0.0129	  0.0000	  1.0900
256.0000	224.0000	 -2.8025	 -0.0946	  0.0000	  1.1057
288.0000	224.0000	 -2.7901	 -0.1629	  0.0000	  1.1149
320.0000	224.0000	 -2.7671	 -0.2183	  0.0000	  1.1039
352.0000	224.0000	 -2.6961	 -0.2446	  0.0000	  1.0237
384.0000	224.0000	 -2.6056	 -0.1824	  0.0000	  1.0466
416.0000	224.0000	 -2.6006	 -0.0969	  0.0000	  1.1096
448.0000	224.0000	 -2.6537	  0.0031	  0.0000	  1.0980
480.0000	224.0000	 -2.7293	  0.0968	  0.0000	  1.0080
512.0000	224.0000	 -2.8236	 -0.0105	  0.0000	  1.0632
544.0000	224.0000	 -2.9110	 -0.1331	  0.0000	  1.0412
576.0000	224.0000	 -2.9279	 -0.1913	  0.0000	  1.0352
608.0000	224.0000	 -2.9313	 -0.1996	  0.0000	  1.0652
640.0000	224.0000	 -2.8942	 -0.1861	  0.0000	  1.0783
672.0000	224.0000	 -2.8184	 -0.1541	  0.0000	  1.0142
704.0000	224.0000	 -2.6641	 -0.1054	  1.0000	  1.0008
736.0000	224.0000	 -2.4898	 -0.0542	  1.0000	  0.0000
768.0000	224.0000	 -2.3307	 -0.0040	  1.0000	  1.0013
800.0000	224.0000	 -2.2291	  0.0433	  1.0000	  1.0005
832.0000	224.0000	 -2.2072	  0.0752	  1.0000	  1.0032
864.0000	224.0000	 -2.2551	  0.0966	  1.0000	  1.0044
896.0000	224.0000	 -2.3073	  0.1693	  1.0000	  1.0101
928.0000	224.0000	 -2.3843	  0.2335	  1.0000	  1.0008
960.0000	224.0000	 -2.4670	  0.2671	  0.0000	  1.0728
992.0000	224.0000	 -2.5163	  0.2866	  1.0000	  1.0378
1024.0000	224.0000	 -2.5394	  0.2922	  1.0000	  1.0136
 32.0000	256.0000	 -3.0623	  0.1022	  1.0000	  1.0001
 64.0000	256.0000	 -3.0126	  0.1140	  1.0000	  1.0813
 96.0000	256.0000	 -2.9320	  0.1303	  0.0000	  1.1263
128.0000	256.0000	 -2.8761	  0.1359	  0.0000	  1.1776
160.0000	256.0000	 -2.8257	  0.1216	  0.0000	  1.0771
192.0000	256.0000	 -2.7416	  0.0911	  0.0000	  1.1187
224.0000	256.0000	 -2.7016	  0.0311	  0.0000	  1.1123
256.0000	256.0000	 -2.7192	 -0.0349	  0.0000	  1.0909
288.0000	256.0000	 -2.7426	 -0.0896	  0.0000	  1.0684
320.0000	256.0000	 -2.7549	 -0.1065	  0.0000	  1.0756
352.0000	256.0000	 -2.7488	 -0.0775	  0.0000	  1.0298
384.0000	256.0000	 -2.6892	 -0.0458	  0.0000	  1.0639
416.0000	256.0000	 -2.6499	 -0.0223	  0.0000	  1.1145
448.0000	256.0000	 -2.6526	 -0.0073	  0.0000	  1.1160
480.0000	256.0000	 -2.7040	 -0.0083	  0.0000	  1.0052
512.0000	256.0000	 -2.8449	 -0.0732	  1.0000	  1.0094
544.0000	256.0000	 -2.9528	 -0.1554	  1.0000	  1.0051
576.0000	256.0000	 -2.9935	 -0.2054	  1.0000	  1.0020
608.0000	256.0000	 -2.9846	 -0.2125	  1.0000	  1.0859
640.0000	256.0000	 -2.9092	 -0.1772	  0.0000	  1.0862
672.0000	256.0000	 -2.7699	 -0.0981	  1.0000	  0.0000
704.0000	256.0000	 -2.5411	  0.0417	  1.0000	  0.0000
736.0000	256.0000	 -2.2683	  0.2198	  1.0000	  1.0054
768.0000	256.0000	 -2.0088	  0.4025	  1.0000	  0.0000
800.0000	256.0000	 -1.8351	  0.5491	  1.0000	  0.0000
832.0000	256.0000	 -1.8026	  0.5979	  1.0000	  1.0262
864.0000	256.0000	 -1.9124	  0.5385	  0.0000	  1.0388
896.0000	256.0000	 -2.0048	  0.5680	  1.0000	  0.0000
928.0000	256.0000	 -2.1717	  0.5411	  1.0000	  0.0000
960.0000	256.0000	 -2.3698	  0.4649	  0.0000	  1.0581
992.0000	256.0000	 -2.4852	  0.4081	  0.0000	  1.0586
1024.0000	256.0000	 -2.5405	  0.3735	  1.0000	  1.0075
 32.0000	288.0000	 -3.0445	  0.1137	  1.0000	  1.0013
 64.0000	288.0000	 -3.0156	  0.1175	  1.0000	  1.0057
 96.0000	288.0000	 -2.9511	  0.1151	  1.0000	  0.0000
128.0000	288.0000	 -2.8780	  0.1004	  1.0000	  1.0048
160.0000	288.0000	 -2.8091	  0.0707	  0.0000	  1.0224
192.0000	288.0000	 -2.6956	  0.0619	  0.0000	  1.0905
224.0000	288.0000	 -2.6323	  0.0161	  0.0000	  1.1106
256.0000	288.0000	 -2.6561	 -0.0352	  0.0000	  1.1012
288.0000	288.0000	 -2.7162	 -0.0531	  0.0000	  1.0652
320.0000	288.0000	 -2.7913	  0.0007	  0.0000	  1.0431
352.0000	288.0000	 -2.8767	  0.0850	  0.0000	  1.0479
384.0000	288.0000	 -2.8647	  0.1204	  0.0000	  1.0604
416.0000	288.0000	 -2.7889	  0.1305	  0.0000	  1.0148
448.0000	288.0000	 -2.7432	  0.0877	  0.0000	  1.0077
480.0000	288.0000	 -2.7931	  0.0109	  1.0000	  1.0062
512.0000	288.0000	 -2.9013	 -0.0678	  1.0000	  1.0003
544.0000	288.0000	 -2.9796	 -0.1250	  1.0000	  1.0064
576.0000	288.0000	 -3.0016	 -0.1454	  1.0000	  1.0047
608.0000	288.0000	 -2.9629	 -0.1258	  1.0000	  1.0021
640.0000	288.0000	 -2.8336	 -0.0432	  1.0000	  1.0003
672.0000	288.0000	 -2.5890	  0.1446	  1.0000	  1.0002
704.0000	288.0000	 -2.2278	  0.4473	  1.0000	  0.0000
736.0000	288.0000	 -1.8008	  0.8291	  1.0000	  1.0017
768.0000	288.0000	 -1.3894	  1.2223	  1.0000	  1.0001
800.0000	288.0000	 -1.1006	  1.5371	  1.0000	  1.0015
832.0000	288.0000	 -1.0300	  1.6459	  1.0000	  1.0262
864.0000	288.0000	 -1.2013	  1.4920	  0.0000	  1.0535
896.0000	288.0000	 -1.4033	  1.3861	  1.0000	  1.0016
928.0000	288.0000	 -1.7433	  1.1282	  1.0000	  1.0005
960.0000	288.0000	 -2.1372	  0.7814	  1.0000	  1.0034
992.0000	288.0000	 -2.4082	  0.5402	  1.0000	  1.0043
1024.0000	288.0000	 -2.5164	  0.4440	  1.0000	  1.0012
 32.0000	320.0000	 -3.0566	  0.1188	  1.0000	  1.0048
 64.0000	320.0000	 -3.0337	  0.1148	  1.0000	  1.0106
 96.0000	320.0000	 -2.9706	  0.0990	  1.0000	  1.0063
128.0000	320.0000	 -2.8785	  0.0677	  1.0000	  1.0140
160.0000	320.0000	 -2.7803	  0.0041	  0.0000	  1.0290
192.0000	320.0000	 -2.6877	 -0.0161	  0.0000	  1.0693
224.0000	320.0000	 -2.6396	 -0.0357	  0.0000	  1.1403
256.0000	320.0000	 -2.6554	 -0.0534	  0.0000	  1.1498
288.0000	320.0000	 -2.7225	 -0.0179	  0.0000	  1.0692
320.0000	320.0000	 -2.8250	  0.1537	  0.0000	  1.0885
352.0000	320.0000	 -2.9300	  0.2756	  0.0000	  1.0496
384.0000	320.0000	 -2.9289	  0.2750	  0.0000	  1.0726
416.0000	320.0000	 -2.8597	  0.2560	  1.0000	  1.0070
448.0000	320.0000	 -2.8070	  0.2089	  1.0000	  1.0049
480.0000	320.0000	 -2.8165	  0.1522	  1.0000	  1.0008
512.0000	320.0000	 -2.8690	  0.1048	  0.0000	  1.0746
544.0000	320.0000	 -2.8708	  0.1078	  0.0000	  1.0826
576.0000	320.0000	 -2.8148	  0.1652	  1.0000	  1.0072
608.0000	320.0000	 -2.6989	  0.2499	  1.0000	  1.0011
640.0000	320.0000	 -2.4722	  0.4100	  1.0000	  1.0017
672.0000	320.0000	 -2.0840	  0.7354	  1.0000	  0.0000
704.0000	320.0000	 -1.5490	  1.2372	  1.0000	  1.0007
736.0000	320.0000	 -0.9362	  1.8630	  1.0000	  1.0013
768.0000	320.0000	 -0.3537	  2.5111	  1.0000	  1.0099
800.0000	320.0000	  0.0602	  3.0395	  1.0000	  1.0013
832.0000	320.0000	  0.1749	  3.2495	  1.0000	  1.0102
864.0000	320.0000	 -0.0251	  3.0933	  1.0000	  1.0165
896.0000	320.0000	 -0.4329	  2.7139	  1.0000	  0.0000
928.0000	320.0000	 -1.0382	  2.0868	  1.0000	  1.0094
960.0000	320.0000	 -1.7367	  1.3104	  0.0000	  1.0314
992.0000	320.0000	 -2.2296	  0.7866	  0.0000	  1.0375
1024.0000	320.0000	 -2.3938	  0.6056	  1.0000	  1.0110
 32.0000	352.0000	 -3.0839	  0.1255	  1.0000	  1.0610
 64.0000	352.0000	 -3.0552	  0.1172	  1.0000	  1.0012
 96.0000	352.0000	 -2.9835	  0.0954	  1.0000	  1.0037
128.0000	352.0000	 -2.8766	  0.0626	  0.0000	  1.0283
160.0000	352.0000	 -2.7835	 -0.0304	  0.0000	  1.0614
192.0000	352.0000	 -2.7193	 -0.0566	  0.0000	  1.0891
224.0000	352.0000	 -2.6908	 -0.0511	  0.0000	  1.1513
256.0000	352.0000	 -2.7125	 -0.0414	  0.0000	  1.1955
288.0000	352.0000	 -2.7905	  0.0326	  0.0000	  1.0322
320.0000	352.0000	 -2.8539	  0.3235	  0.0000	  1.0341
352.0000	352.0000	 -2.9069	  0.4719	  0.0000	  1.0514
384.0000	352.0000	 -2.8860	  0.4443	  0.0000	  1.0043
416.0000	352.0000	 -2.8013	  0.4518	  1.0000	  1.0001
448.0000	352.0000	 -2.6891	  0.4933	  1.0000	  1.0011
480.0000	352.0000	 -2.5918	  0.5672	  1.0000	  1.0011
512.0000	352.0000	 -2.5210	  0.6543	  0.0000	  1.0769
544.0000	352.0000	 -2.3915	  0.8021	  0.0000	  1.0846
576.0000	352.0000	 -2.1859	  1.0024	  1.0000	  0.0000
608.0000	352.0000	 -1.9336	  1.1735	  1.0000	  1.0055
640.0000	352.0000	 -1.5611	  1.3953	  1.0000	  1.0067
672.0000	352.0000	 -1.0087	  1.8066	  1.0000	  1.0005
704.0000	352.0000	 -0.3040	  2.4434	  1.0000	  1.0039
736.0000	352.0000	  0.4654	  3.2565	  1.0000	  1.0042
768.0000	352.0000	  1.1692	  4.1229	  1.0000	  0.0000
800.0000	352.0000	  1.6489	  4.8533	  1.0000	  1.0096
832.0000	352.0000	  1.7474	  5.1597	  1.0000	  1.0012
864.0000	352.0000	  1.4532	  4.9727	  1.0000	  1.0000
896.0000	352.0000	  0.8473	  4.3851	  1.0000	  0.0000
928.0000	352.0000	 -0.0014	  3.4525	  1.0000	  0.0000
960.0000	352.0000	 -0.9493	  2.3395	  1.0000	  1.0274
992.0000	352.0000	 -1.7219	  1.4246	  0.0000	  1.0259
1024.0000	352.0000	 -2.0418	  1.0328	  0.0000	  1.0361
 32.0000	384.0000	 -3.1087	  0.1379	  1.0000	  1.0699
 64.0000	384.0000	 -3.0650	  0.1253	  1.0000	  1.0058
 96.0000	384.0000	 -2.9889	  0.0877	  1.0000	  1.0001
128.0000	384.0000	 -2.8942	  0.0255	  0.0000	  1.0550
160.0000	384.0000	 -2.8151	 -0.0405	  0.0000	  1.0735
192.0000	384.0000	 -2.7684	 -0.0445	  0.0000	  1.0833
224.0000	384.0000	 -2.7490	 -0.0279	  0.0000	  1.0751
256.0000	384.0000	 -2.7758	  0.0010	  0.0000	  1.0576
288.0000	384.0000	 -2.8511	  0.1072	  1.0000	  0.0000
320.0000	384.0000	 -2.8904	  0.3193	  1.0000	  1.0306
352.0000	384.0000	 -2.8750	  0.5008	  0.0000	  1.0424
384.0000	384.0000	 -2.7816	  0.5602	  1.0000	  1.0023
416.0000	384.0000	 -2.5838	  0.7112	  1.0000	  1.0002
448.0000	384.0000	 -2.3042	  0.9803	  1.0000	  1.0009
480.0000	384.0000	 -1.9824	  1.3535	  1.0000	  1.0003
512.0000	384.0000	 -1.6497	  1.7752	  1.0000	  1.0000
544.0000	384.0000	 -1.3085	  2.1774	  1.0000	  1.0041
576.0000	384.0000	 -0.9490	  2.4898	  1.0000	  1.0001
608.0000	384.0000	 -0.5434	  2.6747	  1.0000	  1.0012
640.0000	384.0000	 -0.0125	  2.8309	  1.0000	  1.0020
672.0000	384.0000	  0.6850	  3.1545	  1.0000	  1.0048
704.0000	384.0000	  1.5058	  3.7389	  1.0000	  1.0024
736.0000	384.0000	  2.3479	  4.5771	  1.0000	  1.0071
768.0000	384.0000	  3.0697	  5.5520	  1.0000	  1.0024
800.0000	384.0000	  3.5071	  6.4322	  1.0000	  1.0092
832.0000	384.0000	  3.5041	  6.8415	  1.0000	  1.0057
864.0000	384.0000	  3.0604	  6.6657	  1.0000	  1.0073
896.0000	384.0000	  2.2804	  6.0254	  1.0000	  1.0122
928.0000	384.0000	  1.2351	  4.9388	  1.0000	  1.0093
960.0000	384.0000	  0.1082	  3.6315	  1.0000	  1.0045
992.0000	384.0000	 -0.7718	  2.5675	  1.0000	  1.0038
1024.0000	384.0000	 -1.2049	  2.0218	  1.0000	  1.0020
 32.0000	416.0000	 -3.1220	  0.1562	  1.0000	  1.0056
 64.0000	416.0000	 -3.0695	  0.1487	  1.0000	  1.0058
 96.0000	416.0000	 -2.9884	  0.1138	  1.0000	  1.0001
128.0000	416.0000	 -2.9006	  0.0566	  0.0000	  1.0192
160.0000	416.0000	 -2.8386	  0.0015	  0.0000	  1.0046
192.0000	416.0000	 -2.8178	 -0.0032	  1.0000	  1.0066
224.0000	416.0000	 -2.8249	  0.0039	  0.0000	  1.0411
256.0000	416.0000	 -2.8956	  0.0282	  1.0000	  1.0432
288.0000	416.0000	 -2.9562	  0.0930	  1.0000	  1.0001
320.0000	416.0000	 -2.9481	  0.2125	  1.0000	  1.0023
352.0000	416.0000	 -2.8473	  0.3659	  1.0000	  1.0017
384.0000	416.0000	 -2.6069	  0.5844	  1.0000	  1.0024
416.0000	416.0000	 -2.2033	  0.9896	  1.0000	  1.0049
448.0000	416.0000	 -1.6572	  1.6127	  1.0000	  1.0003
480.0000	416.0000	 -1.0199	  2.4189	  1.0000	  1.0074
512.0000	416.0000	 -0.3583	  3.2898	  1.0000	  1.0015
544.0000	416.0000	  0.2517	  4.0271	  1.0000	  0.0000
576.0000	416.0000	  0.8039	  4.4722	  1.0000	  0.0000
608.0000	416.0000	  1.3603	  4.5920	  1.0000	  0.0000
640.0000	416.0000	  2.0130	  4.5200	  1.0000	  1.0031
672.0000	416.0000	  2.7910	  4.5324	  1.0000	  1.0149
704.0000	416.0000	  3.6351	  4.8121	  1.0000	  0.0000
736.0000	416.0000	  4.4390	  5.4431	  1.0000	  1.0045
768.0000	416.0000	  5.0683	  6.3546	  1.0000	  1.0057
800.0000	416.0000	  5.3724	  7.3026	  1.0000	  1.0023
832.0000	416.0000	  5.2140	  7.8357	  1.0000	  1.0016
864.0000	416.0000	  4.6006	  7.7580	  1.0000	  1.0072
896.0000	416.0000	  3.7035	  7.3030	  1.0000	  1.0055
928.0000	416.0000	  2.5217	  6.2722	  1.0000	  1.0020
960.0000	416.0000	  1.2514	  4.9122	  1.0000	  1.0015
992.0000	416.0000	  0.2643	  3.7698	  1.0000	  1.0058
1024.0000	416.0000	 -0.2776	  3.1062	  1.0000	  1.0248
 32.0000	448.0000	 -3.0599	  0.1722	  1.0000	  1.0021
 64.0000	448.0000	 -3.0166	  0.1793	  0.0000	  1.0826
 96.0000	448.0000	 -2.9376	  0.1559	  0.0000	  1.0543
128.0000	448.0000	 -2.8349	  0.1125	  0.0000	  1.0134
160.0000	448.0000	 -2.8562	  0.0545	  1.0000	  1.0018
192.0000	448.0000	 -2.8899	  0.0147	  1.0000	  1.0053
224.0000	448.0000	 -2.9543	 -0.0116	  1.0000	  1.0044
256.0000	448.0000	 -3.0468	 -0.0167	  1.0000	  1.0015
288.0000	448.0000	 -3.0855	 -0.0012	  1.0000	  1.0008
320.0000	448.0000	 -2.9970	  0.0538	  1.0000	  1.0045
352.0000	448.0000	 -2.7789	  0.1936	  1.0000	  1.0046
384.0000	448.0000	 -2.3557	  0.5517	  1.0000	  1.0015
416.0000	448.0000	 -1.6941	  1.2434	  1.0000	  1.0055
448.0000	448.0000	 -0.8230	  2.2855	  1.0000	  1.0041
480.0000	448.0000	  0.1794	  3.5996	  1.0000	  1.0022
512.0000	448.0000	  1.1998	  4.9826	  1.0000	  1.0031
544.0000	448.0000	  2.0976	  6.0918	  1.0000	  1.0015
576.0000	448.0000	  2.8439	  6.6586	  1.0000	  1.0009
608.0000	448.0000	  3.5187	  6.6319	  1.0000	  1.0027
640.0000	448.0000	  4.2305	  6.1892	  1.0000	  1.0007
672.0000	448.0000	  5.0155	  5.7089	  1.0000	  1.0009
704.0000	448.0000	  5.7892	  5.4578	  1.0000	  1.0022
736.0000	448.0000	  6.4577	  5.6556	  1.0000	  1.0039
768.0000	448.0000	  6.9155	  6.3225	  1.0000	  1.0002
800.0000	448.0000	  7.0458	  7.2556	  1.0000	  1.0072
832.0000	448.0000	  6.7470	  7.9846	  1.0000	  1.0003
864.0000	448.0000	  6.0318	  8.2218	  1.0000	  1.0108
896.0000	448.0000	  5.0609	  8.0985	  1.0000	  1.0021
928.0000	448.0000	  3.8111	  7.3238	  1.0000	  1.0079
960.0000	448.0000	  2.4636	  6.1108	  1.0000	  1.0074
992.0000	448.0000	  1.4197	  5.0433	  1.0000	  1.0034
1024.0000	448.0000	  0.8397	  4.3864	  1.0000	  1.0028
 32.0000	480.0000	 -2.9300	  0.1675	  1.0000	  1.0066
 64.0000	480.0000	 -2.9389	  0.1804	  0.0000	  1.0818
 96.0000	480.0000	 -2.9253	  0.1601	  0.0000	  1.0755
128.0000	480.0000	 -2.9130	  0.1186	  0.0000	  1.0887
160.0000	480.0000	 -2.9416	  0.0558	  0.0000	  1.0798
192.0000	480.0000	 -2.9724	 -0.0192	  1.0000	  1.0242
224.0000	480.0000	 -3.0661	 -0.0859	  0.0000	  1.0787
256.0000	480.0000	 -3.1881	 -0.1188	  0.0000	  1.0798
288.0000	480.0000	 -3.2060	 -0.1358	  0.0000	  1.0135
320.0000	480.0000	 -3.0073	 -0.1234	  1.0000	  0.0000
352.0000	480.0000	 -2.6627	 -0.0005	  1.0000	  0.0000
384.0000	480.0000	 -2.0573	  0.4617	  1.0000	  1.0017
416.0000	480.0000	 -1.1403	  1.4080	  1.0000	  1.0020
448.0000	480.0000	  0.0472	  2.8474	  1.0000	  1.0065
480.0000	480.0000	  1.3973	  4.6533	  1.0000	  1.0003
512.0000	480.0000	  2.7485	  6.5279	  1.0000	  0.0000
544.0000	480.0000	  3.9018	  7.9768	  1.0000	  1.0074
576.0000	480.0000	  4.8047	  8.6170	  1.0000	  1.0016
608.0000	480.0000	  5.5531	  8.3866	  1.0000	  1.0056
640.0000	480.0000	  6.2715	  7.5085	  1.0000	  1.0145
672.0000	480.0000	  7.0184	  6.4614	  1.0000	  1.0019
704.0000	480.0000	  7.6597	  5.5452	  1.0000	  1.0054
736.0000	480.0000	  8.1403	  5.1596	  1.0000	  1.0005
768.0000	480.0000	  8.4043	  5.4349	  1.0000	  1.0067
800.0000	480.0000	  8.3748	  6.2638	  1.0000	  1.0075
832.0000	480.0000	  7.9963	  7.2345	  1.0000	  1.0055
864.0000	480.0000	  7.2810	  7.9811	  1.0000	  1.0078
896.0000	480.0000	  6.3009	  8.3006	  1.0000	  1.0036
928.0000	480.0000	  5.0725	  7.9849	  1.0000	  1.0112
960.0000	480.0000	  3.7438	  7.1633	  1.0000	  0.0000
992.0000	480.0000	  2.7146	  6.3710	  1.0000	  1.0063
1024.0000	480.0000	  2.1677	  5.8585	  1.0000	  1.0018
 32.0000	512.0000	 -2.7874	  0.1523	  0.0000	  1.0442
 64.0000	512.0000	 -2.8661	  0.1613	  0.0000	  1.0977
 96.0000	512.0000	 -2.9381	  0.1438	  0.0000	  1.0642
128.0000	512.0000	 -3.0008	  0.1083	  0.0000	  1.0887
160.0000	512.0000	 -3.0269	  0.0279	  0.0000	  1.0694
192.0000	512.0000	 -3.0206	 -0.0846	  0.0000	  1.0826
224.0000	512.0000	 -3.1083	 -0.1744	  0.0000	  1.0948
256.0000	512.0000	 -3.1928	 -0.2174	  0.0000	  1.0899
288.0000	512.0000	 -3.1465	 -0.2491	  0.0000	  1.0824
320.0000	512.0000	 -2.9154	 -0.2840	  0.0000	  1.0475
352.0000	512.0000	 -2.4983	 -0.2054	  1.0000	  1.0002
384.0000	512.0000	 -1.7551	  0.3086	  1.0000	  1.0006
416.0000	512.0000	 -0.6367	  1.4334	  1.0000	  1.0004
448.0000	512.0000	  0.7992	  3.1738	  1.0000	  1.0087
480.0000	512.0000	  2.4199	  5.3684	  1.0000	  1.0103
512.0000	512.0000	  4.0234	  7.6313	  1.0000	  1.0010
544.0000	512.0000	  5.3581	  9.3285	  1.0000	  1.0041
576.0000	512.0000	  6.3552	  9.9792	  1.0000	  1.0079
608.0000	512.0000	  7.1525	  9.5809	  1.0000	  1.0004
640.0000	512.0000	  7.9052	  8.4254	  1.0000	  1.0030
672.0000	512.0000	  8.5260	  6.7339	  1.0000	  1.0040
704.0000	512.0000	  8.9886	  5.1046	  1.0000	  1.0045
736.0000	512.0000	  9.2776	  4.1082	  1.0000	  1.0024
768.0000	512.0000	  9.3886	  3.9134	  1.0000	  1.0077
800.0000	512.0000	  9.2614	  4.5348	  1.0000	  1.0005
832.0000	512.0000	  8.8672	  5.6686	  1.0000	  1.0011
864.0000	512.0000	  8.2077	  6.8829	  1.0000	  1.0041
896.0000	512.0000	  7.3112	  7.7674	  1.0000	  1.0000
928.0000	512.0000	  6.1888	  8.0796	  1.0000	  1.0017
960.0000	512.0000	  4.9481	  7.8448	  1.0000	  1.0046
992.0000	512.0000	  3.9397	  7.4598	  1.0000	  1.0003
1024.0000	512.0000	  3.3590	  7.1006	  1.0000	  1.0023
 32.0000	544.0000	 -2.6966	  0.1753	  0.0000	  1.0382
 64.0000	544.0000	 -2.8472	  0.1728	  0.0000	  1.0534
 96.0000	544.0000	 -2.9886	  0.1224	  1.0000	  1.0007
128.0000	544.0000	 -3.0837	  0.0644	  0.0000	  1.0397
160.0000	544.0000	 -3.1118	 -0.0580	  0.0000	  1.0476
192.0000	544.0000	 -3.0935	 -0.1852	  0.0000	  1.0644
224.0000	544.0000	 -3.1419	 -0.2554	  0.0000	  1.0536
256.0000	544.0000	 -3.1515	 -0.2911	  0.0000	  1.0990
288.0000	544.0000	 -3.0491	 -0.3574	  0.0000	  1.0783
320.0000	544.0000	 -2.8040	 -0.4426	  0.0000	  1.0424
352.0000	544.0000	 -2.3330	 -0.4128	  1.0000	  1.0087
384.0000	544.0000	 -1.4971	  0.1170	  1.0000	  1.0053
416.0000	544.0000	 -0.2487	  1.3423	  1.0000	  1.0088
448.0000	544.0000	  1.3415	  3.2615	  1.0000	  1.0025
480.0000	544.0000	  3.1293	  5.7084	  1.0000	  1.0009
512.0000	544.0000	  4.8855	  8.2370	  1.0000	  1.0073
544.0000	544.0000	  6.3236	 10.0998	  1.0000	  1.0097
576.0000	544.0000	  7.3640	 10.7488	  1.0000	  1.0111
608.0000	544.0000	  8.2583	 10.4258	  1.0000	  1.0274
640.0000	544.0000	  8.9507	  8.9539	  1.0000	  1.0004
672.0000	544.0000	  9.4275	  6.7083	  1.0000	  1.0014
704.0000	544.0000	  9.7268	  4.4841	  1.0000	  1.0015
736.0000	544.0000	  9.8616	  3.0020	  1.0000	  1.0034
768.0000	544.0000	  9.8932	  2.3559	  1.0000	  1.0042
800.0000	544.0000	  9.7498	  2.7019	  1.0000	  1.0045
832.0000	544.0000	  9.3988	  3.8812	  1.0000	  1.0040
864.0000	544.0000	  8.8420	  5.4183	  1.0000	  1.0009
896.0000	544.0000	  8.0894	  6.8056	  1.0000	  1.0129
928.0000	544.0000	  7.1228	  7.7486	  1.0000	  1.0032
960.0000	544.0000	  6.0036	  8.1436	  1.0000	  1.0052
992.0000	544.0000	  5.0258	  8.2245	  1.0000	  1.0082
1024.0000	544.0000	  4.4404	  8.0745	  1.0000	  1.0100
 32.0000	576.0000	 -2.7758	  0.2584	  1.0000	  1.0108
 64.0000	576.0000	 -2.9085	  0.2312	  1.0000	  1.0013
 96.0000	576.0000	 -3.0369	  0.1112	  1.0000	  1.0068
128.0000	576.0000	 -3.1155	 -0.0380	  1.0000	  1.0160
160.0000	576.0000	 -3.1524	 -0.2196	  1.0000	  1.0117
192.0000	576.0000	 -3.1661	 -0.3263	  1.0000	  1.0020
224.0000	576.0000	 -3.1614	 -0.3581	  1.0000	  1.0085
256.0000	576.0000	 -3.1062	 -0.3811	  1.0000	  1.0087
288.0000	576.0000	 -2.9721	 -0.4729	  1.0000	  1.0057
320.0000	576.0000	 -2.7065	 -0.6019	  1.0000	  1.0005
352.0000	576.0000	 -2.2039	 -0.5832	  1.0000	  1.0063
384.0000	576.0000	 -1.3176	 -0.0332	  1.0000	  1.0063
416.0000	576.0000	 -0.0005	  1.2540	  1.0000	  1.0020
448.0000	576.0000	  1.6598	  3.2422	  1.0000	  1.0171
480.0000	576.0000	  3.5269	  5.8145	  1.0000	  1.0020
512.0000	576.0000	  5.3632	  8.5069	  1.0000	  1.0049
544.0000	576.0000	  6.8695	 10.5134	  1.0000	  1.0047
576.0000	576.0000	  7.9577	 11.2392	  1.0000	  1.0034
608.0000	576.0000	  8.8648	 10.8907	  1.0000	  1.0054
640.0000	576.0000	  9.4907	  9.1803	  1.0000	  1.0004
672.0000	576.0000	  9.8683	  6.5478	  1.0000	  1.0012
704.0000	576.0000	 10.0772	  3.8788	  1.0000	  1.0206
736.0000	576.0000	 10.1499	  1.9831	  1.0000	  1.0055
768.0000	576.0000	 10.1137	  1.1788	  1.0000	  1.0079
800.0000	576.0000	  9.9738	  1.3449	  1.0000	  1.0144
832.0000	576.0000	  9.6669	  2.5795	  1.0000	  1.0060
864.0000	576.0000	  9.2215	  4.2980	  1.0000	  1.0035
896.0000	576.0000	  8.6439	  5.9913	  1.0000	  1.0065
928.0000	576.0000	  7.8666	  7.3966	  1.0000	  1.0041
960.0000	576.0000	  6.9009	  8.2820	  1.0000	  1.0201
992.0000	576.0000	  5.9656	  8.7035	  1.0000	  1.0091
1024.0000	576.0000	  5.3953	  8.7395	  1.0000	  1.0018
 32.0000	608.0000	 -2.8286	  0.3552	  1.0000	  1.0062
 64.0000	608.0000	 -2.9746	  0.3298	  0.0000	  1.0290
 96.0000	608.0000	 -3.0885	  0.1374	  0.0000	  1.0473
128.0000	608.0000	 -3.1398	 -0.1124	  0.0000	  1.0602
160.0000	608.0000	 -3.1744	 -0.3814	  0.0000	  1.0209
192.0000	608.0000	 -3.2031	 -0.4457	  1.0000	  1.0008
224.0000	608.0000	 -3.1749	 -0.4360	  1.0000	  1.0014
256.0000	608.0000	 -3.0872	 -0.4411	  1.0000	  1.0047
288.0000	608.0000	 -2.9326	 -0.5414	  1.0000	  1.0052
320.0000	608.0000	 -2.6520	 -0.6898	  1.0000	  1.0000
352.0000	608.0000	 -2.1325	 -0.6742	  1.0000	  1.0004
384.0000	608.0000	 -1.2226	 -0.1006	  1.0000	  1.0073
416.0000	608.0000	  0.1253	  1.2424	  1.0000	  1.0079
448.0000	608.0000	  1.7927	  3.2057	  1.0000	  1.0039
480.0000	608.0000	  3.6775	  5.8048	  1.0000	  1.0075
512.0000	608.0000	  5.5452	  8.5773	  1.0000	  1.0060
544.0000	608.0000	  7.0994	 10.7030	  1.0000	  1.0139
576.0000	608.0000	  8.2506	 11.5681	  1.0000	  1.0057
608.0000	608.0000	  9.1202	 11.1083	  1.0000	  1.0136
640.0000	608.0000	  9.6972	  9.2378	  1.0000	  1.0029
672.0000	608.0000	 10.0284	  6.3976	  1.0000	  1.0005
704.0000	608.0000	 10.2055	  3.4844	  1.0000	  1.0117
736.0000	608.0000	 10.2653	  1.3358	  1.0000	  1.0008
768.0000	608.0000	 10.2206	  0.3520	  1.0000	  1.0007
800.0000	608.0000	 10.0624	  0.5794	  1.0000	  1.0104
832.0000	608.0000	  9.7528	  2.0030	  1.0000	  1.0047
864.0000	608.0000	  9.3840	  3.7844	  1.0000	  1.0015
896.0000	608.0000	  8.9619	  5.5360	  1.0000	  1.0012
928.0000	608.0000	  8.3410	  7.1615	  1.0000	  1.0027
960.0000	608.0000	  7.4963	  8.2949	  1.0000	  1.0065
992.0000	608.0000	  6.5417	  8.7803	  1.0000	  1.0024
1024.0000	608.0000	  5.9638	  8.9122	  1.0000	  1.0041
