 32.0000	 32.0000	  0.7470	  0.7405	  1.0000	  1.0002
 64.0000	 32.0000	  0.6712	  0.6749	  1.0000	  1.0028
 96.0000	 32.0000	  0.5580	  0.5775	  1.0000	  1.0007
128.0000	 32.0000	  0.4583	  0.4686	  1.0000	  1.0036
160.0000	 32.0000	  0.4104	  0.3880	  1.0000	  1.0010
192.0000	 32.0000	  0.4276	  0.3564	  0.0000	  1.0234
224.0000	 32.0000	  0.4407	  0.3965	  0.0000	  1.0156
256.0000	 32.0000	  0.4085	  0.4552	  0.0000	  1.0024
288.0000	 32.0000	  0.3653	  0.5070	  1.0000	  1.0004
320.0000	 32.0000	  0.3198	  0.5130	  1.0000	  1.0005
352.0000	 32.0000	  0.2581	  0.4331	  1.0000	  1.0008
384.0000	 32.0000	  0.1842	  0.2515	  1.0000	  1.0014
416.0000	 32.0000	  0.0945	  0.0316	  0.0000	  1.0051
448.0000	 32.0000	 -0.0197	 -0.0479	  0.0000	  1.0055
480.0000	 32.0000	 -0.0876	  0.0634	  1.0000	  1.0011
512.0000	 32.0000	 -0.1535	  0.2134	  1.0000	  1.0010
544.0000	 32.0000	 -0.2046	  0.3589	  1.0000	  1.0015
576.0000	 32.0000	 -0.1891	  0.4512	  1.0000	  0.0000
608.0000	 32.0000	 -0.1137	  0.4953	  1.0000	  0.0000
640.0000	 32.0000	 -0.0227	  0.5148	  1.0000	  1.0001
672.0000	 32.0000	  0.0504	  0.5232	  1.0000	  1.0005
704.0000	 32.0000	  0.1076	  0.5072	  1.0000	  1.0009
736.0000	 32.0000	  0.1739	  0.4826	  1.0000	  1.0010
768.0000	 32.0000	  0.2500	  0.4675	  1.0000	  1.0000
800.0000	 32.0000	  0.3321	  0.4639	  1.0000	  1.0009
832.0000	 32.0000	  0.4066	  0.4639	  0.0000	  1.0062
864.0000	 32.0000	  0.4330	  0.4447	  0.0000	  1.0187
896.0000	 32.0000	  0.4468	  0.4236	  0.0000	  1.0272
928.0000	 32.0000	  0.4049	  0.3351	  0.0000	  1.0236
960.0000	 32.0000	  0.3312	  0.1626	  0.0000	  1.0085
992.0000	 32.0000	  0.2351	  0.0605	  0.0000	  1.0058
1024.0000	 32.0000	  0.2222	  0.0324	  0.0000	  1.0037
 32.0000	 64.0000	  0.8625	  0.7777	  1.0000	  1.0015
 64.0000	 64.0000	  0.7848	  0.6959	  1.0000	  0.0000
 96.0000	 64.0000	  0.6309	  0.5799	  1.0000	  1.0004
128.0000	 64.0000	  0.4775	  0.4527	  1.0000	  1.0289
160.0000	 64.0000	  0.3713	  0.3514	  1.0000	  1.0185
192.0000	 64.0000	  0.3710	  0.2862	  0.0000	  1.0169
224.0000	 64.0000	  0.3937	  0.3384	  0.0000	  1.0248
256.0000	 64.0000	  0.3775	  0.4253	  0.0000	  1.0358
288.0000	 64.0000	  0.3548	  0.5038	  1.0000	  0.0000
320.0000	 64.0000	  0.3293	  0.5479	  1.0000	  1.0004
352.0000	 64.0000	  0.2626	  0.5069	  1.0000	  1.0013
384.0000	 64.0000	  0.1894	  0.3496	  1.0000	  0.0000
416.0000	 64.0000	  0.1112	  0.1761	  1.0000	  1.0005
448.0000	 64.0000	  0.0268	  0.0934	  1.0000	  1.0003
480.0000	 64.0000	 -0.0422	  0.1367	  1.0000	  1.0002
512.0000	 64.0000	 -0.1058	  0.2348	  1.0000	  1.0017
544.0000	 64.0000	 -0.1493	  0.3427	  1.0000	  1.0006
576.0000	 64.0000	 -0.1259	  0.4101	  1.0000	  1.0003
608.0000	 64.0000	 -0.0388	  0.4384	  1.0000	  1.0010
640.0000	 64.0000	  0.0504	  0.4631	  0.0000	  1.0260
672.0000	 64.0000	  0.0990	  0.4975	  0.0000	  1.0190
704.0000	 64.0000	  0.1111	  0.5037	  0.0000	  1.0362
736.0000	 64.0000	  0.1710	  0.4748	  1.0000	  0.0000
768.0000	 64.0000	  0.2482	  0.4581	  1.0000	  0.0000
800.0000	 64.0000	  0.3262	  0.4692	  1.0000	  0.0000
832.0000	 64.0000	  0.3833	  0.5034	  0.0000	  1.0365
864.0000	 64.0000	  0.3934	  0.4984	  0.0000	  1.0252
896.0000	 64.0000	  0.3742	  0.4618	  0.0000	  1.0226
928.0000	 64.0000	  0.3085	  0.3837	  0.0000	  1.0189
960.0000	 64.0000	  0.2281	  0.2556	  0.0000	  1.0065
992.0000	 64.0000	  0.1590	  0.1723	  0.0000	  1.0046
1024.0000	 64.0000	  0.1784	  0.1444	  0.0000	  1.0128
 32.0000	 96.0000	  1.0700	  0.7662	  0.0000	  1.0331
 64.0000	 96.0000	  0.9962	  0.6774	  0.0000	  1.0268
 96.0000	 96.0000	  0.7617	  0.5481	  0.0000	  1.0390
128.0000	 96.0000	  0.5124	  0.4058	  0.0000	  1.0397
160.0000	 96.0000	  0.3131	  0.3121	  0.0000	  1.0325
192.0000	 96.0000	  0.3097	  0.2553	  0.0000	  1.0450
224.0000	 96.0000	  0.3575	  0.2720	  0.0000	  1.0303
256.0000	 96.0000	  0.3539	  0.3609	  0.0000	  1.0337
288.0000	 96.0000	  0.3495	  0.4848	  0.0000	  1.0455
320.0000	 96.0000	  0.3584	  0.5914	  0.0000	  1.0332
352.0000	 96.0000	  0.2709	  0.6086	  0.0000	  1.0251
384.0000	 96.0000	  0.1979	  0.4535	  1.0000	  1.0008
416.0000	 96.0000	  0.1390	  0.3014	  1.0000	  1.0019
448.0000	 96.0000	  0.0810	  0.2141	  1.0000	  1.0006
480.0000	 96.0000	  0.0243	  0.2097	  1.0000	  0.0000
512.0000	 96.0000	 -0.0298	  0.2529	  1.0000	  1.0012
544.0000	 96.0000	 -0.0661	  0.3103	  1.0000	  1.0003
576.0000	 96.0000	 -0.0449	  0.3451	  1.0000	  0.0000
608.0000	 96.0000	  0.0289	  0.3677	  0.0000	  1.0046
640.0000	 96.0000	  0.0723	  0.4366	  0.0000	  1.0329
672.0000	 96.0000	  0.0868	  0.5021	  0.0000	  1.0221
704.0000	 96.0000	  0.0995	  0.5176	  0.0000	  1.0220
736.0000	 96.0000	  0.1662	  0.4614	  1.0000	  1.0004
768.0000	 96.0000	  0.2515	  0.4362	  1.0000	  1.0002
800.0000	 96.0000	  0.3339	  0.4626	  1.0000	  1.0010
832.0000	 96.0000	  0.3890	  0.5321	  0.0000	  1.0128
864.0000	 96.0000	  0.3917	  0.5631	  0.0000	  1.0196
896.0000	 96.0000	  0.3366	  0.5647	  0.0000	  1.0246
928.0000	 96.0000	  0.2492	  0.5300	  0.0000	  1.0121
960.0000	 96.0000	  0.1633	  0.4536	  0.0000	  1.0025
992.0000	 96.0000	  0.1617	  0.3919	  0.0000	  1.0422
1024.0000	 96.0000	  0.1543	  0.3642	  0.0000	  1.0232
 32.0000	128.0000	  1.2960	  0.6367	  1.0000	  1.0118
 64.0000	128.0000	  1.1989	  0.6199	  0.0000	  1.0267
 96.0000	128.0000	  0.9028	  0.5028	  0.0000	  1.0234
128.0000	128.0000	  0.5949	  0.3056	  0.0000	  1.0317
160.0000	128.0000	  0.3696	  0.2273	  0.0000	  1.0209
192.0000	128.0000	  0.3348	  0.2051	  0.0000	  1.0277
224.0000	128.0000	  0.3820	  0.2197	  0.0000	  1.0196
256.0000	128.0000	  0.3809	  0.3070	  0.0000	  1.0276
288.0000	128.0000	  0.3766	  0.4417	  0.0000	  1.0471
320.0000	128.0000	  0.3684	  0.5681	  0.0000	  1.0245
352.0000	128.0000	  0.2825	  0.5988	  0.0000	  1.0058
384.0000	128.0000	  0.2187	  0.4886	  1.0000	  1.0004
416.0000	128.0000	  0.1789	  0.3701	  1.0000	  1.0021
448.0000	128.0000	  0.1442	  0.2918	  1.0000	  1.0016
480.0000	128.0000	  0.1053	  0.2647	  1.0000	  1.0003
512.0000	128.0000	  0.0649	  0.2648	  1.0000	  1.0006
544.0000	128.0000	  0.0320	  0.2683	  1.0000	  0.0000
576.0000	128.0000	  0.0295	  0.2660	  0.0000	  1.0389
608.0000	128.0000	  0.0464	  0.2946	  0.0000	  1.0363
640.0000	128.0000	  0.0469	  0.3795	  0.0000	  1.0182
672.0000	128.0000	  0.0413	  0.4668	  0.0000	  1.0170
704.0000	128.0000	  0.0762	  0.4977	  0.0000	  1.0192
736.0000	128.0000	  0.1639	  0.4422	  1.0000	  1.0004
768.0000	128.0000	  0.2652	  0.4246	  1.0000	  1.0011
800.0000	128.0000	  0.3619	  0.4726	  1.0000	  1.0046
832.0000	128.0000	  0.4363	  0.5751	  0.0000	  1.0115
864.0000	128.0000	  0.4585	  0.6604	  0.0000	  1.0103
896.0000	128.0000	  0.4141	  0.7247	  1.0000	  1.0005
928.0000	128.0000	  0.3498	  0.7438	  1.0000	  1.0015
960.0000	128.0000	  0.2847	  0.7216	  1.0000	  1.0004
992.0000	128.0000	  0.2455	  0.6830	  1.0000	  1.0097
1024.0000	128.0000	  0.1990	  0.6546	  0.0000	  1.0190
 32.0000	160.0000	  1.4149	  0.4271	  0.0000	  1.0305
 64.0000	160.0000	  1.3072	  0.4180	  0.0000	  1.0333
 96.0000	160.0000	  0.9510	  0.3451	  1.0000	  1.0161
128.0000	160.0000	  0.6501	  0.2065	  0.0000	  1.0272
160.0000	160.0000	  0.4702	  0.2013	  0.0000	  1.0259
192.0000	160.0000	  0.4087	  0.2152	  0.0000	  1.0442
224.0000	160.0000	  0.4280	  0.2310	  0.0000	  1.0227
256.0000	160.0000	  0.4244	  0.2972	  0.0000	  1.0382
288.0000	160.0000	  0.4217	  0.4056	  0.0000	  1.0260
320.0000	160.0000	  0.3750	  0.5069	  1.0000	  1.0015
352.0000	160.0000	  0.2977	  0.5358	  1.0000	  0.0000
384.0000	160.0000	  0.2453	  0.4653	  1.0000	  0.0000
416.0000	160.0000	  0.2252	  0.3761	  1.0000	  1.0005
448.0000	160.0000	  0.2124	  0.3156	  1.0000	  1.0005
480.0000	160.0000	  0.1886	  0.2847	  1.0000	  0.0000
512.0000	160.0000	  0.1630	  0.2581	  1.0000	  1.0001
544.0000	160.0000	  0.1411	  0.2031	  1.0000	  1.0078
576.0000	160.0000	  0.1091	  0.1416	  0.0000	  1.0125
608.0000	160.0000	  0.0590	  0.1567	  0.0000	  1.0160
640.0000	160.0000	  0.0298	  0.2420	  0.0000	  1.0181
672.0000	160.0000	  0.0169	  0.3527	  0.0000	  1.0246
704.0000	160.0000	  0.0594	  0.4291	  0.0000	  1.0193
736.0000	160.0000	  0.1702	  0.4128	  1.0000	  1.0015
768.0000	160.0000	  0.2871	  0.4265	  1.0000	  1.0004
800.0000	160.0000	  0.3892	  0.5130	  1.0000	  1.0004
832.0000	160.0000	  0.4677	  0.6641	  1.0000	  1.0005
864.0000	160.0000	  0.5040	  0.7974	  1.0000	  1.0000
896.0000	160.0000	  0.4958	  0.8934	  1.0000	  1.0007
928.0000	160.0000	  0.4751	  0.9521	  1.0000	  0.0000
960.0000	160.0000	  0.4405	  0.9730	  1.0000	  1.0003
992.0000	160.0000	  0.4019	  0.9664	  1.0000	  1.0021
1024.0000	160.0000	  0.3649	  0.9587	  1.0000	  1.0009
 32.0000	192.0000	  1.2384	  0.3355	  0.0000	  1.0322
 64.0000	192.0000	  1.1522	  0.3186	  0.0000	  1.0346
 96.0000	192.0000	  0.8524	  0.2741	  0.0000	  1.0229
128.0000	192.0000	  0.6236	  0.2368	  0.0000	  1.0301
160.0000	192.0000	  0.5189	  0.2834	  0.0000	  1.0405
192.0000	192.0000	  0.4644	  0.3007	  0.0000	  1.0483
224.0000	192.0000	  0.4329	  0.2974	  0.0000	  1.0136
256.0000	192.0000	  0.4052	  0.3187	  0.0000	  1.0273
288.0000	192.0000	  0.3906	  0.3824	  0.0000	  1.0126
320.0000	192.0000	  0.3598	  0.4635	  0.0000	  1.0174
352.0000	192.0000	  0.3030	  0.4943	  0.0000	  1.0363
384.0000	192.0000	  0.2694	  0.4221	  1.0000	  1.0011
416.0000	192.0000	  0.2760	  0.3335	  1.0000	  1.0025
448.0000	192.0000	  0.2841	  0.2898	  0.0000	  1.0299
480.0000	192.0000	  0.2621	  0.2701	  0.0000	  1.0216
512.0000	192.0000	  0.2428	  0.2440	  0.0000	  1.0107
544.0000	192.0000	  0.2368	  0.1559	  0.0000	  1.0181
576.0000	192.0000	  0.1823	  0.0819	  0.0000	  1.0281
608.0000	192.0000	  0.0781	  0.0671	  0.0000	  1.0250
640.0000	192.0000	  0.0304	  0.1076	  0.0000	  1.0332
672.0000	192.0000	  0.0164	  0.2116	  0.0000	  1.0291
704.0000	192.0000	  0.0554	  0.3173	  0.0000	  1.0207
736.0000	192.0000	  0.1947	  0.3641	  1.0000	  1.0005
768.0000	192.0000	  0.3199	  0.4392	  1.0000	  0.0000
800.0000	192.0000	  0.4088	  0.5754	  1.0000	  0.0000
832.0000	192.0000	  0.4781	  0.7674	  1.0000	  1.0004
864.0000	192.0000	  0.5268	  0.9329	  1.0000	  0.0000
896.0000	192.0000	  0.5557	  1.0495	  1.0000	  1.0022
928.0000	192.0000	  0.5747	  1.1212	  1.0000	  1.0020
960.0000	192.0000	  0.5771	  1.1604	  1.0000	  1.0002
992.0000	192.0000	  0.5599	  1.1823	  1.0000	  1.0008
1024.0000	192.0000	  0.5308	  1.1954	  1.0000	  1.0009
 32.0000	224.0000	  0.7872	  0.2970	  0.0000	  1.0016
 64.0000	224.0000	  0.8439	  0.2576	  1.0000	  1.0010
 96.0000	224.0000	  0.7466	  0.2115	  0.0000	  1.0343
128.0000	224.0000	  0.6468	  0.1994	  0.0000	  1.0430
160.0000	224.0000	  0.5943	  0.2465	  0.0000	  1.0542
192.0000	224.0000	  0.5316	  0.2860	  0.0000	  1.0300
224.0000	224.0000	  0.4620	  0.2869	  0.0000	  1.0384
256.0000	224.0000	  0.3689	  0.2926	  0.0000	  1.0234
288.0000	224.0000	  0.3075	  0.3405	  0.0000	  1.0154
320.0000	224.0000	  0.2957	  0.4207	  0.0000	  1.0240
352.0000	224.0000	  0.2841	  0.4553	  0.0000	  1.0198
384.0000	224.0000	  0.2930	  0.3682	  0.0000	  1.0315
416.0000	224.0000	  0.3336	  0.2448	  0.0000	  1.0380
448.0000	224.0000	  0.3404	  0.1759	  0.0000	  1.0328
480.0000	224.0000	  0.3106	  0.1516	  0.0000	  1.0302
512.0000	224.0000	  0.2922	  0.1270	  0.0000	  1.0106
544.0000	224.0000	  0.2855	  0.0385	  0.0000	  1.0213
576.0000	224.0000	  0.2344	 -0.0198	  0.0000	  1.0136
608.0000	224.0000	  0.1225	 -0.0339	  0.0000	  1.0289
640.0000	224.0000	  0.0499	  0.0058	  0.0000	  1.0216
672.0000	224.0000	  0.0370	  0.1239	  0.0000	  1.0302
704.0000	224.0000	  0.0732	  0.2557	  0.0000	  1.0113
736.0000	224.0000	  0.2316	  0.3564	  1.0000	  1.0014
768.0000	224.0000	  0.3472	  0.4856	  1.0000	  1.0001
800.0000	224.0000	  0.4078	  0.6611	  1.0000	  1.0006
832.0000	224.0000	  0.4509	  0.8750	  1.0000	  1.0000
864.0000	224.0000	  0.5034	  1.0522	  1.0000	  1.0002
896.0000	224.0000	  0.5568	  1.1701	  1.0000	  0.0000
928.0000	224.0000	  0.6095	  1.2353	  1.0000	  0.0000
960.0000	224.0000	  0.6522	  1.2639	  0.0000	  1.0045
992.0000	224.0000	  0.6646	  1.3100	  0.0000	  1.0156
1024.0000	224.0000	  0.6312	  1.3377	  1.0000	  1.0033
 32.0000	256.0000	  0.6955	  0.2893	  1.0000	  0.0000
 64.0000	256.0000	  0.7631	  0.2403	  1.0000	  1.0024
 96.0000	256.0000	  0.7964	  0.1680	  0.0000	  1.0360
128.0000	256.0000	  0.7925	  0.1247	  0.0000	  1.0362
160.0000	256.0000	  0.7550	  0.1305	  0.0000	  1.0256
192.0000	256.0000	  0.6421	  0.1770	  0.0000	  1.0347
224.0000	256.0000	  0.5272	  0.1931	  0.0000	  1.0246
256.0000	256.0000	  0.4019	  0.1923	  0.0000	  1.0154
288.0000	256.0000	  0.2783	  0.2443	  0.0000	  1.0088
320.0000	256.0000	  0.2547	  0.3419	  0.0000	  1.0241
352.0000	256.0000	  0.2859	  0.3789	  0.0000	  1.0433
384.0000	256.0000	  0.3556	  0.3030	  0.0000	  1.0358
416.0000	256.0000	  0.4308	  0.1602	  0.0000	  1.0406
448.0000	256.0000	  0.4386	  0.0532	  0.0000	  1.0383
480.0000	256.0000	  0.3942	  0.0039	  0.0000	  1.0502
512.0000	256.0000	  0.3469	 -0.0178	  1.0000	  1.0030
544.0000	256.0000	  0.2977	 -0.0611	  1.0000	  1.0001
576.0000	256.0000	  0.2387	 -0.0995	  1.0000	  1.0006
608.0000	256.0000	  0.1650	 -0.1190	  0.0000	  1.0327
640.0000	256.0000	  0.1162	 -0.0511	  0.0000	  1.0279
672.0000	256.0000	  0.1316	  0.0839	  0.0000	  1.0203
704.0000	256.0000	  0.1970	  0.2420	  1.0000	  1.0019
736.0000	256.0000	  0.3083	  0.3964	  1.0000	  1.0000
768.0000	256.0000	  0.3772	  0.5681	  1.0000	  1.0002
800.0000	256.0000	  0.3914	  0.7655	  1.0000	  1.0005
832.0000	256.0000	  0.3888	  0.9788	  0.0000	  1.0171
864.0000	256.0000	  0.4401	  1.1525	  0.0000	  1.0386
896.0000	256.0000	  0.5034	  1.2618	  1.0000	  1.0184
928.0000	256.0000	  0.5699	  1.3252	  1.0000	  1.0001
960.0000	256.0000	  0.6275	  1.3678	  0.0000	  1.0048
992.0000	256.0000	  0.6494	  1.4304	  0.0000	  1.0167
1024.0000	256.0000	  0.6222	  1.4618	  1.0000	  1.0052
 32.0000	288.0000	  0.7896	  0.3236	  1.0000	  1.0013
 64.0000	288.0000	  0.8588	  0.2704	  1.0000	  1.0001
 96.0000	288.0000	  0.9641	  0.1895	  0.0000	  1.0026
128.0000	288.0000	  0.9967	  0.1159	  0.0000	  1.0117
160.0000	288.0000	  0.9490	  0.0797	  0.0000	  1.0035
192.0000	288.0000	  0.7584	  0.0950	  0.0000	  1.0240
224.0000	288.0000	  0.5914	  0.1004	  0.0000	  1.0133
256.0000	288.0000	  0.4532	  0.0856	  0.0000	  1.0163
288.0000	288.0000	  0.3317	  0.1354	  0.0000	  1.0119
320.0000	288.0000	  0.3103	  0.2582	  0.0000	  1.0128
352.0000	288.0000	  0.3625	  0.3114	  0.0000	  1.0260
384.0000	288.0000	  0.4813	  0.2220	  0.0000	  1.0351
416.0000	288.0000	  0.5882	  0.0593	  0.0000	  1.0357
448.0000	288.0000	  0.6120	 -0.1105	  0.0000	  1.0180
480.0000	288.0000	  0.5548	 -0.2118	  0.0000	  1.0221
512.0000	288.0000	  0.4597	 -0.2529	  1.0000	  1.0002
544.0000	288.0000	  0.3621	 -0.2519	  1.0000	  0.0000
576.0000	288.0000	  0.2922	 -0.2344	  1.0000	  1.0009
608.0000	288.0000	  0.2518	 -0.1975	  1.0000	  1.0000
640.0000	288.0000	  0.2448	 -0.0958	  1.0000	  1.0001
672.0000	288.0000	  0.2720	  0.0601	  1.0000	  1.0001
704.0000	288.0000	  0.3226	  0.2467	  1.0000	  1.0003
736.0000	288.0000	  0.3794	  0.4429	  1.0000	  1.0005
768.0000	288.0000	  0.4007	  0.6463	  1.0000	  1.0016
800.0000	288.0000	  0.3795	  0.8552	  1.0000	  1.0001
832.0000	288.0000	  0.3520	  1.0604	  0.0000	  1.0139
864.0000	288.0000	  0.3867	  1.2266	  0.0000	  1.0357
896.0000	288.0000	  0.4341	  1.3381	  0.0000	  1.0194
928.0000	288.0000	  0.4891	  1.4037	  1.0000	  1.0004
960.0000	288.0000	  0.5260	  1.4676	  1.0000	  1.0002
992.0000	288.0000	  0.5335	  1.5306	  1.0000	  1.0004
1024.0000	288.0000	  0.5233	  1.5638	  1.0000	  1.0000
 32.0000	320.0000	  0.9759	  0.3869	  1.0000	  1.0010
 64.0000	320.0000	  0.9890	  0.3250	  1.0000	  1.0008
 96.0000	320.0000	  1.0279	  0.2349	  1.0000	  1.0011
128.0000	320.0000	  1.0268	  0.1477	  1.0000	  1.0005
160.0000	320.0000	  0.9597	  0.0884	  0.0000	  1.0288
192.0000	320.0000	  0.7691	  0.0732	  0.0000	  1.0397
224.0000	320.0000	  0.5980	  0.0599	  0.0000	  1.0193
256.0000	320.0000	  0.4664	  0.0510	  0.0000	  1.0165
288.0000	320.0000	  0.3830	  0.0831	  0.0000	  1.0331
320.0000	320.0000	  0.3946	  0.1412	  0.0000	  1.0453
352.0000	320.0000	  0.4446	  0.1378	  0.0000	  1.0445
384.0000	320.0000	  0.5492	 -0.0078	  0.0000	  1.0536
416.0000	320.0000	  0.7125	 -0.2558	  0.0000	  1.0209
448.0000	320.0000	  0.7954	 -0.5293	  1.0000	  1.0013
480.0000	320.0000	  0.7888	 -0.7077	  1.0000	  0.0000
512.0000	320.0000	  0.7006	 -0.7593	  1.0000	  1.0003
544.0000	320.0000	  0.5671	 -0.6961	  0.0000	  1.0252
576.0000	320.0000	  0.4761	 -0.5916	  1.0000	  1.0243
608.0000	320.0000	  0.4432	 -0.4796	  1.0000	  1.0004
640.0000	320.0000	  0.4374	 -0.3082	  1.0000	  1.0008
672.0000	320.0000	  0.4426	 -0.0875	  1.0000	  1.0009
704.0000	320.0000	  0.4516	  0.1636	  1.0000	  0.0000
736.0000	320.0000	  0.4527	  0.4227	  1.0000	  0.0000
768.0000	320.0000	  0.4297	  0.6737	  1.0000	  1.0004
800.0000	320.0000	  0.3843	  0.9061	  1.0000	  1.0008
832.0000	320.0000	  0.3490	  1.1095	  1.0000	  0.0000
864.0000	320.0000	  0.3538	  1.2665	  1.0000	  0.0000
896.0000	320.0000	  0.3791	  1.3728	  1.0000	  1.0013
928.0000	320.0000	  0.4095	  1.4442	  1.0000	  1.0002
960.0000	320.0000	  0.4215	  1.5092	  1.0000	  1.0003
992.0000	320.0000	  0.4066	  1.5656	  0.0000	  1.0371
1024.0000	320.0000	  0.4020	  1.5880	  0.0000	  1.0391
 32.0000	352.0000	  1.1210	  0.4331	  0.0000	  1.0204
 64.0000	352.0000	  1.0606	  0.3581	  1.0000	  1.0039
 96.0000	352.0000	  1.0288	  0.2574	  1.0000	  1.0002
128.0000	352.0000	  0.9795	  0.1591	  1.0000	  1.0000
160.0000	352.0000	  0.8724	  0.0853	  0.0000	  1.0281
192.0000	352.0000	  0.6969	  0.0670	  0.0000	  1.0265
224.0000	352.0000	  0.5417	  0.0473	  0.0000	  1.0161
256.0000	352.0000	  0.4440	  0.0245	  0.0000	  1.0220
288.0000	352.0000	  0.4084	  0.0282	  0.0000	  1.0398
320.0000	352.0000	  0.4725	 -0.0011	  0.0000	  1.0382
352.0000	352.0000	  0.5464	 -0.1168	  0.0000	  1.0222
384.0000	352.0000	  0.6800	 -0.4249	  0.0000	  1.0279
416.0000	352.0000	  0.9463	 -0.8853	  1.0000	  1.0047
448.0000	352.0000	  1.1505	 -1.3267	  1.0000	  1.0003
480.0000	352.0000	  1.2454	 -1.6276	  1.0000	  1.0009
512.0000	352.0000	  1.2173	 -1.7279	  1.0000	  1.0003
544.0000	352.0000	  1.0942	 -1.6278	  1.0000	  1.0268
576.0000	352.0000	  0.9389	 -1.3852	  0.0000	  1.0251
608.0000	352.0000	  0.8811	 -1.1752	  1.0000	  1.0006
640.0000	352.0000	  0.8218	 -0.8835	  1.0000	  1.0001
672.0000	352.0000	  0.7581	 -0.5387	  1.0000	  1.0003
704.0000	352.0000	  0.6878	 -0.1656	  1.0000	  0.0000
736.0000	352.0000	  0.6057	  0.2131	  1.0000	  1.0014
768.0000	352.0000	  0.5144	  0.5671	  1.0000	  1.0011
800.0000	352.0000	  0.4252	  0.8748	  1.0000	  1.0004
832.0000	352.0000	  0.3578	  1.1234	  1.0000	  1.0007
864.0000	352.0000	  0.3292	  1.2992	  1.0000	  1.0021
896.0000	352.0000	  0.3331	  1.4036	  1.0000	  1.0030
928.0000	352.0000	  0.3485	  1.4633	  1.0000	  1.0005
960.0000	352.0000	  0.3545	  1.5035	  1.0000	  1.0005
992.0000	352.0000	  0.3456	  1.5279	  0.0000	  1.0234
1024.0000	352.0000	  0.3455	  1.5348	  0.0000	  1.0243
 32.0000	384.0000	  1.0991	  0.4430	  0.0000	  1.0101
 64.0000	384.0000	  1.0099	  0.3532	  1.0000	  1.0046
 96.0000	384.0000	  0.9438	  0.2477	  1.0000	  1.0001
128.0000	384.0000	  0.8714	  0.1450	  1.0000	  1.0003
160.0000	384.0000	  0.7578	  0.0622	  0.0000	  1.0206
192.0000	384.0000	  0.5956	  0.0545	  0.0000	  1.0303
224.0000	384.0000	  0.4420	  0.0524	  0.0000	  1.0228
256.0000	384.0000	  0.3990	  0.0373	  0.0000	  1.0308
288.0000	384.0000	  0.4324	 -0.0056	  0.0000	  1.0169
320.0000	384.0000	  0.5706	 -0.2022	  0.0000	  1.0189
352.0000	384.0000	  0.7367	 -0.5287	  0.0000	  1.0282
384.0000	384.0000	  0.9842	 -1.0746	  0.0000	  1.0677
416.0000	384.0000	  1.3985	 -1.8559	  1.0000	  1.0004
448.0000	384.0000	  1.7640	 -2.5617	  1.0000	  1.0000
480.0000	384.0000	  2.0065	 -3.0581	  1.0000	  1.0000
512.0000	384.0000	  2.0888	 -3.2669	  1.0000	  1.0002
544.0000	384.0000	  2.0287	 -3.1862	  1.0000	  1.0002
576.0000	384.0000	  1.8819	 -2.8833	  1.0000	  1.0001
608.0000	384.0000	  1.7333	 -2.4850	  1.0000	  0.0000
640.0000	384.0000	  1.5703	 -2.0017	  1.0000	  1.0001
672.0000	384.0000	  1.3975	 -1.4742	  1.0000	  1.0007
704.0000	384.0000	  1.2064	 -0.9159	  1.0000	  1.0007
736.0000	384.0000	  0.9899	 -0.3383	  1.0000	  1.0017
768.0000	384.0000	  0.7696	  0.2086	  1.0000	  1.0002
800.0000	384.0000	  0.5701	  0.6834	  1.0000	  1.0004
832.0000	384.0000	  0.4134	  1.0601	  1.0000	  1.0021
864.0000	384.0000	  0.3213	  1.3123	  1.0000	  1.0025
896.0000	384.0000	  0.2962	  1.4361	  1.0000	  1.0002
928.0000	384.0000	  0.3043	  1.4832	  1.0000	  1.0005
960.0000	384.0000	  0.3162	  1.4988	  1.0000	  1.0004
992.0000	384.0000	  0.3205	  1.5031	  1.0000	  1.0040
1024.0000	384.0000	  0.3233	  1.5029	  1.0000	  1.0041
 32.0000	416.0000	  0.9170	  0.3820	  1.0000	  1.0008
 64.0000	416.0000	  0.8615	  0.3180	  1.0000	  1.0035
 96.0000	416.0000	  0.7992	  0.2308	  1.0000	  1.0016
128.0000	416.0000	  0.7281	  0.1439	  1.0000	  1.0013
160.0000	416.0000	  0.6338	  0.0819	  1.0000	  1.0018
192.0000	416.0000	  0.5068	  0.0656	  1.0000	  1.0017
224.0000	416.0000	  0.3706	  0.0590	  0.0000	  1.0210
256.0000	416.0000	  0.3740	  0.0186	  0.0000	  1.0188
288.0000	416.0000	  0.4814	 -0.1388	  0.0000	  1.0380
320.0000	416.0000	  0.7013	 -0.5427	  1.0000	  1.0023
352.0000	416.0000	  1.0319	 -1.1937	  1.0000	  1.0004
384.0000	416.0000	  1.4984	 -2.1063	  1.0000	  1.0004
416.0000	416.0000	  2.0863	 -3.1964	  1.0000	  1.0004
448.0000	416.0000	  2.6489	 -4.2114	  1.0000	  1.0004
480.0000	416.0000	  3.0791	 -4.9624	  1.0000	  1.0007
512.0000	416.0000	  3.3090	 -5.3276	  1.0000	  1.0012
544.0000	416.0000	  3.3372	 -5.2908	  1.0000	  1.0004
576.0000	416.0000	  3.2105	 -4.9270	  1.0000	  1.0001
608.0000	416.0000	  3.0013	 -4.3665	  1.0000	  1.0000
640.0000	416.0000	  2.7454	 -3.6969	  1.0000	  1.0003
672.0000	416.0000	  2.4609	 -2.9799	  1.0000	  1.0001
704.0000	416.0000	  2.1273	 -2.2076	  1.0000	  1.0001
736.0000	416.0000	  1.7239	 -1.3616	  1.0000	  1.0004
768.0000	416.0000	  1.2981	 -0.5222	  1.0000	  1.0001
800.0000	416.0000	  0.8988	  0.2363	  1.0000	  1.0001
832.0000	416.0000	  0.5677	  0.8578	  1.0000	  0.0000
864.0000	416.0000	  0.3509	  1.2781	  1.0000	  0.0000
896.0000	416.0000	  0.2717	  1.4649	  1.0000	  1.0000
928.0000	416.0000	  0.2703	  1.5120	  1.0000	  1.0027
960.0000	416.0000	  0.2915	  1.5064	  1.0000	  1.0018
992.0000	416.0000	  0.3087	  1.4919	  1.0000	  1.0004
1024.0000	416.0000	  0.3175	  1.4831	  1.0000	  1.0006
 32.0000	448.0000	  0.7682	  0.3523	  1.0000	  0.0000
 64.0000	448.0000	  0.7290	  0.2989	  1.0000	  1.0047
 96.0000	448.0000	  0.6621	  0.2181	  0.0000	  1.0403
128.0000	448.0000	  0.5912	  0.1373	  0.0000	  1.0213
160.0000	448.0000	  0.5495	  0.0880	  0.0000	  1.0143
192.0000	448.0000	  0.4910	  0.0788	  1.0000	  1.0003
224.0000	448.0000	  0.4261	  0.0762	  1.0000	  1.0009
256.0000	448.0000	  0.4278	  0.0134	  1.0000	  1.0020
288.0000	448.0000	  0.5311	 -0.2392	  1.0000	  1.0011
320.0000	448.0000	  0.8181	 -0.8393	  1.0000	  1.0013
352.0000	448.0000	  1.3173	 -1.8286	  1.0000	  1.0001
384.0000	448.0000	  2.0358	 -3.1652	  1.0000	  0.0000
416.0000	448.0000	  2.8820	 -4.6749	  1.0000	  1.0025
448.0000	448.0000	  3.7031	 -6.0780	  1.0000	  1.0002
480.0000	448.0000	  4.3621	 -7.1387	  1.0000	  1.0006
512.0000	448.0000	  4.7735	 -7.7031	  1.0000	  0.0000
544.0000	448.0000	  4.9169	 -7.7378	  1.0000	  1.0012
576.0000	448.0000	  4.8362	 -7.3341	  1.0000	  1.0007
608.0000	448.0000	  4.6151	 -6.6673	  1.0000	  1.0008
640.0000	448.0000	  4.3134	 -5.8712	  1.0000	  1.0006
672.0000	448.0000	  3.9528	 -5.0169	  1.0000	  1.0015
704.0000	448.0000	  3.4905	 -4.0579	  1.0000	  1.0009
736.0000	448.0000	  2.8704	 -2.9147	  1.0000	  1.0015
768.0000	448.0000	  2.1732	 -1.7054	  1.0000	  1.0004
800.0000	448.0000	  1.4826	 -0.5488	  1.0000	  1.0000
832.0000	448.0000	  0.8749	  0.4518	  1.0000	  1.0001
864.0000	448.0000	  0.4462	  1.1607	  1.0000	  1.0005
896.0000	448.0000	  0.2692	  1.4740	  1.0000	  1.0008
928.0000	448.0000	  0.2437	  1.5458	  1.0000	  1.0019
960.0000	448.0000	  0.2708	  1.5263	  1.0000	  0.0000
992.0000	448.0000	  0.2997	  1.4941	  1.0000	  1.0001
1024.0000	448.0000	  0.3150	  1.4759	  1.0000	  1.0015
 32.0000	480.0000	  0.6977	  0.3631	  1.0000	  1.0152
 64.0000	480.0000	  0.6624	  0.2977	  0.0000	  1.0435
 96.0000	480.0000	  0.6009	  0.1873	  0.0000	  1.0197
128.0000	480.0000	  0.5304	  0.0962	  0.0000	  1.0208
160.0000	480.0000	  0.5108	  0.0635	  0.0000	  1.0236
192.0000	480.0000	  0.4921	  0.0835	  0.0000	  1.0245
224.0000	480.0000	  0.4680	  0.1056	  0.0000	  1.0398
256.0000	480.0000	  0.4645	  0.0606	  0.0000	  1.0431
288.0000	480.0000	  0.5417	 -0.2228	  0.0000	  1.0701
320.0000	480.0000	  0.8768	 -0.9827	  1.0000	  1.0006
352.0000	480.0000	  1.5315	 -2.2959	  1.0000	  1.0009
384.0000	480.0000	  2.5266	 -4.0830	  1.0000	  1.0003
416.0000	480.0000	  3.6772	 -6.0723	  1.0000	  1.0004
448.0000	480.0000	  4.7844	 -7.8963	  1.0000	  0.0000
480.0000	480.0000	  5.6872	 -9.2802	  1.0000	  1.0004
512.0000	480.0000	  6.3000	-10.0672	  1.0000	  1.0002
544.0000	480.0000	  6.5843	-10.2039	  1.0000	  1.0000
576.0000	480.0000	  6.5819	 -9.7985	  1.0000	  1.0008
608.0000	480.0000	  6.4011	 -9.1007	  1.0000	  1.0018
640.0000	480.0000	  6.1120	 -8.2693	  1.0000	  1.0001
672.0000	480.0000	  5.7296	 -7.3660	  1.0000	  1.0009
704.0000	480.0000	  5.1777	 -6.2902	  1.0000	  1.0008
736.0000	480.0000	  4.3516	 -4.8821	  1.0000	  1.0009
768.0000	480.0000	  3.3590	 -3.2873	  1.0000	  1.0000
800.0000	480.0000	  2.3170	 -1.6641	  1.0000	  1.0001
832.0000	480.0000	  1.3463	 -0.1741	  1.0000	  1.0004
864.0000	480.0000	  0.6190	  0.9394	  1.0000	  0.0000
896.0000	480.0000	  0.2955	  1.4473	  1.0000	  1.0002
928.0000	480.0000	  0.2256	  1.5733	  1.0000	  1.0000
960.0000	480.0000	  0.2523	  1.5495	  1.0000	  1.0002
992.0000	480.0000	  0.2907	  1.5017	  1.0000	  0.0000
1024.0000	480.0000	  0.3125	  1.4737	  1.0000	  1.0007
 32.0000	512.0000	  0.6809	  0.4048	  0.0000	  1.0313
 64.0000	512.0000	  0.6554	  0.3147	  0.0000	  1.0245
 96.0000	512.0000	  0.5993	  0.1553	  0.0000	  1.0280
128.0000	512.0000	  0.5354	  0.0437	  0.0000	  1.0252
160.0000	512.0000	  0.5372	  0.0123	  0.0000	  1.0284
192.0000	512.0000	  0.5439	  0.0464	  0.0000	  1.0390
224.0000	512.0000	  0.5205	  0.1038	  0.0000	  1.0449
256.0000	512.0000	  0.5204	  0.0914	  0.0000	  1.0442
288.0000	512.0000	  0.5733	 -0.1757	  0.0000	  1.0450
320.0000	512.0000	  0.9041	 -0.9693	  0.0000	  1.0289
352.0000	512.0000	  1.6773	 -2.5460	  0.0000	  1.0036
384.0000	512.0000	  2.9428	 -4.7420	  1.0000	  1.0034
416.0000	512.0000	  4.3641	 -7.1509	  1.0000	  1.0002
448.0000	512.0000	  5.7195	 -9.3459	  1.0000	  1.0012
480.0000	512.0000	  6.8320	-10.9998	  1.0000	  1.0004
512.0000	512.0000	  7.6413	-12.0035	  1.0000	  1.0005
544.0000	512.0000	  8.0810	-12.2692	  1.0000	  1.0012
576.0000	512.0000	  8.1936	-11.9321	  1.0000	  1.0020
608.0000	512.0000	  8.0987	-11.2932	  1.0000	  1.0002
640.0000	512.0000	  7.8730	-10.5262	  1.0000	  1.0010
672.0000	512.0000	  7.5226	 -9.6729	  1.0000	  1.0000
704.0000	512.0000	  6.9384	 -8.5782	  1.0000	  1.0001
736.0000	512.0000	  5.9681	 -7.0081	  1.0000	  1.0003
768.0000	512.0000	  4.7217	 -5.0985	  1.0000	  0.0000
800.0000	512.0000	  3.3295	 -3.0198	  1.0000	  1.0003
832.0000	512.0000	  1.9520	 -0.9855	  1.0000	  1.0011
864.0000	512.0000	  0.8584	  0.6249	  1.0000	  1.0002
896.0000	512.0000	  0.3486	  1.3835	  1.0000	  1.0010
928.0000	512.0000	  0.2167	  1.5893	  1.0000	  1.0019
960.0000	512.0000	  0.2360	  1.5715	  1.0000	  1.0008
992.0000	512.0000	  0.2817	  1.5114	  1.0000	  1.0001
1024.0000	512.0000	  0.3093	  1.4744	  1.0000	  1.0007
 32.0000	544.0000	  0.6812	  0.3780	  0.0000	  1.0191
 64.0000	544.0000	  0.6645	  0.2763	  0.0000	  1.0156
 96.0000	544.0000	  0.6097	  0.1423	  1.0000	  1.0003
128.0000	544.0000	  0.5681	  0.0296	  0.0000	  1.0140
160.0000	544.0000	  0.5879	 -0.0086	  0.0000	  1.0390
192.0000	544.0000	  0.6027	  0.0224	  0.0000	  1.0284
224.0000	544.0000	  0.5720	  0.0975	  0.0000	  1.0416
256.0000	544.0000	  0.5868	  0.1072	  0.0000	  1.0276
288.0000	544.0000	  0.6664	 -0.1603	  0.0000	  1.0588
320.0000	544.0000	  1.0649	 -1.0340	  0.0000	  1.0289
352.0000	544.0000	  1.9930	 -2.8109	  1.0000	  1.0019
384.0000	544.0000	  3.3414	 -5.1826	  1.0000	  1.0006
416.0000	544.0000	  4.9061	 -7.8544	  1.0000	  0.0000
448.0000	544.0000	  6.4243	-10.3196	  1.0000	  1.0012
480.0000	544.0000	  7.6643	-12.1219	  1.0000	  1.0001
512.0000	544.0000	  8.6302	-13.2874	  1.0000	  0.0000
544.0000	544.0000	  9.2085	-13.6634	  1.0000	  0.0000
576.0000	544.0000	  9.4507	-13.4325	  1.0000	  1.0001
608.0000	544.0000	  9.4637	-12.9246	  1.0000	  1.0021
640.0000	544.0000	  9.3271	-12.3018	  1.0000	  1.0011
672.0000	544.0000	  9.0378	-11.5698	  1.0000	  1.0012
704.0000	544.0000	  8.4588	-10.5242	  1.0000	  0.0000
736.0000	544.0000	  7.4014	 -8.8789	  1.0000	  1.0003
768.0000	544.0000	  5.9738	 -6.7582	  1.0000	  1.0005
800.0000	544.0000	  4.2996	 -4.3190	  1.0000	  1.0010
832.0000	544.0000	  2.5585	 -1.8002	  1.0000	  1.0015
864.0000	544.0000	  1.1053	  0.2985	  1.0000	  1.0004
896.0000	544.0000	  0.4096	  1.3076	  1.0000	  1.0012
928.0000	544.0000	  0.2137	  1.5967	  1.0000	  1.0013
960.0000	544.0000	  0.2232	  1.5887	  1.0000	  0.0000
992.0000	544.0000	  0.2742	  1.5189	  1.0000	  1.0005
1024.0000	544.0000	  0.3065	  1.4742	  1.0000	  1.0000
 32.0000	576.0000	  0.6351	  0.4299	  0.0000	  1.0118
 64.0000	576.0000	  0.6389	  0.2919	  1.0000	  1.0007
 96.0000	576.0000	  0.6206	  0.1544	  1.0000	  1.0002
128.0000	576.0000	  0.6063	  0.0485	  1.0000	  1.0000
160.0000	576.0000	  0.6130	  0.0097	  1.0000	  1.0005
192.0000	576.0000	  0.6154	  0.0413	  1.0000	  1.0011
224.0000	576.0000	  0.5969	  0.1152	  1.0000	  1.0010
256.0000	576.0000	  0.6174	  0.1189	  1.0000	  1.0001
288.0000	576.0000	  0.7619	 -0.1714	  1.0000	  1.0028
320.0000	576.0000	  1.2596	 -1.1425	  1.0000	  1.0001
352.0000	576.0000	  2.2408	 -2.9714	  1.0000	  1.0001
384.0000	576.0000	  3.6306	 -5.4375	  1.0000	  1.0004
416.0000	576.0000	  5.2780	 -8.2761	  1.0000	  1.0001
448.0000	576.0000	  6.9054	-10.9336	  1.0000	  0.0000
480.0000	576.0000	  8.2447	-12.8638	  1.0000	  1.0004
512.0000	576.0000	  9.2286	-13.9707	  1.0000	  1.0004
544.0000	576.0000	  9.8833	-14.3582	  1.0000	  1.0002
576.0000	576.0000	 10.2578	-14.2353	  1.0000	  1.0001
608.0000	576.0000	 10.3770	-13.9050	  1.0000	  1.0006
640.0000	576.0000	 10.3218	-13.4506	  1.0000	  0.0000
672.0000	576.0000	 10.0812	-12.8379	  1.0000	  1.0003
704.0000	576.0000	  9.4900	-11.8215	  1.0000	  0.0000
736.0000	576.0000	  8.3323	-10.0815	  1.0000	  1.0031
768.0000	576.0000	  6.7701	 -7.8075	  1.0000	  0.0000
800.0000	576.0000	  4.9173	 -5.1427	  1.0000	  0.0000
832.0000	576.0000	  2.9563	 -2.3326	  1.0000	  0.0000
864.0000	576.0000	  1.2687	  0.0839	  1.0000	  1.0016
896.0000	576.0000	  0.4492	  1.2588	  1.0000	  1.0002
928.0000	576.0000	  0.2105	  1.6027	  1.0000	  1.0008
960.0000	576.0000	  0.2141	  1.5997	  1.0000	  1.0000
992.0000	576.0000	  0.2694	  1.5221	  1.0000	  1.0014
1024.0000	576.0000	  0.3054	  1.4714	  1.0000	  1.0011
 32.0000	608.0000	  0.6291	  0.3815	  1.0000	  1.0313
 64.0000	608.0000	  0.6320	  0.2749	  1.0000	  1.0010
 96.0000	608.0000	  0.6281	  0.1547	  1.0000	  1.0214
128.0000	608.0000	  0.6250	  0.0598	  1.0000	  1.0324
160.0000	608.0000	  0.6249	  0.0256	  1.0000	  1.0260
192.0000	608.0000	  0.6207	  0.0585	  1.0000	  1.0011
224.0000	608.0000	  0.6077	  0.1311	  1.0000	  1.0001
256.0000	608.0000	  0.6379	  0.1297	  1.0000	  1.0024
288.0000	608.0000	  0.8212	 -0.1736	  1.0000	  1.0001
320.0000	608.0000	  1.3749	 -1.2000	  1.0000	  0.0000
352.0000	608.0000	  2.3966	 -3.0874	  1.0000	  1.0007
384.0000	608.0000	  3.7958	 -5.5673	  1.0000	  1.0010
416.0000	608.0000	  5.4769	 -8.4745	  1.0000	  1.0010
448.0000	608.0000	  7.1459	-11.2113	  1.0000	  1.0002
480.0000	608.0000	  8.4988	-13.1412	  1.0000	  1.0000
512.0000	608.0000	  9.4255	-14.0937	  1.0000	  1.0008
544.0000	608.0000	 10.1231	-14.4557	  1.0000	  1.0007
576.0000	608.0000	 10.6477	-14.4490	  0.0000	  1.0023
608.0000	608.0000	 10.8463	-14.3188	  1.0000	  1.0002
640.0000	608.0000	 10.8391	-14.0046	  1.0000	  1.0001
672.0000	608.0000	 10.6118	-13.4588	  1.0000	  1.0004
704.0000	608.0000	  9.9658	-12.4036	  1.0000	  1.0006
736.0000	608.0000	  8.6460	-10.4764	  1.0000	  1.0003
768.0000	608.0000	  6.9723	 -8.0686	  1.0000	  1.0015
800.0000	608.0000	  5.0385	 -5.3007	  1.0000	  1.0000
832.0000	608.0000	  3.0406	 -2.4443	  1.0000	  1.0010
864.0000	608.0000	  1.3090	  0.0307	  1.0000	  1.0005
896.0000	608.0000	  0.4565	  1.2493	  1.0000	  1.0005
928.0000	608.0000	  0.2057	  1.6082	  1.0000	  1.0005
960.0000	608.0000	  0.2092	  1.6039	  1.0000	  0.0000
992.0000	608.0000	  0.2676	  1.5211	  1.0000	  1.0012
1024.0000	608.0000	  0.3057	  1.4670	  1.0000	  1.0011
