 32.0000	 32.0000	  0.5719	 -0.1132	  1.0000	  1.0049
 64.0000	 32.0000	  0.4847	 -0.0312	  1.0000	  1.0013
 96.0000	 32.0000	  0.3185	  0.0786	  1.0000	  1.0001
128.0000	 32.0000	  0.1311	  0.1745	  1.0000	  1.0000
160.0000	 32.0000	  0.0249	  0.2147	  0.0000	  1.0032
192.0000	 32.0000	  0.1954	  0.2448	  0.0000	  1.0344
224.0000	 32.0000	  0.3652	  0.3238	  0.0000	  1.0202
256.0000	 32.0000	  0.4264	  0.4303	  0.0000	  1.0087
288.0000	 32.0000	  0.4902	  0.5183	  1.0000	  1.0032
320.0000	 32.0000	  0.5255	  0.5874	  1.0000	  0.0000
352.0000	 32.0000	  0.5257	  0.6213	  1.0000	  1.0006
384.0000	 32.0000	  0.4910	  0.6136	  1.0000	  1.0034
416.0000	 32.0000	  0.4269	  0.5626	  1.0000	  1.0018
448.0000	 32.0000	  0.3553	  0.4885	  1.0000	  1.0040
480.0000	 32.0000	  0.2884	  0.4075	  1.0000	  1.0005
512.0000	 32.0000	  0.2390	  0.3360	  1.0000	  1.0012
544.0000	 32.0000	  0.2193	  0.2880	  1.0000	  1.0000
576.0000	 32.0000	  0.2303	  0.2693	  1.0000	  1.0005
608.0000	 32.0000	  0.2550	  0.2624	  1.0000	  1.0002
640.0000	 32.0000	  0.2664	  0.2500	  1.0000	  1.0008
672.0000	 32.0000	  0.2379	  0.2205	  1.0000	  1.0001
704.0000	 32.0000	  0.1920	  0.2293	  1.0000	  1.0009
736.0000	 32.0000	  0.1866	  0.3093	  1.0000	  1.0002
768.0000	 32.0000	  0.2153	  0.4147	  1.0000	  1.0014
800.0000	 32.0000	  0.2723	  0.4792	  1.0000	  1.0016
832.0000	 32.0000	  0.3434	  0.4741	  1.0000	  1.0051
864.0000	 32.0000	  0.4288	  0.4133	  0.0000	  1.0153
896.0000	 32.0000	  0.4936	  0.3165	  0.0000	  1.0250
928.0000	 32.0000	  0.4652	  0.2076	  0.0000	  1.0231
960.0000	 32.0000	  0.3770	  0.1133	  0.0000	  1.0101
992.0000	 32.0000	  0.2820	  0.1212	  0.0000	  1.0062
1024.0000	 32.0000	  0.2119	  0.2004	  0.0000	  1.0049
 32.0000	 64.0000	  0.6211	 -0.1180	  1.0000	  1.0025
 64.0000	 64.0000	  0.5463	 -0.0269	  1.0000	  1.0022
 96.0000	 64.0000	  0.3883	  0.0920	  1.0000	  1.0014
128.0000	 64.0000	  0.1884	  0.1968	  0.0000	  1.0150
160.0000	 64.0000	  0.0698	  0.2166	  0.0000	  1.0151
192.0000	 64.0000	  0.2441	  0.1910	  0.0000	  1.0233
224.0000	 64.0000	  0.4061	  0.2662	  0.0000	  1.0175
256.0000	 64.0000	  0.4519	  0.3865	  0.0000	  1.0428
288.0000	 64.0000	  0.5127	  0.4973	  1.0000	  0.0000
320.0000	 64.0000	  0.5488	  0.5792	  1.0000	  1.0015
352.0000	 64.0000	  0.5351	  0.6165	  1.0000	  1.0003
384.0000	 64.0000	  0.4944	  0.6102	  1.0000	  1.0009
416.0000	 64.0000	  0.4277	  0.5586	  1.0000	  1.0003
448.0000	 64.0000	  0.3557	  0.4867	  1.0000	  1.0001
480.0000	 64.0000	  0.2893	  0.4082	  1.0000	  1.0014
512.0000	 64.0000	  0.2385	  0.3368	  1.0000	  0.0000
544.0000	 64.0000	  0.2143	  0.2862	  1.0000	  0.0000
576.0000	 64.0000	  0.2183	  0.2649	  1.0000	  1.0002
608.0000	 64.0000	  0.2424	  0.2634	  1.0000	  1.0011
640.0000	 64.0000	  0.2600	  0.2653	  0.0000	  1.0220
672.0000	 64.0000	  0.2190	  0.2179	  0.0000	  1.0241
704.0000	 64.0000	  0.1540	  0.2097	  0.0000	  1.0206
736.0000	 64.0000	  0.1628	  0.2998	  1.0000	  1.0013
768.0000	 64.0000	  0.2065	  0.4033	  1.0000	  1.0008
800.0000	 64.0000	  0.2723	  0.4664	  1.0000	  0.0000
832.0000	 64.0000	  0.3426	  0.4629	  0.0000	  1.0245
864.0000	 64.0000	  0.4329	  0.3677	  0.0000	  1.0187
896.0000	 64.0000	  0.4890	  0.2400	  0.0000	  1.0230
928.0000	 64.0000	  0.4570	  0.1470	  0.0000	  1.0212
960.0000	 64.0000	  0.3649	  0.1050	  0.0000	  1.0138
992.0000	 64.0000	  0.2756	  0.1358	  0.0000	  1.0052
1024.0000	 64.0000	  0.2233	  0.1886	  0.0000	  1.0171
 32.0000	 96.0000	  0.6717	 -0.0283	  0.0000	  1.0292
 64.0000	 96.0000	  0.6307	  0.0564	  0.0000	  1.0161
 96.0000	 96.0000	  0.5107	  0.1521	  0.0000	  1.0294
128.0000	 96.0000	  0.3445	  0.2226	  0.0000	  1.0309
160.0000	 96.0000	  0.2365	  0.2281	  0.0000	  1.0273
192.0000	 96.0000	  0.3339	  0.1987	  0.0000	  1.0567
224.0000	 96.0000	  0.4410	  0.2282	  0.0000	  1.0316
256.0000	 96.0000	  0.4873	  0.3363	  0.0000	  1.0333
288.0000	 96.0000	  0.5512	  0.4605	  0.0000	  1.0354
320.0000	 96.0000	  0.5911	  0.5502	  0.0000	  1.0209
352.0000	 96.0000	  0.5467	  0.5870	  0.0000	  1.0174
384.0000	 96.0000	  0.4974	  0.5869	  1.0000	  1.0002
416.0000	 96.0000	  0.4272	  0.5431	  1.0000	  1.0010
448.0000	 96.0000	  0.3557	  0.4811	  1.0000	  1.0002
480.0000	 96.0000	  0.2929	  0.4098	  1.0000	  1.0007
512.0000	 96.0000	  0.2438	  0.3387	  1.0000	  1.0002
544.0000	 96.0000	  0.2109	  0.2800	  1.0000	  1.0007
576.0000	 96.0000	  0.1943	  0.2464	  1.0000	  1.0013
608.0000	 96.0000	  0.2033	  0.2424	  0.0000	  1.0026
640.0000	 96.0000	  0.1968	  0.2607	  0.0000	  1.0309
672.0000	 96.0000	  0.1442	  0.2429	  0.0000	  1.0289
704.0000	 96.0000	  0.0988	  0.2388	  0.0000	  1.0237
736.0000	 96.0000	  0.1288	  0.3071	  1.0000	  1.0010
768.0000	 96.0000	  0.1941	  0.3871	  1.0000	  1.0005
800.0000	 96.0000	  0.2796	  0.4395	  1.0000	  1.0002
832.0000	 96.0000	  0.3678	  0.4400	  0.0000	  1.0099
864.0000	 96.0000	  0.4623	  0.3171	  0.0000	  1.0199
896.0000	 96.0000	  0.4920	  0.1861	  0.0000	  1.0207
928.0000	 96.0000	  0.4659	  0.1297	  0.0000	  1.0083
960.0000	 96.0000	  0.3846	  0.1711	  0.0000	  1.0080
992.0000	 96.0000	  0.3093	  0.2784	  0.0000	  1.0358
1024.0000	 96.0000	  0.2343	  0.3398	  0.0000	  1.0214
 32.0000	128.0000	  0.7572	  0.2148	  1.0000	  1.0120
 64.0000	128.0000	  0.7242	  0.2159	  1.0000	  1.0228
 96.0000	128.0000	  0.6266	  0.2152	  0.0000	  1.0154
128.0000	128.0000	  0.4937	  0.2038	  0.0000	  1.0485
160.0000	128.0000	  0.4309	  0.1977	  0.0000	  1.0309
192.0000	128.0000	  0.4739	  0.1757	  0.0000	  1.0250
224.0000	128.0000	  0.5315	  0.1807	  0.0000	  1.0120
256.0000	128.0000	  0.5681	  0.2829	  0.0000	  1.0252
288.0000	128.0000	  0.6123	  0.4205	  0.0000	  1.0342
320.0000	128.0000	  0.6181	  0.5047	  1.0000	  1.0201
352.0000	128.0000	  0.5707	  0.5451	  1.0000	  1.0090
384.0000	128.0000	  0.5053	  0.5456	  1.0000	  1.0001
416.0000	128.0000	  0.4262	  0.5139	  1.0000	  1.0004
448.0000	128.0000	  0.3547	  0.4718	  1.0000	  1.0004
480.0000	128.0000	  0.3010	  0.4147	  1.0000	  1.0001
512.0000	128.0000	  0.2626	  0.3437	  1.0000	  1.0010
544.0000	128.0000	  0.2227	  0.2691	  1.0000	  1.0002
576.0000	128.0000	  0.1690	  0.2081	  0.0000	  1.0367
608.0000	128.0000	  0.1516	  0.1851	  0.0000	  1.0407
640.0000	128.0000	  0.1089	  0.1966	  0.0000	  1.0227
672.0000	128.0000	  0.0470	  0.2315	  0.0000	  1.0185
704.0000	128.0000	  0.0326	  0.2795	  0.0000	  1.0133
736.0000	128.0000	  0.0932	  0.3090	  1.0000	  1.0009
768.0000	128.0000	  0.1827	  0.3521	  1.0000	  1.0000
800.0000	128.0000	  0.2893	  0.3847	  1.0000	  1.0004
832.0000	128.0000	  0.4014	  0.3843	  0.0000	  1.0192
864.0000	128.0000	  0.4870	  0.3224	  0.0000	  1.0134
896.0000	128.0000	  0.4985	  0.2611	  1.0000	  1.0022
928.0000	128.0000	  0.4807	  0.2710	  1.0000	  1.0001
960.0000	128.0000	  0.4293	  0.3768	  1.0000	  1.0011
992.0000	128.0000	  0.3631	  0.5503	  0.0000	  1.0146
1024.0000	128.0000	  0.2623	  0.6114	  0.0000	  1.0179
 32.0000	160.0000	  0.8255	  0.4716	  0.0000	  1.0209
 64.0000	160.0000	  0.7965	  0.3912	  0.0000	  1.0351
 96.0000	160.0000	  0.6608	  0.3064	  1.0000	  1.0071
128.0000	160.0000	  0.5594	  0.2390	  0.0000	  1.0201
160.0000	160.0000	  0.5847	  0.2441	  0.0000	  1.0205
192.0000	160.0000	  0.6182	  0.2386	  0.0000	  1.0401
224.0000	160.0000	  0.6499	  0.2342	  0.0000	  1.0201
256.0000	160.0000	  0.6633	  0.2859	  0.0000	  1.0358
288.0000	160.0000	  0.6806	  0.3820	  0.0000	  1.0296
320.0000	160.0000	  0.6483	  0.4566	  1.0000	  1.0003
352.0000	160.0000	  0.5826	  0.4848	  1.0000	  1.0004
384.0000	160.0000	  0.5098	  0.4770	  1.0000	  1.0004
416.0000	160.0000	  0.4292	  0.4603	  1.0000	  0.0000
448.0000	160.0000	  0.3585	  0.4507	  1.0000	  1.0013
480.0000	160.0000	  0.3206	  0.4140	  1.0000	  1.0005
512.0000	160.0000	  0.3126	  0.3416	  1.0000	  1.0002
544.0000	160.0000	  0.2875	  0.2464	  1.0000	  0.0000
576.0000	160.0000	  0.2172	  0.1487	  0.0000	  1.0184
608.0000	160.0000	  0.1357	  0.0837	  0.0000	  1.0194
640.0000	160.0000	  0.0457	  0.0730	  0.0000	  1.0182
672.0000	160.0000	 -0.0174	  0.1412	  0.0000	  1.0220
704.0000	160.0000	 -0.0058	  0.2356	  0.0000	  1.0225
736.0000	160.0000	  0.0872	  0.2598	  1.0000	  1.0003
768.0000	160.0000	  0.1900	  0.2916	  1.0000	  1.0003
800.0000	160.0000	  0.2881	  0.3220	  1.0000	  1.0004
832.0000	160.0000	  0.3761	  0.3385	  1.0000	  0.0000
864.0000	160.0000	  0.4469	  0.3321	  1.0000	  1.0008
896.0000	160.0000	  0.4827	  0.3369	  1.0000	  1.0002
928.0000	160.0000	  0.4987	  0.4001	  1.0000	  1.0006
960.0000	160.0000	  0.4884	  0.5342	  1.0000	  1.0005
992.0000	160.0000	  0.4582	  0.7001	  1.0000	  1.0006
1024.0000	160.0000	  0.4096	  0.7939	  1.0000	  1.0004
 32.0000	192.0000	  0.8427	  0.6389	  0.0000	  1.0168
 64.0000	192.0000	  0.7673	  0.5331	  0.0000	  1.0140
 96.0000	192.0000	  0.6089	  0.3953	  1.0000	  1.0349
128.0000	192.0000	  0.5035	  0.3454	  0.0000	  1.0386
160.0000	192.0000	  0.5969	  0.3974	  0.0000	  1.0431
192.0000	192.0000	  0.6715	  0.4002	  0.0000	  1.0228
224.0000	192.0000	  0.7062	  0.3714	  0.0000	  1.0047
256.0000	192.0000	  0.6758	  0.3508	  0.0000	  1.0369
288.0000	192.0000	  0.6548	  0.3806	  0.0000	  1.0249
320.0000	192.0000	  0.6332	  0.4218	  0.0000	  1.0264
352.0000	192.0000	  0.5649	  0.4207	  1.0000	  1.0388
384.0000	192.0000	  0.5125	  0.3867	  1.0000	  1.0019
416.0000	192.0000	  0.4513	  0.3839	  1.0000	  1.0009
448.0000	192.0000	  0.3822	  0.4190	  0.0000	  1.0183
480.0000	192.0000	  0.3619	  0.4019	  0.0000	  1.0232
512.0000	192.0000	  0.3994	  0.3216	  0.0000	  1.0241
544.0000	192.0000	  0.4003	  0.2058	  0.0000	  1.0214
576.0000	192.0000	  0.3141	  0.0734	  0.0000	  1.0318
608.0000	192.0000	  0.1629	 -0.0369	  0.0000	  1.0318
640.0000	192.0000	  0.0240	 -0.0712	  0.0000	  1.0245
672.0000	192.0000	 -0.0113	 -0.0165	  0.0000	  1.0296
704.0000	192.0000	  0.0495	  0.0685	  0.0000	  1.0332
736.0000	192.0000	  0.1762	  0.1298	  1.0000	  0.0000
768.0000	192.0000	  0.2700	  0.1785	  1.0000	  1.0003
800.0000	192.0000	  0.3239	  0.2256	  1.0000	  1.0003
832.0000	192.0000	  0.3588	  0.2747	  1.0000	  1.0006
864.0000	192.0000	  0.4065	  0.3125	  1.0000	  1.0008
896.0000	192.0000	  0.4601	  0.3618	  1.0000	  1.0005
928.0000	192.0000	  0.5136	  0.4673	  1.0000	  1.0001
960.0000	192.0000	  0.5503	  0.6411	  1.0000	  1.0009
992.0000	192.0000	  0.5616	  0.8459	  1.0000	  1.0011
1024.0000	192.0000	  0.5482	  0.9884	  1.0000	  1.0001
 32.0000	224.0000	  0.8030	  0.5581	  1.0000	  1.0054
 64.0000	224.0000	  0.7095	  0.4839	  0.0000	  1.0007
 96.0000	224.0000	  0.5598	  0.3776	  0.0000	  1.0331
128.0000	224.0000	  0.4978	  0.3774	  0.0000	  1.0377
160.0000	224.0000	  0.5872	  0.4434	  0.0000	  1.0580
192.0000	224.0000	  0.6812	  0.4347	  0.0000	  1.0274
224.0000	224.0000	  0.6810	  0.4022	  0.0000	  1.0293
256.0000	224.0000	  0.6040	  0.3750	  0.0000	  1.0282
288.0000	224.0000	  0.5434	  0.3775	  0.0000	  1.0258
320.0000	224.0000	  0.5324	  0.3976	  0.0000	  1.0282
352.0000	224.0000	  0.5104	  0.3779	  0.0000	  1.0265
384.0000	224.0000	  0.5322	  0.2972	  0.0000	  1.0213
416.0000	224.0000	  0.5309	  0.2895	  0.0000	  1.0332
448.0000	224.0000	  0.4976	  0.3269	  0.0000	  1.0332
480.0000	224.0000	  0.4968	  0.3063	  0.0000	  1.0298
512.0000	224.0000	  0.5332	  0.2147	  0.0000	  1.0129
544.0000	224.0000	  0.5381	  0.0811	  0.0000	  1.0203
576.0000	224.0000	  0.4564	 -0.0441	  0.0000	  1.0173
608.0000	224.0000	  0.2784	 -0.1551	  0.0000	  1.0142
640.0000	224.0000	  0.1168	 -0.1769	  0.0000	  1.0217
672.0000	224.0000	  0.1572	 -0.1411	  0.0000	  1.0392
704.0000	224.0000	  0.2945	 -0.0995	  0.0000	  1.0179
736.0000	224.0000	  0.4525	 -0.0596	  1.0000	  1.0017
768.0000	224.0000	  0.4983	 -0.0293	  1.0000	  1.0003
800.0000	224.0000	  0.4536	  0.0210	  1.0000	  1.0004
832.0000	224.0000	  0.3843	  0.1066	  1.0000	  1.0002
864.0000	224.0000	  0.3878	  0.1723	  1.0000	  1.0017
896.0000	224.0000	  0.4425	  0.2434	  1.0000	  1.0004
928.0000	224.0000	  0.5224	  0.3861	  1.0000	  1.0024
960.0000	224.0000	  0.6019	  0.6255	  0.0000	  1.0193
992.0000	224.0000	  0.6454	  0.9255	  0.0000	  1.0235
1024.0000	224.0000	  0.6434	  1.1502	  0.0000	  1.0141
 32.0000	256.0000	  0.8066	  0.4438	  1.0000	  0.0000
 64.0000	256.0000	  0.7181	  0.3959	  1.0000	  1.0013
 96.0000	256.0000	  0.5932	  0.3301	  0.0000	  1.0336
128.0000	256.0000	  0.5297	  0.3208	  0.0000	  1.0305
160.0000	256.0000	  0.5590	  0.3527	  0.0000	  1.0247
192.0000	256.0000	  0.6380	  0.3682	  0.0000	  1.0245
224.0000	256.0000	  0.6031	  0.3622	  0.0000	  1.0235
256.0000	256.0000	  0.5081	  0.3360	  0.0000	  1.0199
288.0000	256.0000	  0.4256	  0.3335	  0.0000	  1.0120
320.0000	256.0000	  0.4267	  0.3744	  0.0000	  1.0222
352.0000	256.0000	  0.4818	  0.3898	  0.0000	  1.0360
384.0000	256.0000	  0.5924	  0.3250	  0.0000	  1.0209
416.0000	256.0000	  0.6551	  0.2943	  0.0000	  1.0328
448.0000	256.0000	  0.6635	  0.2657	  0.0000	  1.0382
480.0000	256.0000	  0.6728	  0.1865	  0.0000	  1.0348
512.0000	256.0000	  0.6967	  0.0698	  1.0000	  1.0001
544.0000	256.0000	  0.7039	 -0.0359	  1.0000	  0.0000
576.0000	256.0000	  0.6673	 -0.1151	  1.0000	  1.0021
608.0000	256.0000	  0.5851	 -0.1750	  0.0000	  1.0195
640.0000	256.0000	  0.5360	 -0.1833	  0.0000	  1.0357
672.0000	256.0000	  0.6827	 -0.1966	  0.0000	  1.0334
704.0000	256.0000	  0.8982	 -0.2540	  1.0000	  1.0010
736.0000	256.0000	  1.0093	 -0.3363	  1.0000	  1.0002
768.0000	256.0000	  0.9421	 -0.4150	  1.0000	  1.0002
800.0000	256.0000	  0.7348	 -0.4219	  1.0000	  1.0009
832.0000	256.0000	  0.4917	 -0.3075	  0.0000	  1.0139
864.0000	256.0000	  0.4264	 -0.2369	  0.0000	  1.0279
896.0000	256.0000	  0.4570	 -0.1619	  0.0000	  1.0157
928.0000	256.0000	  0.5276	  0.0421	  1.0000	  1.0003
960.0000	256.0000	  0.6071	  0.3879	  0.0000	  1.0175
992.0000	256.0000	  0.6513	  0.7729	  0.0000	  1.0228
1024.0000	256.0000	  0.6522	  1.0390	  0.0000	  1.0146
 32.0000	288.0000	  0.8249	  0.3617	  1.0000	  1.0003
 64.0000	288.0000	  0.7491	  0.3364	  1.0000	  0.0000
 96.0000	288.0000	  0.6430	  0.3066	  1.0000	  1.0006
128.0000	288.0000	  0.5489	  0.2959	  0.0000	  1.0068
160.0000	288.0000	  0.5126	  0.3188	  0.0000	  1.0070
192.0000	288.0000	  0.5563	  0.3442	  0.0000	  1.0215
224.0000	288.0000	  0.5289	  0.3202	  0.0000	  1.0177
256.0000	288.0000	  0.4562	  0.2873	  0.0000	  1.0170
288.0000	288.0000	  0.3934	  0.2960	  0.0000	  1.0123
320.0000	288.0000	  0.4171	  0.3704	  0.0000	  1.0099
352.0000	288.0000	  0.5223	  0.4663	  0.0000	  1.0193
384.0000	288.0000	  0.6788	  0.4847	  0.0000	  1.0381
416.0000	288.0000	  0.7820	  0.3865	  0.0000	  1.0371
448.0000	288.0000	  0.8186	  0.1965	  0.0000	  1.0111
480.0000	288.0000	  0.8333	 -0.0021	  0.0000	  1.0133
512.0000	288.0000	  0.8571	 -0.1598	  1.0000	  1.0007
544.0000	288.0000	  0.9038	 -0.2055	  1.0000	  0.0000
576.0000	288.0000	  0.9884	 -0.1931	  1.0000	  1.0010
608.0000	288.0000	  1.1342	 -0.1770	  1.0000	  1.0001
640.0000	288.0000	  1.3413	 -0.1906	  1.0000	  1.0001
672.0000	288.0000	  1.5918	 -0.2818	  1.0000	  1.0008
704.0000	288.0000	  1.7799	 -0.4752	  1.0000	  0.0000
736.0000	288.0000	  1.7996	 -0.7467	  1.0000	  1.0007
768.0000	288.0000	  1.5903	 -1.0355	  1.0000	  1.0015
800.0000	288.0000	  1.2035	 -1.2186	  1.0000	  0.0000
832.0000	288.0000	  0.7891	 -1.1752	  0.0000	  1.0170
864.0000	288.0000	  0.6005	 -1.1303	  0.0000	  1.0283
896.0000	288.0000	  0.5506	 -1.0332	  1.0000	  1.0168
928.0000	288.0000	  0.5622	 -0.6722	  1.0000	  1.0009
960.0000	288.0000	  0.5983	 -0.1544	  1.0000	  1.0012
992.0000	288.0000	  0.6240	  0.3180	  1.0000	  1.0001
1024.0000	288.0000	  0.6284	  0.6114	  1.0000	  1.0002
 32.0000	320.0000	  0.7802	  0.3053	  1.0000	  0.0000
 64.0000	320.0000	  0.7220	  0.2937	  1.0000	  0.0000
 96.0000	320.0000	  0.6523	  0.2920	  1.0000	  0.0000
128.0000	320.0000	  0.5780	  0.3065	  1.0000	  1.0008
160.0000	320.0000	  0.5412	  0.3492	  0.0000	  1.0110
192.0000	320.0000	  0.5593	  0.3490	  0.0000	  1.0282
224.0000	320.0000	  0.5331	  0.3086	  0.0000	  1.0207
256.0000	320.0000	  0.4814	  0.2778	  0.0000	  1.0203
288.0000	320.0000	  0.4489	  0.2942	  0.0000	  1.0260
320.0000	320.0000	  0.4906	  0.3885	  0.0000	  1.0349
352.0000	320.0000	  0.5780	  0.5123	  0.0000	  1.0314
384.0000	320.0000	  0.6694	  0.5055	  0.0000	  1.0460
416.0000	320.0000	  0.7555	  0.2475	  0.0000	  1.0370
448.0000	320.0000	  0.8001	 -0.1251	  0.0000	  1.0022
480.0000	320.0000	  0.8382	 -0.4527	  1.0000	  1.0001
512.0000	320.0000	  0.8996	 -0.5998	  1.0000	  1.0006
544.0000	320.0000	  1.0315	 -0.5212	  0.0000	  1.0221
576.0000	320.0000	  1.2863	 -0.3663	  0.0000	  1.0221
608.0000	320.0000	  1.7027	 -0.2802	  1.0000	  1.0006
640.0000	320.0000	  2.1639	 -0.2819	  1.0000	  1.0013
672.0000	320.0000	  2.5363	 -0.4467	  1.0000	  1.0001
704.0000	320.0000	  2.7116	 -0.8052	  1.0000	  1.0007
736.0000	320.0000	  2.6542	 -1.3119	  1.0000	  1.0004
768.0000	320.0000	  2.3174	 -1.8986	  1.0000	  1.0001
800.0000	320.0000	  1.7862	 -2.4066	  1.0000	  1.0002
832.0000	320.0000	  1.2584	 -2.6425	  1.0000	  1.0005
864.0000	320.0000	  0.9073	 -2.6244	  1.0000	  1.0003
896.0000	320.0000	  0.7222	 -2.3258	  1.0000	  1.0007
928.0000	320.0000	  0.6513	 -1.7040	  1.0000	  1.0004
960.0000	320.0000	  0.6441	 -0.9386	  1.0000	  1.0006
992.0000	320.0000	  0.6525	 -0.3221	  1.0000	  1.0201
1024.0000	320.0000	  0.6553	  0.0208	  1.0000	  1.0194
 32.0000	352.0000	  0.6743	  0.2349	  1.0000	  1.0171
 64.0000	352.0000	  0.6295	  0.2305	  0.0000	  1.0060
 96.0000	352.0000	  0.6145	  0.2490	  1.0000	  1.0009
128.0000	352.0000	  0.5792	  0.2753	  1.0000	  1.0008
160.0000	352.0000	  0.5644	  0.3169	  0.0000	  1.0292
192.0000	352.0000	  0.6043	  0.3175	  0.0000	  1.0219
224.0000	352.0000	  0.5897	  0.2744	  0.0000	  1.0236
256.0000	352.0000	  0.5544	  0.2545	  0.0000	  1.0271
288.0000	352.0000	  0.5234	  0.2879	  0.0000	  1.0417
320.0000	352.0000	  0.5414	  0.3607	  0.0000	  1.0354
352.0000	352.0000	  0.5506	  0.4095	  0.0000	  1.0245
384.0000	352.0000	  0.5175	  0.2440	  0.0000	  1.0282
416.0000	352.0000	  0.5093	 -0.3173	  1.0000	  1.0004
448.0000	352.0000	  0.5247	 -0.9234	  1.0000	  1.0001
480.0000	352.0000	  0.5839	 -1.3555	  1.0000	  1.0009
512.0000	352.0000	  0.7259	 -1.5025	  1.0000	  1.0000
544.0000	352.0000	  1.0258	 -1.3224	  1.0000	  1.0238
576.0000	352.0000	  1.5027	 -0.9476	  0.0000	  1.0247
608.0000	352.0000	  2.1774	 -0.6959	  1.0000	  1.0006
640.0000	352.0000	  2.8647	 -0.6021	  1.0000	  1.0007
672.0000	352.0000	  3.3555	 -0.7840	  1.0000	  0.0000
704.0000	352.0000	  3.5208	 -1.2823	  1.0000	  1.0002
736.0000	352.0000	  3.4106	 -1.9954	  1.0000	  1.0003
768.0000	352.0000	  2.9635	 -2.8675	  1.0000	  1.0011
800.0000	352.0000	  2.3040	 -3.6921	  1.0000	  1.0004
832.0000	352.0000	  1.6623	 -4.1543	  1.0000	  1.0009
864.0000	352.0000	  1.1878	 -4.1602	  1.0000	  1.0009
896.0000	352.0000	  0.9017	 -3.7078	  1.0000	  1.0007
928.0000	352.0000	  0.7691	 -2.8418	  1.0000	  1.0003
960.0000	352.0000	  0.7332	 -1.7936	  1.0000	  1.0005
992.0000	352.0000	  0.7287	 -0.9426	  0.0000	  1.0150
1024.0000	352.0000	  0.7287	 -0.5263	  0.0000	  1.0144
 32.0000	384.0000	  0.5934	  0.1713	  1.0000	  1.0160
 64.0000	384.0000	  0.5569	  0.1699	  0.0000	  1.0037
 96.0000	384.0000	  0.5580	  0.1855	  1.0000	  1.0004
128.0000	384.0000	  0.5547	  0.2070	  1.0000	  1.0008
160.0000	384.0000	  0.5828	  0.2379	  0.0000	  1.0230
192.0000	384.0000	  0.6430	  0.2432	  0.0000	  1.0204
224.0000	384.0000	  0.6452	  0.2310	  0.0000	  1.0247
256.0000	384.0000	  0.6308	  0.2337	  0.0000	  1.0285
288.0000	384.0000	  0.5645	  0.2399	  0.0000	  1.0298
320.0000	384.0000	  0.4906	  0.1847	  0.0000	  1.0131
352.0000	384.0000	  0.3583	 -0.0150	  0.0000	  1.0295
384.0000	384.0000	  0.1756	 -0.5121	  0.0000	  1.0369
416.0000	384.0000	  0.0102	 -1.3883	  1.0000	  1.0002
448.0000	384.0000	 -0.0587	 -2.2387	  1.0000	  1.0010
480.0000	384.0000	  0.0156	 -2.7892	  1.0000	  1.0019
512.0000	384.0000	  0.2889	 -2.9206	  1.0000	  0.0000
544.0000	384.0000	  0.8109	 -2.6376	  1.0000	  1.0003
576.0000	384.0000	  1.5503	 -2.1061	  1.0000	  1.0013
608.0000	384.0000	  2.4436	 -1.5875	  1.0000	  1.0001
640.0000	384.0000	  3.3178	 -1.2908	  1.0000	  1.0010
672.0000	384.0000	  3.9185	 -1.3742	  1.0000	  1.0014
704.0000	384.0000	  4.1081	 -1.8724	  1.0000	  1.0006
736.0000	384.0000	  3.9119	 -2.6943	  1.0000	  1.0001
768.0000	384.0000	  3.3605	 -3.7176	  1.0000	  0.0000
800.0000	384.0000	  2.6005	 -4.6947	  1.0000	  1.0000
832.0000	384.0000	  1.8811	 -5.2492	  1.0000	  0.0000
864.0000	384.0000	  1.3456	 -5.2476	  1.0000	  1.0003
896.0000	384.0000	  1.0184	 -4.7381	  1.0000	  0.0000
928.0000	384.0000	  0.8711	 -3.7614	  1.0000	  1.0008
960.0000	384.0000	  0.8449	 -2.5862	  1.0000	  1.0003
992.0000	384.0000	  0.8606	 -1.6600	  1.0000	  1.0069
1024.0000	384.0000	  0.8777	 -1.1916	  1.0000	  1.0113
 32.0000	416.0000	  0.5626	  0.1213	  1.0000	  1.0017
 64.0000	416.0000	  0.5192	  0.1156	  1.0000	  1.0008
 96.0000	416.0000	  0.4870	  0.1177	  1.0000	  1.0026
128.0000	416.0000	  0.4926	  0.1321	  1.0000	  1.0000
160.0000	416.0000	  0.5740	  0.1477	  0.0000	  1.0095
192.0000	416.0000	  0.6196	  0.1713	  0.0000	  1.0059
224.0000	416.0000	  0.6359	  0.1995	  0.0000	  1.0205
256.0000	416.0000	  0.6605	  0.2097	  0.0000	  1.0083
288.0000	416.0000	  0.5611	  0.1237	  0.0000	  1.0278
320.0000	416.0000	  0.3456	 -0.1905	  1.0000	  1.0017
352.0000	416.0000	  0.0113	 -0.8025	  1.0000	  1.0025
384.0000	416.0000	 -0.3927	 -1.7498	  1.0000	  0.0000
416.0000	416.0000	 -0.7566	 -2.9405	  1.0000	  0.0000
448.0000	416.0000	 -0.9530	 -4.0518	  1.0000	  1.0006
480.0000	416.0000	 -0.8833	 -4.7498	  1.0000	  1.0001
512.0000	416.0000	 -0.4722	 -4.8765	  1.0000	  1.0007
544.0000	416.0000	  0.2923	 -4.4619	  1.0000	  1.0003
576.0000	416.0000	  1.3001	 -3.7265	  1.0000	  1.0001
608.0000	416.0000	  2.4116	 -2.9388	  1.0000	  1.0006
640.0000	416.0000	  3.4325	 -2.3909	  1.0000	  1.0019
672.0000	416.0000	  4.0936	 -2.2772	  1.0000	  0.0000
704.0000	416.0000	  4.2672	 -2.6321	  1.0000	  1.0003
736.0000	416.0000	  3.9988	 -3.3550	  1.0000	  1.0004
768.0000	416.0000	  3.3802	 -4.2901	  1.0000	  0.0000
800.0000	416.0000	  2.5797	 -5.1791	  1.0000	  1.0007
832.0000	416.0000	  1.8518	 -5.6628	  1.0000	  1.0001
864.0000	416.0000	  1.3305	 -5.5990	  1.0000	  1.0007
896.0000	416.0000	  1.0249	 -5.1411	  1.0000	  0.0000
928.0000	416.0000	  0.9124	 -4.2180	  1.0000	  1.0018
960.0000	416.0000	  0.9295	 -3.0863	  1.0000	  1.0013
992.0000	416.0000	  0.9832	 -2.1735	  1.0000	  1.0011
1024.0000	416.0000	  1.0251	 -1.6622	  1.0000	  1.0004
 32.0000	448.0000	  0.5589	  0.1096	  1.0000	  1.0004
 64.0000	448.0000	  0.4870	  0.0814	  1.0000	  1.0041
 96.0000	448.0000	  0.3965	  0.0583	  0.0000	  1.0289
128.0000	448.0000	  0.3589	  0.0882	  0.0000	  1.0203
160.0000	448.0000	  0.4143	  0.1333	  0.0000	  1.0206
192.0000	448.0000	  0.5201	  0.1794	  1.0000	  0.0000
224.0000	448.0000	  0.6172	  0.2274	  1.0000	  1.0027
256.0000	448.0000	  0.6598	  0.2139	  1.0000	  1.0007
288.0000	448.0000	  0.5315	 -0.0011	  1.0000	  1.0003
320.0000	448.0000	  0.1747	 -0.6057	  1.0000	  1.0005
352.0000	448.0000	 -0.4035	 -1.6796	  1.0000	  1.0003
384.0000	448.0000	 -1.0925	 -3.1406	  1.0000	  1.0006
416.0000	448.0000	 -1.7120	 -4.7581	  1.0000	  1.0018
448.0000	448.0000	 -2.0770	 -6.1889	  1.0000	  1.0009
480.0000	448.0000	 -2.0316	 -7.0668	  1.0000	  1.0001
512.0000	448.0000	 -1.4845	 -7.1936	  1.0000	  1.0000
544.0000	448.0000	 -0.4709	 -6.6210	  1.0000	  1.0001
576.0000	448.0000	  0.7993	 -5.6570	  1.0000	  1.0003
608.0000	448.0000	  2.1090	 -4.6194	  1.0000	  1.0000
640.0000	448.0000	  3.2226	 -3.8142	  1.0000	  0.0000
672.0000	448.0000	  3.8850	 -3.4416	  1.0000	  1.0011
704.0000	448.0000	  4.0021	 -3.5264	  1.0000	  1.0003
736.0000	448.0000	  3.6714	 -3.9553	  1.0000	  0.0000
768.0000	448.0000	  3.0313	 -4.5795	  1.0000	  1.0025
800.0000	448.0000	  2.2628	 -5.1846	  1.0000	  1.0011
832.0000	448.0000	  1.5967	 -5.4917	  1.0000	  1.0003
864.0000	448.0000	  1.1485	 -5.3971	  1.0000	  1.0006
896.0000	448.0000	  0.9138	 -4.9812	  1.0000	  1.0001
928.0000	448.0000	  0.8616	 -4.1913	  1.0000	  1.0005
960.0000	448.0000	  0.9294	 -3.2121	  1.0000	  1.0012
992.0000	448.0000	  1.0201	 -2.4079	  1.0000	  1.0003
1024.0000	448.0000	  1.0842	 -1.9362	  1.0000	  1.0012
 32.0000	480.0000	  0.6181	  0.1561	  1.0000	  1.0119
 64.0000	480.0000	  0.5165	  0.0740	  0.0000	  1.0429
 96.0000	480.0000	  0.3854	 -0.0151	  0.0000	  1.0139
128.0000	480.0000	  0.3117	  0.0135	  0.0000	  1.0192
160.0000	480.0000	  0.3491	  0.0819	  0.0000	  1.0217
192.0000	480.0000	  0.4743	  0.1660	  0.0000	  1.0306
224.0000	480.0000	  0.6351	  0.2499	  0.0000	  1.0375
256.0000	480.0000	  0.7079	  0.2361	  0.0000	  1.0424
288.0000	480.0000	  0.5502	 -0.0712	  0.0000	  1.0523
320.0000	480.0000	  0.0440	 -0.9511	  1.0000	  1.0006
352.0000	480.0000	 -0.8119	 -2.5125	  1.0000	  1.0003
384.0000	480.0000	 -1.8154	 -4.5151	  1.0000	  1.0006
416.0000	480.0000	 -2.7023	 -6.6053	  1.0000	  1.0015
448.0000	480.0000	 -3.2340	 -8.3885	  1.0000	  1.0000
480.0000	480.0000	 -3.2150	 -9.4558	  1.0000	  0.0000
512.0000	480.0000	 -2.5375	 -9.5735	  1.0000	  1.0003
544.0000	480.0000	 -1.2862	 -8.8234	  1.0000	  1.0009
576.0000	480.0000	  0.2162	 -7.6269	  1.0000	  1.0001
608.0000	480.0000	  1.6810	 -6.3540	  1.0000	  1.0003
640.0000	480.0000	  2.8428	 -5.3099	  1.0000	  1.0005
672.0000	480.0000	  3.4666	 -4.6554	  1.0000	  1.0015
704.0000	480.0000	  3.5048	 -4.3838	  1.0000	  1.0006
736.0000	480.0000	  3.1185	 -4.3804	  1.0000	  1.0008
768.0000	480.0000	  2.4830	 -4.5325	  1.0000	  0.0000
800.0000	480.0000	  1.7784	 -4.7034	  1.0000	  1.0000
832.0000	480.0000	  1.2076	 -4.7306	  1.0000	  1.0005
864.0000	480.0000	  0.8615	 -4.5456	  1.0000	  1.0013
896.0000	480.0000	  0.7056	 -4.2464	  1.0000	  1.0044
928.0000	480.0000	  0.7093	 -3.6783	  1.0000	  1.0004
960.0000	480.0000	  0.8126	 -2.9565	  1.0000	  1.0003
992.0000	480.0000	  0.9251	 -2.3497	  1.0000	  1.0006
1024.0000	480.0000	  1.0011	 -1.9842	  1.0000	  1.0002
 32.0000	512.0000	  0.7165	  0.2632	  0.0000	  1.0194
 64.0000	512.0000	  0.6001	  0.1245	  0.0000	  1.0139
 96.0000	512.0000	  0.4497	 -0.0177	  0.0000	  1.0302
128.0000	512.0000	  0.3689	 -0.0651	  0.0000	  1.0269
160.0000	512.0000	  0.4184	 -0.0349	  0.0000	  1.0274
192.0000	512.0000	  0.5550	  0.0589	  0.0000	  1.0237
224.0000	512.0000	  0.7152	  0.1942	  0.0000	  1.0310
256.0000	512.0000	  0.7926	  0.2048	  0.0000	  1.0378
288.0000	512.0000	  0.5899	 -0.1611	  0.0000	  1.0339
320.0000	512.0000	 -0.0378	 -1.2155	  0.0000	  1.0343
352.0000	512.0000	 -1.1676	 -3.2336	  1.0000	  1.0126
384.0000	512.0000	 -2.4417	 -5.6889	  1.0000	  1.0019
416.0000	512.0000	 -3.5396	 -8.1685	  1.0000	  1.0023
448.0000	512.0000	 -4.1830	-10.2262	  1.0000	  1.0007
480.0000	512.0000	 -4.1838	-11.4639	  1.0000	  1.0013
512.0000	512.0000	 -3.3986	-11.5794	  1.0000	  1.0003
544.0000	512.0000	 -1.9606	-10.6899	  1.0000	  1.0008
576.0000	512.0000	 -0.2894	 -9.3115	  1.0000	  1.0008
608.0000	512.0000	  1.2666	 -7.8629	  1.0000	  1.0008
640.0000	512.0000	  2.4281	 -6.6372	  1.0000	  1.0001
672.0000	512.0000	  2.9850	 -5.7239	  1.0000	  1.0003
704.0000	512.0000	  2.9361	 -5.0708	  1.0000	  1.0002
736.0000	512.0000	  2.5012	 -4.5808	  1.0000	  1.0003
768.0000	512.0000	  1.8817	 -4.1934	  1.0000	  1.0016
800.0000	512.0000	  1.2481	 -3.8645	  1.0000	  0.0000
832.0000	512.0000	  0.7729	 -3.5949	  1.0000	  1.0024
864.0000	512.0000	  0.5194	 -3.3647	  1.0000	  1.0004
896.0000	512.0000	  0.4416	 -3.1362	  1.0000	  1.0026
928.0000	512.0000	  0.4907	 -2.7923	  1.0000	  1.0002
960.0000	512.0000	  0.6151	 -2.3722	  1.0000	  1.0004
992.0000	512.0000	  0.7353	 -2.0028	  1.0000	  1.0007
1024.0000	512.0000	  0.8142	 -1.7735	  1.0000	  1.0000
 32.0000	544.0000	  0.7073	  0.2920	  0.0000	  1.0116
 64.0000	544.0000	  0.6404	  0.1494	  0.0000	  1.0066
 96.0000	544.0000	  0.5222	 -0.0053	  1.0000	  1.0008
128.0000	544.0000	  0.4725	 -0.1173	  0.0000	  1.0182
160.0000	544.0000	  0.5541	 -0.1488	  0.0000	  1.0176
192.0000	544.0000	  0.7022	 -0.0941	  0.0000	  1.0231
224.0000	544.0000	  0.8049	  0.0719	  0.0000	  1.0392
256.0000	544.0000	  0.8323	  0.0815	  0.0000	  1.0319
288.0000	544.0000	  0.5491	 -0.3428	  0.0000	  1.0570
320.0000	544.0000	 -0.1978	 -1.5563	  0.0000	  1.0358
352.0000	544.0000	 -1.4856	 -3.8288	  1.0000	  1.0125
384.0000	544.0000	 -2.9311	 -6.5828	  1.0000	  1.0006
416.0000	544.0000	 -4.1589	 -9.3238	  1.0000	  1.0007
448.0000	544.0000	 -4.8423	-11.5317	  1.0000	  1.0004
480.0000	544.0000	 -4.8637	-12.9097	  1.0000	  1.0021
512.0000	544.0000	 -3.9950	-13.0143	  1.0000	  1.0001
544.0000	544.0000	 -2.4223	-12.0137	  1.0000	  1.0008
576.0000	544.0000	 -0.6438	-10.5056	  1.0000	  1.0000
608.0000	544.0000	  0.9500	 -8.9457	  1.0000	  1.0000
640.0000	544.0000	  2.0863	 -7.6125	  1.0000	  1.0001
672.0000	544.0000	  2.5728	 -6.5104	  1.0000	  0.0000
704.0000	544.0000	  2.4458	 -5.5388	  1.0000	  1.0014
736.0000	544.0000	  1.9711	 -4.6268	  1.0000	  1.0010
768.0000	544.0000	  1.3690	 -3.7721	  1.0000	  1.0001
800.0000	544.0000	  0.7995	 -3.0213	  1.0000	  1.0001
832.0000	544.0000	  0.4039	 -2.4918	  1.0000	  1.0000
864.0000	544.0000	  0.2245	 -2.2069	  1.0000	  1.0002
896.0000	544.0000	  0.1997	 -2.0520	  1.0000	  1.0000
928.0000	544.0000	  0.2704	 -1.8956	  1.0000	  1.0005
960.0000	544.0000	  0.3921	 -1.7160	  1.0000	  1.0001
992.0000	544.0000	  0.5022	 -1.5489	  1.0000	  1.0002
1024.0000	544.0000	  0.5735	 -1.4430	  1.0000	  1.0001
 32.0000	576.0000	  0.5500	  0.3580	  0.0000	  1.0312
 64.0000	576.0000	  0.5672	  0.1920	  1.0000	  1.0006
 96.0000	576.0000	  0.5490	  0.0207	  1.0000	  1.0003
128.0000	576.0000	  0.5573	 -0.1104	  1.0000	  1.0010
160.0000	576.0000	  0.6317	 -0.1545	  1.0000	  1.0017
192.0000	576.0000	  0.7466	 -0.1059	  1.0000	  1.0014
224.0000	576.0000	  0.8209	  0.0006	  1.0000	  1.0029
256.0000	576.0000	  0.7684	 -0.0584	  1.0000	  1.0011
288.0000	576.0000	  0.3979	 -0.5968	  1.0000	  1.0008
320.0000	576.0000	 -0.4478	 -1.9863	  1.0000	  1.0008
352.0000	576.0000	 -1.7563	 -4.2842	  1.0000	  1.0010
384.0000	576.0000	 -3.2849	 -7.2008	  1.0000	  1.0015
416.0000	576.0000	 -4.6084	-10.1385	  1.0000	  1.0001
448.0000	576.0000	 -5.3653	-12.5205	  1.0000	  1.0003
480.0000	576.0000	 -5.3218	-13.8673	  1.0000	  1.0004
512.0000	576.0000	 -4.3558	-13.8888	  1.0000	  1.0010
544.0000	576.0000	 -2.6813	-12.7784	  1.0000	  1.0001
576.0000	576.0000	 -0.8389	-11.1767	  1.0000	  1.0003
608.0000	576.0000	  0.7596	 -9.5509	  1.0000	  1.0001
640.0000	576.0000	  1.8741	 -8.1741	  1.0000	  1.0000
672.0000	576.0000	  2.3086	 -6.9659	  1.0000	  1.0001
704.0000	576.0000	  2.1267	 -5.7880	  1.0000	  1.0008
736.0000	576.0000	  1.6248	 -4.5938	  1.0000	  0.0000
768.0000	576.0000	  1.0348	 -3.4295	  1.0000	  0.0000
800.0000	576.0000	  0.5089	 -2.4090	  1.0000	  1.0009
832.0000	576.0000	  0.1636	 -1.7052	  1.0000	  1.0013
864.0000	576.0000	  0.0274	 -1.3775	  1.0000	  0.0000
896.0000	576.0000	  0.0260	 -1.2756	  1.0000	  1.0003
928.0000	576.0000	  0.0937	 -1.2383	  1.0000	  1.0002
960.0000	576.0000	  0.1914	 -1.1989	  1.0000	  1.0000
992.0000	576.0000	  0.2766	 -1.1613	  1.0000	  1.0002
1024.0000	576.0000	  0.3316	 -1.1399	  1.0000	  1.0021
 32.0000	608.0000	  0.4654	  0.3624	  0.0000	  1.0335
 64.0000	608.0000	  0.5199	  0.2032	  1.0000	  1.0010
 96.0000	608.0000	  0.5557	  0.0314	  1.0000	  1.0267
128.0000	608.0000	  0.5988	 -0.1029	  1.0000	  1.0233
160.0000	608.0000	  0.6707	 -0.1492	  1.0000	  1.0120
192.0000	608.0000	  0.7665	 -0.1074	  1.0000	  1.0003
224.0000	608.0000	  0.8207	 -0.0350	  1.0000	  1.0025
256.0000	608.0000	  0.7262	 -0.1351	  1.0000	  1.0005
288.0000	608.0000	  0.3135	 -0.7215	  1.0000	  1.0005
320.0000	608.0000	 -0.5659	 -2.1625	  1.0000	  1.0009
352.0000	608.0000	 -1.8997	 -4.5109	  1.0000	  1.0003
384.0000	608.0000	 -3.4713	 -7.5189	  1.0000	  1.0007
416.0000	608.0000	 -4.8390	-10.5550	  1.0000	  1.0004
448.0000	608.0000	 -5.6215	-13.0094	  1.0000	  1.0000
480.0000	608.0000	 -5.5358	-14.3218	  1.0000	  1.0002
512.0000	608.0000	 -4.5074	-14.2733	  1.0000	  1.0002
544.0000	608.0000	 -2.7725	-13.0870	  1.0000	  1.0002
576.0000	608.0000	 -0.8915	-11.4356	  1.0000	  0.0000
608.0000	608.0000	  0.7210	 -9.7906	  1.0000	  1.0001
640.0000	608.0000	  1.8064	 -8.3873	  1.0000	  1.0001
672.0000	608.0000	  2.2080	 -7.1270	  1.0000	  1.0004
704.0000	608.0000	  1.9971	 -5.8443	  1.0000	  1.0013
736.0000	608.0000	  1.4798	 -4.5082	  1.0000	  1.0004
768.0000	608.0000	  0.8915	 -3.1896	  1.0000	  1.0001
800.0000	608.0000	  0.3800	 -2.0341	  1.0000	  1.0001
832.0000	608.0000	  0.0505	 -1.2427	  1.0000	  1.0001
864.0000	608.0000	 -0.0732	 -0.8952	  1.0000	  1.0002
896.0000	608.0000	 -0.0734	 -0.8222	  1.0000	  1.0007
928.0000	608.0000	 -0.0202	 -0.8456	  1.0000	  0.0000
960.0000	608.0000	  0.0484	 -0.8784	  1.0000	  1.0012
992.0000	608.0000	  0.1070	 -0.9069	  1.0000	  1.0039
1024.0000	608.0000	  0.1435	 -0.9301	  1.0000	  1.0001
