 32.0000	 32.0000	  0.0157	 -0.4281	  1.0000	  1.0062
 64.0000	 32.0000	  0.0393	 -0.3956	  1.0000	  1.0017
 96.0000	 32.0000	  0.0137	 -0.3172	  1.0000	  0.0000
128.0000	 32.0000	 -0.1028	 -0.1848	  1.0000	  1.0088
160.0000	 32.0000	 -0.2640	 -0.0177	  0.0000	  1.0033
192.0000	 32.0000	 -0.2515	  0.1270	  0.0000	  1.0854
224.0000	 32.0000	 -0.1945	  0.2666	  0.0000	  1.1001
256.0000	 32.0000	 -0.1485	  0.3700	  0.0000	  1.0206
288.0000	 32.0000	 -0.0918	  0.3136	  1.0000	  1.0019
320.0000	 32.0000	 -0.0269	  0.2410	  1.0000	  1.0052
352.0000	 32.0000	  0.0447	  0.1865	  1.0000	  1.0193
384.0000	 32.0000	  0.1017	  0.1639	  1.0000	  0.0000
416.0000	 32.0000	  0.1171	  0.1642	  0.0000	  1.0511
448.0000	 32.0000	  0.0365	  0.2083	  0.0000	  1.0370
480.0000	 32.0000	 -0.1065	  0.2280	  1.0000	  1.0005
512.0000	 32.0000	 -0.2702	  0.2593	  1.0000	  0.0000
544.0000	 32.0000	 -0.3995	  0.3006	  1.0000	  1.0021
576.0000	 32.0000	 -0.4191	  0.3545	  1.0000	  1.0059
608.0000	 32.0000	 -0.2866	  0.4511	  1.0000	  1.0017
640.0000	 32.0000	 -0.0032	  0.6646	  1.0000	  1.0165
672.0000	 32.0000	  0.4027	  1.0236	  1.0000	  1.0042
704.0000	 32.0000	  0.7508	  1.3573	  1.0000	  1.0071
736.0000	 32.0000	  0.9124	  1.4829	  1.0000	  1.0047
768.0000	 32.0000	  0.9386	  1.4574	  1.0000	  0.0000
800.0000	 32.0000	  0.6978	  1.0946	  1.0000	  1.0010
832.0000	 32.0000	  0.2675	  0.5181	  0.0000	  1.0512
864.0000	 32.0000	  0.0127	  0.1996	  0.0000	  1.1269
896.0000	 32.0000	 -0.0981	  0.1341	  0.0000	  1.1459
928.0000	 32.0000	 -0.1533	  0.1792	  0.0000	  1.1026
960.0000	 32.0000	 -0.1760	  0.1540	  0.0000	  1.1195
992.0000	 32.0000	 -0.1813	  0.0766	  0.0000	  1.1097
1024.0000	 32.0000	 -0.1876	  0.0339	  0.0000	  1.0628
 32.0000	 64.0000	 -0.0408	 -0.4433	  1.0000	  1.0092
 64.0000	 64.0000	 -0.0059	 -0.4230	  1.0000	  1.0111
 96.0000	 64.0000	 -0.0124	 -0.3494	  1.0000	  1.0007
128.0000	 64.0000	 -0.1052	 -0.2110	  1.0000	  1.0390
160.0000	 64.0000	 -0.1941	 -0.0447	  1.0000	  1.0230
192.0000	 64.0000	 -0.1825	  0.1166	  0.0000	  1.0652
224.0000	 64.0000	 -0.1670	  0.2456	  0.0000	  1.0863
256.0000	 64.0000	 -0.1514	  0.3047	  0.0000	  1.0712
288.0000	 64.0000	 -0.0946	  0.2605	  1.0000	  0.0000
320.0000	 64.0000	 -0.0320	  0.2022	  1.0000	  0.0000
352.0000	 64.0000	  0.0392	  0.1629	  1.0000	  1.0011
384.0000	 64.0000	  0.0969	  0.1514	  1.0000	  1.0006
416.0000	 64.0000	  0.1082	  0.1497	  0.0000	  1.0552
448.0000	 64.0000	  0.0382	  0.1720	  1.0000	  1.0445
480.0000	 64.0000	 -0.0865	  0.1895	  1.0000	  1.0073
512.0000	 64.0000	 -0.2356	  0.2156	  1.0000	  0.0000
544.0000	 64.0000	 -0.3606	  0.2485	  1.0000	  1.0011
576.0000	 64.0000	 -0.3931	  0.2851	  1.0000	  1.0048
608.0000	 64.0000	 -0.2807	  0.3250	  1.0000	  1.0004
640.0000	 64.0000	 -0.0645	  0.4423	  1.0000	  1.1912
672.0000	 64.0000	  0.2308	  0.6758	  0.0000	  1.1521
704.0000	 64.0000	  0.5502	  1.0408	  1.0000	  1.0658
736.0000	 64.0000	  0.7552	  1.2529	  1.0000	  1.0023
768.0000	 64.0000	  0.7794	  1.2106	  1.0000	  1.0009
800.0000	 64.0000	  0.5732	  0.8596	  1.0000	  1.0003
832.0000	 64.0000	  0.2260	  0.3656	  0.0000	  1.0602
864.0000	 64.0000	 -0.0023	  0.1073	  0.0000	  1.1581
896.0000	 64.0000	 -0.1211	  0.0595	  0.0000	  1.1474
928.0000	 64.0000	 -0.1951	  0.0918	  0.0000	  1.0772
960.0000	 64.0000	 -0.2372	  0.0794	  0.0000	  1.1175
992.0000	 64.0000	 -0.2321	  0.0156	  0.0000	  1.1177
1024.0000	 64.0000	 -0.2197	 -0.0196	  0.0000	  1.1229
 32.0000	 96.0000	 -0.1488	 -0.4296	  0.0000	  1.0331
 64.0000	 96.0000	 -0.0874	 -0.4358	  0.0000	  1.0567
 96.0000	 96.0000	 -0.0615	 -0.3758	  0.0000	  1.0196
128.0000	 96.0000	 -0.1462	 -0.2290	  0.0000	  1.2682
160.0000	 96.0000	 -0.1997	 -0.0687	  0.0000	  1.1883
192.0000	 96.0000	 -0.1871	  0.0862	  0.0000	  1.1330
224.0000	 96.0000	 -0.1847	  0.1972	  0.0000	  1.1076
256.0000	 96.0000	 -0.1655	  0.2302	  0.0000	  1.1011
288.0000	 96.0000	 -0.0949	  0.1883	  0.0000	  1.0679
320.0000	 96.0000	 -0.0397	  0.1395	  0.0000	  1.1032
352.0000	 96.0000	  0.0297	  0.1201	  0.0000	  1.0428
384.0000	 96.0000	  0.0930	  0.1289	  0.0000	  1.0094
416.0000	 96.0000	  0.1019	  0.1222	  1.0000	  0.0000
448.0000	 96.0000	  0.0541	  0.1255	  1.0000	  1.0018
480.0000	 96.0000	 -0.0459	  0.1292	  1.0000	  1.0015
512.0000	 96.0000	 -0.1767	  0.1396	  1.0000	  1.0017
544.0000	 96.0000	 -0.2963	  0.1570	  1.0000	  1.0033
576.0000	 96.0000	 -0.3497	  0.1775	  0.0000	  1.0097
608.0000	 96.0000	 -0.2504	  0.1484	  1.0000	  1.0123
640.0000	 96.0000	 -0.1211	  0.1766	  0.0000	  1.1802
672.0000	 96.0000	  0.0299	  0.3263	  0.0000	  1.1446
704.0000	 96.0000	  0.2336	  0.5973	  0.0000	  1.0798
736.0000	 96.0000	  0.4580	  0.8472	  1.0000	  1.0042
768.0000	 96.0000	  0.5076	  0.8129	  1.0000	  1.0068
800.0000	 96.0000	  0.3613	  0.4875	  0.0000	  1.0061
832.0000	 96.0000	  0.1542	  0.1169	  0.0000	  1.1385
864.0000	 96.0000	 -0.0171	 -0.0477	  0.0000	  1.1637
896.0000	 96.0000	 -0.1374	 -0.0455	  0.0000	  1.1403
928.0000	 96.0000	 -0.2270	 -0.0069	  0.0000	  1.0572
960.0000	 96.0000	 -0.2864	 -0.0083	  0.0000	  1.0591
992.0000	 96.0000	 -0.2650	 -0.0724	  0.0000	  1.1597
1024.0000	 96.0000	 -0.2425	 -0.1022	  0.0000	  1.1715
 32.0000	128.0000	 -0.1986	 -0.3737	  0.0000	  1.0349
 64.0000	128.0000	 -0.1379	 -0.3595	  0.0000	  1.0510
 96.0000	128.0000	 -0.1185	 -0.3144	  0.0000	  1.0290
128.0000	128.0000	 -0.2068	 -0.1949	  0.0000	  1.2528
160.0000	128.0000	 -0.2401	 -0.0575	  0.0000	  1.1788
192.0000	128.0000	 -0.2163	  0.0678	  0.0000	  1.0952
224.0000	128.0000	 -0.2070	  0.1432	  0.0000	  1.1005
256.0000	128.0000	 -0.1767	  0.1611	  0.0000	  1.0936
288.0000	128.0000	 -0.0931	  0.1244	  0.0000	  1.0638
320.0000	128.0000	 -0.0404	  0.0726	  0.0000	  1.1081
352.0000	128.0000	  0.0157	  0.0558	  0.0000	  1.0584
384.0000	128.0000	  0.0751	  0.0754	  1.0000	  0.0000
416.0000	128.0000	  0.1060	  0.0782	  1.0000	  1.0002
448.0000	128.0000	  0.0921	  0.0689	  1.0000	  1.0068
480.0000	128.0000	  0.0206	  0.0506	  1.0000	  1.0012
512.0000	128.0000	 -0.0909	  0.0310	  1.0000	  0.0000
544.0000	128.0000	 -0.1877	  0.0096	  1.0000	  1.0004
576.0000	128.0000	 -0.2108	 -0.0167	  0.0000	  1.0622
608.0000	128.0000	 -0.1698	 -0.0413	  0.0000	  1.1321
640.0000	128.0000	 -0.1393	 -0.0096	  0.0000	  1.1110
672.0000	128.0000	 -0.1081	  0.1141	  0.0000	  1.1349
704.0000	128.0000	 -0.0104	  0.3032	  0.0000	  1.1803
736.0000	128.0000	  0.1536	  0.4605	  1.0000	  0.0000
768.0000	128.0000	  0.2203	  0.4310	  1.0000	  0.0000
800.0000	128.0000	  0.1707	  0.2180	  1.0000	  1.0017
832.0000	128.0000	  0.0713	 -0.0389	  0.0000	  1.1389
864.0000	128.0000	 -0.0323	 -0.1454	  0.0000	  1.1322
896.0000	128.0000	 -0.1290	 -0.1153	  1.0000	  1.0004
928.0000	128.0000	 -0.1989	 -0.0732	  1.0000	  0.0000
960.0000	128.0000	 -0.2393	 -0.0697	  1.0000	  1.0110
992.0000	128.0000	 -0.2356	 -0.1215	  0.0000	  1.0984
1024.0000	128.0000	 -0.2236	 -0.1301	  0.0000	  1.1168
 32.0000	160.0000	 -0.3080	 -0.0983	  0.0000	  1.0471
 64.0000	160.0000	 -0.2397	 -0.1283	  0.0000	  1.0749
 96.0000	160.0000	 -0.1990	 -0.1539	  1.0000	  1.0158
128.0000	160.0000	 -0.2480	 -0.1078	  0.0000	  1.0939
160.0000	160.0000	 -0.2422	 -0.0121	  0.0000	  1.0744
192.0000	160.0000	 -0.2033	  0.0653	  0.0000	  1.0760
224.0000	160.0000	 -0.1943	  0.0992	  0.0000	  1.0941
256.0000	160.0000	 -0.1709	  0.0925	  0.0000	  1.0851
288.0000	160.0000	 -0.0866	  0.0569	  0.0000	  1.0621
320.0000	160.0000	 -0.0468	  0.0225	  1.0000	  0.0000
352.0000	160.0000	 -0.0071	  0.0149	  0.0000	  1.0305
384.0000	160.0000	  0.0569	  0.0504	  1.0000	  1.0010
416.0000	160.0000	  0.1173	  0.0497	  1.0000	  1.0029
448.0000	160.0000	  0.1453	  0.0190	  1.0000	  1.0005
480.0000	160.0000	  0.0990	 -0.0274	  1.0000	  0.0000
512.0000	160.0000	 -0.0137	 -0.0806	  1.0000	  0.0000
544.0000	160.0000	 -0.1148	 -0.1387	  1.0000	  1.0049
576.0000	160.0000	 -0.1495	 -0.1869	  0.0000	  1.0742
608.0000	160.0000	 -0.1279	 -0.1720	  0.0000	  1.1126
640.0000	160.0000	 -0.1328	 -0.1085	  0.0000	  1.1290
672.0000	160.0000	 -0.1587	  0.0156	  0.0000	  1.1604
704.0000	160.0000	 -0.1303	  0.1553	  0.0000	  1.2236
736.0000	160.0000	 -0.0384	  0.2238	  1.0000	  1.0078
768.0000	160.0000	  0.0116	  0.1878	  1.0000	  1.0050
800.0000	160.0000	  0.0031	  0.0638	  1.0000	  1.0041
832.0000	160.0000	 -0.0389	 -0.0735	  1.0000	  1.0040
864.0000	160.0000	 -0.0880	 -0.1330	  1.0000	  1.0140
896.0000	160.0000	 -0.1342	 -0.1131	  1.0000	  1.0020
928.0000	160.0000	 -0.1679	 -0.0730	  1.0000	  1.0080
960.0000	160.0000	 -0.1864	 -0.0388	  1.0000	  0.0000
992.0000	160.0000	 -0.1883	 -0.0205	  1.0000	  1.0076
1024.0000	160.0000	 -0.1847	  0.0105	  1.0000	  1.0027
 32.0000	192.0000	 -0.3194	  0.1047	  0.0000	  1.0339
 64.0000	192.0000	 -0.2363	  0.0432	  0.0000	  1.0544
 96.0000	192.0000	 -0.1542	 -0.0319	  0.0000	  1.1042
128.0000	192.0000	 -0.1276	 -0.0215	  0.0000	  1.1090
160.0000	192.0000	 -0.1028	  0.0467	  0.0000	  1.1358
192.0000	192.0000	 -0.1074	  0.0809	  0.0000	  1.1153
224.0000	192.0000	 -0.1324	  0.0721	  1.0000	  1.0048
256.0000	192.0000	 -0.1552	  0.0259	  0.0000	  1.0957
288.0000	192.0000	 -0.1096	 -0.0125	  0.0000	  1.1249
320.0000	192.0000	 -0.0677	 -0.0050	  0.0000	  1.1160
352.0000	192.0000	 -0.0455	  0.0526	  0.0000	  1.0624
384.0000	192.0000	  0.0294	  0.0865	  1.0000	  1.0002
416.0000	192.0000	  0.1205	  0.0541	  1.0000	  1.0076
448.0000	192.0000	  0.1985	 -0.0117	  0.0000	  1.0707
480.0000	192.0000	  0.1759	 -0.0828	  0.0000	  1.0792
512.0000	192.0000	  0.0450	 -0.1606	  1.0000	  1.0036
544.0000	192.0000	 -0.0755	 -0.2446	  0.0000	  1.0597
576.0000	192.0000	 -0.1345	 -0.2868	  0.0000	  1.0928
608.0000	192.0000	 -0.0938	 -0.2403	  0.0000	  1.1027
640.0000	192.0000	 -0.0885	 -0.1518	  0.0000	  1.1259
672.0000	192.0000	 -0.1278	 -0.0289	  0.0000	  1.1318
704.0000	192.0000	 -0.1372	  0.0791	  0.0000	  1.1029
736.0000	192.0000	 -0.1223	  0.0943	  1.0000	  0.0000
768.0000	192.0000	 -0.1189	  0.0507	  1.0000	  1.0016
800.0000	192.0000	 -0.1334	 -0.0248	  1.0000	  1.0080
832.0000	192.0000	 -0.1528	 -0.0891	  1.0000	  1.0024
864.0000	192.0000	 -0.1604	 -0.1091	  1.0000	  1.0112
896.0000	192.0000	 -0.1585	 -0.0869	  1.0000	  1.0022
928.0000	192.0000	 -0.1561	 -0.0476	  1.0000	  0.0000
960.0000	192.0000	 -0.1531	  0.0137	  1.0000	  0.0000
992.0000	192.0000	 -0.1536	  0.0983	  1.0000	  1.0006
1024.0000	192.0000	 -0.1533	  0.1966	  1.0000	  1.0027
 32.0000	224.0000	 -0.1869	  0.0614	  1.0000	  1.0043
 64.0000	224.0000	 -0.1285	  0.0430	  0.0000	  1.0176
 96.0000	224.0000	 -0.0621	 -0.0015	  0.0000	  1.1512
128.0000	224.0000	 -0.0036	  0.0163	  0.0000	  1.1546
160.0000	224.0000	  0.0344	  0.0762	  0.0000	  1.1180
192.0000	224.0000	  0.0015	  0.0940	  0.0000	  1.1467
224.0000	224.0000	 -0.0485	  0.0638	  0.0000	  1.1455
256.0000	224.0000	 -0.1001	 -0.0009	  0.0000	  1.1525
288.0000	224.0000	 -0.1073	 -0.0421	  0.0000	  1.1366
320.0000	224.0000	 -0.0853	 -0.0047	  0.0000	  1.1138
352.0000	224.0000	 -0.0646	  0.1088	  0.0000	  1.0252
384.0000	224.0000	 -0.0056	  0.1641	  0.0000	  1.0670
416.0000	224.0000	  0.0855	  0.0896	  0.0000	  1.1075
448.0000	224.0000	  0.1667	 -0.0091	  0.0000	  1.1329
480.0000	224.0000	  0.1640	 -0.0878	  0.0000	  1.1284
512.0000	224.0000	  0.0586	 -0.1714	  1.0000	  1.0015
544.0000	224.0000	 -0.0508	 -0.2621	  0.0000	  1.0570
576.0000	224.0000	 -0.1162	 -0.3049	  0.0000	  1.0453
608.0000	224.0000	 -0.0193	 -0.2431	  0.0000	  1.0611
640.0000	224.0000	  0.0071	 -0.1458	  0.0000	  1.0621
672.0000	224.0000	 -0.0442	 -0.0398	  1.0000	  0.0000
704.0000	224.0000	 -0.0776	  0.0228	  0.0000	  1.0759
736.0000	224.0000	 -0.1410	  0.0084	  1.0000	  1.0033
768.0000	224.0000	 -0.1964	 -0.0427	  1.0000	  1.0015
800.0000	224.0000	 -0.2440	 -0.0976	  1.0000	  1.0005
832.0000	224.0000	 -0.2703	 -0.1243	  1.0000	  1.0022
864.0000	224.0000	 -0.2491	 -0.1124	  1.0000	  1.0027
896.0000	224.0000	 -0.2056	 -0.0776	  1.0000	  1.0018
928.0000	224.0000	 -0.1793	 -0.0463	  1.0000	  1.0002
960.0000	224.0000	 -0.1624	  0.0184	  0.0000	  1.1066
992.0000	224.0000	 -0.1661	  0.1509	  0.0000	  1.1055
1024.0000	224.0000	 -0.1697	  0.3399	  0.0000	  1.0351
 32.0000	256.0000	 -0.0833	 -0.1122	  1.0000	  1.0011
 64.0000	256.0000	 -0.0350	 -0.0975	  1.0000	  1.0006
 96.0000	256.0000	  0.0323	 -0.0720	  0.0000	  1.1340
128.0000	256.0000	  0.1123	 -0.0186	  0.0000	  1.1409
160.0000	256.0000	  0.1350	  0.0468	  0.0000	  1.0347
192.0000	256.0000	  0.0645	  0.0655	  0.0000	  1.1246
224.0000	256.0000	 -0.0040	  0.0297	  0.0000	  1.1542
256.0000	256.0000	 -0.0644	 -0.0295	  0.0000	  1.1328
288.0000	256.0000	 -0.1076	 -0.0570	  0.0000	  1.1047
320.0000	256.0000	 -0.1161	  0.0089	  0.0000	  1.0977
352.0000	256.0000	 -0.1008	  0.1495	  0.0000	  1.0993
384.0000	256.0000	 -0.0380	  0.2154	  0.0000	  1.0579
416.0000	256.0000	  0.0385	  0.1344	  0.0000	  1.1152
448.0000	256.0000	  0.1075	  0.0275	  0.0000	  1.1175
480.0000	256.0000	  0.1229	 -0.0416	  0.0000	  1.1005
512.0000	256.0000	  0.0638	 -0.0944	  1.0000	  1.0109
544.0000	256.0000	  0.0040	 -0.1415	  1.0000	  1.0040
576.0000	256.0000	 -0.0123	 -0.1676	  1.0000	  1.0091
608.0000	256.0000	  0.0550	 -0.1449	  0.0000	  1.0810
640.0000	256.0000	  0.0616	 -0.0828	  0.0000	  1.0866
672.0000	256.0000	 -0.0116	 -0.0213	  0.0000	  1.0404
704.0000	256.0000	 -0.0748	 -0.0169	  1.0000	  0.0000
736.0000	256.0000	 -0.1600	 -0.0573	  1.0000	  1.0000
768.0000	256.0000	 -0.2456	 -0.1193	  1.0000	  1.0005
800.0000	256.0000	 -0.3226	 -0.1724	  1.0000	  1.0006
832.0000	256.0000	 -0.3730	 -0.1865	  0.0000	  1.0175
864.0000	256.0000	 -0.3307	 -0.1469	  0.0000	  1.0409
896.0000	256.0000	 -0.2516	 -0.0941	  0.0000	  1.0384
928.0000	256.0000	 -0.2300	 -0.0922	  1.0000	  0.0000
960.0000	256.0000	 -0.2316	 -0.0611	  1.0000	  1.1252
992.0000	256.0000	 -0.2517	  0.0248	  0.0000	  1.1302
1024.0000	256.0000	 -0.2653	  0.1735	  0.0000	  1.0423
 32.0000	288.0000	 -0.0299	 -0.3461	  1.0000	  1.0002
 64.0000	288.0000	  0.0184	 -0.2997	  1.0000	  1.0002
 96.0000	288.0000	  0.1001	 -0.2188	  1.0000	  1.0005
128.0000	288.0000	  0.2016	 -0.1137	  0.0000	  1.0204
160.0000	288.0000	  0.1571	 -0.0095	  0.0000	  1.0129
192.0000	288.0000	  0.0452	  0.0186	  0.0000	  1.0403
224.0000	288.0000	 -0.0353	 -0.0185	  0.0000	  1.1100
256.0000	288.0000	 -0.0989	 -0.0569	  0.0000	  1.1313
288.0000	288.0000	 -0.1518	 -0.0539	  0.0000	  1.0917
320.0000	288.0000	 -0.1738	  0.0318	  0.0000	  1.0582
352.0000	288.0000	 -0.1560	  0.1845	  0.0000	  1.0627
384.0000	288.0000	 -0.0770	  0.2505	  0.0000	  1.0699
416.0000	288.0000	 -0.0003	  0.1972	  0.0000	  1.0836
448.0000	288.0000	  0.0615	  0.0960	  0.0000	  1.0342
480.0000	288.0000	  0.0884	  0.0412	  0.0000	  1.0484
512.0000	288.0000	  0.0584	  0.0296	  1.0000	  1.0007
544.0000	288.0000	  0.0278	  0.0268	  1.0000	  0.0000
576.0000	288.0000	  0.0253	  0.0109	  1.0000	  1.0059
608.0000	288.0000	  0.0493	  0.0043	  1.0000	  0.0000
640.0000	288.0000	  0.0365	  0.0073	  1.0000	  1.0014
672.0000	288.0000	 -0.0263	  0.0007	  1.0000	  1.0011
704.0000	288.0000	 -0.1010	 -0.0366	  1.0000	  1.0052
736.0000	288.0000	 -0.1818	 -0.0945	  1.0000	  1.0036
768.0000	288.0000	 -0.2556	 -0.1605	  1.0000	  0.0000
800.0000	288.0000	 -0.3147	 -0.2165	  1.0000	  1.0077
832.0000	288.0000	 -0.3463	 -0.2498	  0.0000	  1.0241
864.0000	288.0000	 -0.3136	 -0.1923	  0.0000	  1.0468
896.0000	288.0000	 -0.2430	 -0.1402	  0.0000	  1.0668
928.0000	288.0000	 -0.2337	 -0.1531	  0.0000	  1.0123
960.0000	288.0000	 -0.2680	 -0.1821	  1.0000	  1.0047
992.0000	288.0000	 -0.3292	 -0.1945	  1.0000	  1.0022
1024.0000	288.0000	 -0.3741	 -0.1654	  1.0000	  1.0016
 32.0000	320.0000	 -0.0454	 -0.5778	  1.0000	  1.0068
 64.0000	320.0000	 -0.0080	 -0.5019	  1.0000	  1.0011
 96.0000	320.0000	  0.0437	 -0.3744	  1.0000	  0.0000
128.0000	320.0000	  0.0774	 -0.2186	  1.0000	  0.0000
160.0000	320.0000	  0.0161	 -0.0728	  0.0000	  1.0805
192.0000	320.0000	 -0.0786	 -0.0193	  0.0000	  1.1001
224.0000	320.0000	 -0.1525	 -0.0406	  0.0000	  1.1213
256.0000	320.0000	 -0.2037	 -0.0617	  0.0000	  1.1933
288.0000	320.0000	 -0.2410	 -0.0423	  0.0000	  1.2102
320.0000	320.0000	 -0.2532	  0.0370	  0.0000	  1.0949
352.0000	320.0000	 -0.2152	  0.1731	  0.0000	  1.0248
384.0000	320.0000	 -0.1133	  0.2560	  0.0000	  1.1048
416.0000	320.0000	 -0.0278	  0.2417	  0.0000	  1.0813
448.0000	320.0000	  0.0185	  0.1804	  1.0000	  1.0065
480.0000	320.0000	  0.0266	  0.1541	  1.0000	  0.0000
512.0000	320.0000	 -0.0059	  0.1705	  1.0000	  0.0000
544.0000	320.0000	 -0.0517	  0.2051	  0.0000	  1.0746
576.0000	320.0000	 -0.0772	  0.1876	  1.0000	  1.0899
608.0000	320.0000	 -0.0953	  0.1518	  1.0000	  1.0105
640.0000	320.0000	 -0.1375	  0.1046	  1.0000	  1.0045
672.0000	320.0000	 -0.2011	  0.0456	  1.0000	  0.0000
704.0000	320.0000	 -0.2472	 -0.0155	  1.0000	  1.0019
736.0000	320.0000	 -0.2537	 -0.0594	  1.0000	  1.0006
768.0000	320.0000	 -0.2204	 -0.0806	  1.0000	  1.0026
800.0000	320.0000	 -0.1566	 -0.0723	  1.0000	  1.0042
832.0000	320.0000	 -0.0771	 -0.0377	  1.0000	  1.0005
864.0000	320.0000	 -0.0037	  0.0219	  1.0000	  1.0047
896.0000	320.0000	  0.0366	  0.0414	  1.0000	  1.0071
928.0000	320.0000	  0.0095	 -0.0127	  0.0000	  1.0003
960.0000	320.0000	 -0.0733	 -0.1273	  0.0000	  1.0000
992.0000	320.0000	 -0.2077	 -0.2648	  1.0000	  1.0748
1024.0000	320.0000	 -0.3037	 -0.3403	  0.0000	  1.0454
 32.0000	352.0000	 -0.1142	 -0.7310	  1.0000	  1.0403
 64.0000	352.0000	 -0.0860	 -0.6314	  1.0000	  1.0051
 96.0000	352.0000	 -0.0519	 -0.4736	  1.0000	  1.0120
128.0000	352.0000	 -0.0443	 -0.2863	  1.0000	  1.0012
160.0000	352.0000	 -0.0977	 -0.1034	  0.0000	  1.1057
192.0000	352.0000	 -0.1887	 -0.0408	  0.0000	  1.1154
224.0000	352.0000	 -0.2728	 -0.0466	  0.0000	  1.1007
256.0000	352.0000	 -0.3199	 -0.0444	  0.0000	  1.2415
288.0000	352.0000	 -0.3324	 -0.0177	  0.0000	  1.3453
320.0000	352.0000	 -0.3030	  0.0254	  0.0000	  1.0850
352.0000	352.0000	 -0.2175	  0.1120	  0.0000	  1.0647
384.0000	352.0000	 -0.1221	  0.1921	  0.0000	  1.0523
416.0000	352.0000	 -0.0738	  0.2154	  1.0000	  1.0238
448.0000	352.0000	 -0.0864	  0.2138	  1.0000	  1.0008
480.0000	352.0000	 -0.1567	  0.2281	  1.0000	  1.0001
512.0000	352.0000	 -0.2719	  0.2654	  1.0000	  1.0020
544.0000	352.0000	 -0.4071	  0.3087	  1.0000	  1.0720
576.0000	352.0000	 -0.5318	  0.3185	  0.0000	  1.0816
608.0000	352.0000	 -0.6235	  0.2706	  1.0000	  1.0047
640.0000	352.0000	 -0.7096	  0.1964	  1.0000	  1.0008
672.0000	352.0000	 -0.7607	  0.1146	  1.0000	  1.0035
704.0000	352.0000	 -0.6944	  0.0682	  1.0000	  1.0010
736.0000	352.0000	 -0.4784	  0.1043	  1.0000	  1.0026
768.0000	352.0000	 -0.1499	  0.2177	  1.0000	  1.0035
800.0000	352.0000	  0.2320	  0.3879	  1.0000	  0.0000
832.0000	352.0000	  0.5909	  0.5765	  1.0000	  1.0084
864.0000	352.0000	  0.8235	  0.7217	  1.0000	  1.0111
896.0000	352.0000	  0.8956	  0.7507	  1.0000	  1.0063
928.0000	352.0000	  0.8340	  0.6545	  1.0000	  1.0010
960.0000	352.0000	  0.6798	  0.4543	  1.0000	  1.0038
992.0000	352.0000	  0.4676	  0.1934	  0.0000	  1.0489
1024.0000	352.0000	  0.3461	  0.0521	  0.0000	  1.0448
 32.0000	384.0000	 -0.2188	 -0.6413	  1.0000	  1.0599
 64.0000	384.0000	 -0.1950	 -0.5421	  1.0000	  1.0001
 96.0000	384.0000	 -0.1509	 -0.3986	  1.0000	  1.0004
128.0000	384.0000	 -0.1313	 -0.2387	  1.0000	  1.0151
160.0000	384.0000	 -0.1620	 -0.0835	  0.0000	  1.0803
192.0000	384.0000	 -0.2481	 -0.0325	  0.0000	  1.1062
224.0000	384.0000	 -0.3371	 -0.0265	  0.0000	  1.0686
256.0000	384.0000	 -0.4008	  0.0047	  0.0000	  1.0469
288.0000	384.0000	 -0.4004	  0.0406	  0.0000	  1.0443
320.0000	384.0000	 -0.3173	  0.0270	  0.0000	  1.0461
352.0000	384.0000	 -0.1989	  0.0583	  0.0000	  1.0885
384.0000	384.0000	 -0.1436	  0.1164	  0.0000	  1.0780
416.0000	384.0000	 -0.1998	  0.1658	  1.0000	  1.0010
448.0000	384.0000	 -0.3780	  0.2098	  1.0000	  1.0049
480.0000	384.0000	 -0.6592	  0.2613	  1.0000	  1.0010
512.0000	384.0000	 -1.0032	  0.3196	  1.0000	  0.0000
544.0000	384.0000	 -1.3607	  0.3696	  1.0000	  1.0016
576.0000	384.0000	 -1.6673	  0.3851	  1.0000	  0.0000
608.0000	384.0000	 -1.8869	  0.3482	  1.0000	  1.0005
640.0000	384.0000	 -2.0153	  0.2745	  1.0000	  1.0161
672.0000	384.0000	 -1.9962	  0.2038	  1.0000	  1.0067
704.0000	384.0000	 -1.6679	  0.2182	  1.0000	  1.0013
736.0000	384.0000	 -1.0120	  0.4078	  1.0000	  1.0012
768.0000	384.0000	 -0.1337	  0.7552	  1.0000	  1.0033
800.0000	384.0000	  0.8253	  1.1984	  1.0000	  1.0024
832.0000	384.0000	  1.6949	  1.6502	  1.0000	  1.0102
864.0000	384.0000	  2.2421	  1.9893	  1.0000	  1.0089
896.0000	384.0000	  2.4448	  2.1114	  1.0000	  1.0095
928.0000	384.0000	  2.4076	  2.0376	  1.0000	  1.0012
960.0000	384.0000	  2.2422	  1.8379	  1.0000	  1.0048
992.0000	384.0000	  2.0408	  1.6006	  1.0000	  1.0079
1024.0000	384.0000	  1.9083	  1.4477	  1.0000	  0.0000
 32.0000	416.0000	 -0.3200	 -0.2972	  1.0000	  1.0007
 64.0000	416.0000	 -0.3044	 -0.2239	  1.0000	  1.0009
 96.0000	416.0000	 -0.2235	 -0.1512	  1.0000	  1.0004
128.0000	416.0000	 -0.1718	 -0.0786	  1.0000	  1.0043
160.0000	416.0000	 -0.1821	 -0.0007	  0.0000	  1.0031
192.0000	416.0000	 -0.2670	  0.0231	  0.0000	  1.0256
224.0000	416.0000	 -0.3345	  0.0269	  0.0000	  1.0354
256.0000	416.0000	 -0.3848	  0.0549	  0.0000	  1.0504
288.0000	416.0000	 -0.3727	  0.0731	  0.0000	  1.0464
320.0000	416.0000	 -0.2691	  0.0316	  1.0000	  1.0058
352.0000	416.0000	 -0.1786	  0.0217	  1.0000	  1.0062
384.0000	416.0000	 -0.2138	  0.0501	  1.0000	  1.0083
416.0000	416.0000	 -0.4787	  0.1066	  1.0000	  1.0038
448.0000	416.0000	 -0.9754	  0.1785	  1.0000	  1.0018
480.0000	416.0000	 -1.6419	  0.2592	  1.0000	  0.0000
512.0000	416.0000	 -2.3841	  0.3391	  1.0000	  0.0000
544.0000	416.0000	 -3.0988	  0.4009	  1.0000	  1.0012
576.0000	416.0000	 -3.6559	  0.4232	  1.0000	  1.0031
608.0000	416.0000	 -3.9821	  0.3948	  1.0000	  1.0090
640.0000	416.0000	 -4.0489	  0.3298	  1.0000	  1.0033
672.0000	416.0000	 -3.7834	  0.2854	  1.0000	  1.0011
704.0000	416.0000	 -3.0025	  0.3775	  1.0000	  1.0132
736.0000	416.0000	 -1.7546	  0.7237	  1.0000	  1.0018
768.0000	416.0000	 -0.1711	  1.3347	  1.0000	  1.0059
800.0000	416.0000	  1.5113	  2.1146	  1.0000	  1.0053
832.0000	416.0000	  3.0111	  2.9207	  1.0000	  1.0262
864.0000	416.0000	  3.9983	  3.5713	  1.0000	  1.0137
896.0000	416.0000	  4.4784	  3.9298	  1.0000	  1.0053
928.0000	416.0000	  4.5942	  4.0081	  1.0000	  1.0039
960.0000	416.0000	  4.5083	  3.9034	  1.0000	  1.0081
992.0000	416.0000	  4.3540	  3.7323	  1.0000	  0.0000
1024.0000	416.0000	  4.2313	  3.5987	  1.0000	  1.0057
 32.0000	448.0000	 -0.3795	  0.2493	  1.0000	  1.0031
 64.0000	448.0000	 -0.3976	  0.2582	  0.0000	  1.0044
 96.0000	448.0000	 -0.2633	  0.1680	  0.0000	  1.0891
128.0000	448.0000	 -0.1814	  0.1353	  0.0000	  1.1145
160.0000	448.0000	 -0.1825	  0.1547	  0.0000	  1.0717
192.0000	448.0000	 -0.2619	  0.1470	  1.0000	  1.0020
224.0000	448.0000	 -0.3105	  0.1069	  1.0000	  1.0054
256.0000	448.0000	 -0.3130	  0.0801	  1.0000	  1.0178
288.0000	448.0000	 -0.2647	  0.0438	  1.0000	  1.0028
320.0000	448.0000	 -0.1801	 -0.0145	  1.0000	  0.0000
352.0000	448.0000	 -0.1535	 -0.0405	  1.0000	  1.0031
384.0000	448.0000	 -0.3475	 -0.0236	  1.0000	  1.0048
416.0000	448.0000	 -0.9469	  0.0401	  1.0000	  1.0075
448.0000	448.0000	 -1.9173	  0.1319	  1.0000	  1.0006
480.0000	448.0000	 -3.1226	  0.2360	  1.0000	  1.0069
512.0000	448.0000	 -4.3866	  0.3358	  1.0000	  1.0078
544.0000	448.0000	 -5.5294	  0.4114	  1.0000	  1.0068
576.0000	448.0000	 -6.3460	  0.4410	  1.0000	  1.0004
608.0000	448.0000	 -6.7065	  0.4165	  1.0000	  1.0000
640.0000	448.0000	 -6.5719	  0.3577	  1.0000	  1.0062
672.0000	448.0000	 -5.8805	  0.3405	  1.0000	  1.0032
704.0000	448.0000	 -4.4912	  0.5105	  1.0000	  1.0011
736.0000	448.0000	 -2.6112	  0.9681	  1.0000	  1.0016
768.0000	448.0000	 -0.2934	  1.8147	  1.0000	  0.0000
800.0000	448.0000	  2.1308	  2.9316	  1.0000	  1.0073
832.0000	448.0000	  4.2746	  4.1220	  1.0000	  1.0032
864.0000	448.0000	  5.7494	  5.1492	  1.0000	  1.0058
896.0000	448.0000	  6.6402	  5.8782	  1.0000	  1.0012
928.0000	448.0000	  7.0607	  6.2567	  1.0000	  1.0105
960.0000	448.0000	  7.1748	  6.3623	  1.0000	  1.0042
992.0000	448.0000	  7.1354	  6.3192	  1.0000	  1.0014
1024.0000	448.0000	  7.0586	  6.2401	  1.0000	  1.0020
 32.0000	480.0000	 -0.3193	  0.8149	  1.0000	  1.0105
 64.0000	480.0000	 -0.3317	  0.6385	  0.0000	  1.0102
 96.0000	480.0000	 -0.2673	  0.3617	  0.0000	  1.0979
128.0000	480.0000	 -0.2253	  0.2114	  0.0000	  1.0879
160.0000	480.0000	 -0.2472	  0.1936	  0.0000	  1.0565
192.0000	480.0000	 -0.3036	  0.2021	  0.0000	  1.0032
224.0000	480.0000	 -0.3152	  0.1085	  0.0000	  1.0748
256.0000	480.0000	 -0.2619	  0.0392	  0.0000	  1.1068
288.0000	480.0000	 -0.1730	 -0.0308	  0.0000	  1.1008
320.0000	480.0000	 -0.0966	 -0.1048	  1.0000	  1.0021
352.0000	480.0000	 -0.1438	 -0.1283	  1.0000	  0.0000
384.0000	480.0000	 -0.5412	 -0.1065	  1.0000	  1.0053
416.0000	480.0000	 -1.5621	 -0.0311	  1.0000	  1.0004
448.0000	480.0000	 -3.0929	  0.0783	  1.0000	  1.0172
480.0000	480.0000	 -4.8956	  0.2017	  1.0000	  1.0033
512.0000	480.0000	 -6.6942	  0.3187	  1.0000	  1.0001
544.0000	480.0000	 -8.2236	  0.4061	  1.0000	  1.0013
576.0000	480.0000	 -9.2686	  0.4415	  1.0000	  0.0000
608.0000	480.0000	 -9.5949	  0.4143	  1.0000	  1.0007
640.0000	480.0000	 -9.1711	  0.3478	  1.0000	  0.0000
672.0000	480.0000	 -7.9850	  0.3257	  1.0000	  1.0076
704.0000	480.0000	 -6.0343	  0.5109	  1.0000	  1.0021
736.0000	480.0000	 -3.5255	  1.0498	  1.0000	  1.0150
768.0000	480.0000	 -0.5288	  2.0816	  1.0000	  1.0041
800.0000	480.0000	  2.5487	  3.4844	  1.0000	  0.0000
832.0000	480.0000	  5.2528	  5.0241	  1.0000	  0.0000
864.0000	480.0000	  7.1590	  6.4084	  1.0000	  0.0000
896.0000	480.0000	  8.5187	  7.5712	  1.0000	  1.0057
928.0000	480.0000	  9.3461	  8.3481	  1.0000	  1.0005
960.0000	480.0000	  9.7594	  8.7545	  1.0000	  1.0070
992.0000	480.0000	  9.9017	  8.8976	  1.0000	  0.0000
1024.0000	480.0000	  9.9049	  8.9021	  1.0000	  1.0017
 32.0000	512.0000	 -0.2239	  1.2867	  0.0000	  1.0146
 64.0000	512.0000	 -0.2549	  0.8498	  1.0000	  1.0221
 96.0000	512.0000	 -0.2604	  0.4181	  0.0000	  1.0663
128.0000	512.0000	 -0.2644	  0.1605	  0.0000	  1.0727
160.0000	512.0000	 -0.3110	  0.0951	  0.0000	  1.0742
192.0000	512.0000	 -0.3625	  0.0620	  0.0000	  1.0774
224.0000	512.0000	 -0.3680	 -0.0759	  0.0000	  1.0468
256.0000	512.0000	 -0.2901	 -0.1415	  0.0000	  1.1080
288.0000	512.0000	 -0.1564	 -0.1916	  0.0000	  1.1032
320.0000	512.0000	 -0.0506	 -0.2360	  0.0000	  1.0566
352.0000	512.0000	 -0.1598	 -0.2282	  1.0000	  1.0028
384.0000	512.0000	 -0.7625	 -0.1899	  1.0000	  1.0027
416.0000	512.0000	 -2.2144	 -0.0997	  1.0000	  1.0074
448.0000	512.0000	 -4.3018	  0.0258	  1.0000	  1.0040
480.0000	512.0000	 -6.6701	  0.1651	  1.0000	  1.0017
512.0000	512.0000	 -8.9269	  0.2949	  1.0000	  1.0040
544.0000	512.0000	-10.7015	  0.3885	  1.0000	  0.0000
576.0000	512.0000	-11.9495	  0.4282	  1.0000	  1.0191
608.0000	512.0000	-12.1860	  0.3914	  1.0000	  1.0010
640.0000	512.0000	-11.4415	  0.3014	  1.0000	  0.0000
672.0000	512.0000	 -9.7612	  0.2379	  1.0000	  1.0055
704.0000	512.0000	 -7.4378	  0.3600	  1.0000	  1.0024
736.0000	512.0000	 -4.3744	  0.9228	  1.0000	  1.0102
768.0000	512.0000	 -0.8600	  2.0477	  1.0000	  1.0047
800.0000	512.0000	  2.6793	  3.6426	  1.0000	  1.0013
832.0000	512.0000	  5.8182	  5.4846	  1.0000	  0.0000
864.0000	512.0000	  8.1739	  7.2653	  1.0000	  1.0020
896.0000	512.0000	  9.8287	  8.7321	  1.0000	  1.0013
928.0000	512.0000	 11.0502	  9.9054	  1.0000	  1.0040
960.0000	512.0000	 11.8109	 10.6572	  1.0000	  1.0023
992.0000	512.0000	 12.1813	 11.0265	  1.0000	  1.0034
1024.0000	512.0000	 12.2954	 11.1410	  1.0000	  1.0096
 32.0000	544.0000	 -0.1827	  1.3158	  0.0000	  1.0152
 64.0000	544.0000	 -0.2016	  0.8391	  1.0000	  1.0359
 96.0000	544.0000	 -0.2279	  0.4155	  1.0000	  1.0014
128.0000	544.0000	 -0.2701	  0.1075	  0.0000	  1.0068
160.0000	544.0000	 -0.3532	  0.0280	  0.0000	  1.0817
192.0000	544.0000	 -0.4243	 -0.0405	  0.0000	  1.0772
224.0000	544.0000	 -0.4376	 -0.1825	  0.0000	  1.0471
256.0000	544.0000	 -0.3544	 -0.2516	  0.0000	  1.0943
288.0000	544.0000	 -0.1896	 -0.2851	  0.0000	  1.1082
320.0000	544.0000	 -0.0690	 -0.3024	  1.0000	  1.0675
352.0000	544.0000	 -0.2067	 -0.2940	  1.0000	  1.0113
384.0000	544.0000	 -0.9756	 -0.2534	  1.0000	  0.0000
416.0000	544.0000	 -2.7993	 -0.1547	  1.0000	  1.0024
448.0000	544.0000	 -5.3612	 -0.0174	  1.0000	  1.0094
480.0000	544.0000	 -8.2074	  0.1347	  1.0000	  1.0048
512.0000	544.0000	-10.8617	  0.2766	  1.0000	  1.0048
544.0000	544.0000	-12.8516	  0.3776	  1.0000	  1.0016
576.0000	544.0000	-14.0874	  0.4133	  1.0000	  1.0048
608.0000	544.0000	-14.1038	  0.3594	  1.0000	  1.0080
640.0000	544.0000	-13.0885	  0.2374	  1.0000	  1.0080
672.0000	544.0000	-11.0970	  0.1160	  1.0000	  1.0018
704.0000	544.0000	 -8.3239	  0.1611	  1.0000	  0.0000
736.0000	544.0000	 -4.9036	  0.6504	  1.0000	  1.0068
768.0000	544.0000	 -1.1528	  1.7504	  1.0000	  1.0007
800.0000	544.0000	  2.5575	  3.4155	  1.0000	  1.0067
832.0000	544.0000	  5.8913	  5.4496	  1.0000	  1.0126
864.0000	544.0000	  8.5887	  7.5724	  1.0000	  0.0000
896.0000	544.0000	 10.6273	  9.4291	  1.0000	  1.0083
928.0000	544.0000	 12.0934	 10.8580	  1.0000	  1.0064
960.0000	544.0000	 13.1658	 11.9175	  1.0000	  1.0081
992.0000	544.0000	 13.7544	 12.4997	  1.0000	  1.0144
1024.0000	544.0000	 13.9813	 12.7238	  1.0000	  1.0008
 32.0000	576.0000	 -0.1460	  1.0456	  1.0000	  1.0072
 64.0000	576.0000	 -0.1635	  0.6480	  0.0000	  1.0025
 96.0000	576.0000	 -0.2063	  0.3164	  1.0000	  1.0058
128.0000	576.0000	 -0.2893	  0.0798	  1.0000	  1.0056
160.0000	576.0000	 -0.4066	  0.0050	  0.0000	  1.0103
192.0000	576.0000	 -0.4955	 -0.0859	  0.0000	  1.0337
224.0000	576.0000	 -0.4796	 -0.1964	  1.0000	  1.0018
256.0000	576.0000	 -0.3769	 -0.2722	  1.0000	  0.0000
288.0000	576.0000	 -0.2104	 -0.3164	  1.0000	  1.0018
320.0000	576.0000	 -0.0887	 -0.3351	  1.0000	  1.0016
352.0000	576.0000	 -0.2511	 -0.3321	  1.0000	  0.0000
384.0000	576.0000	 -1.1398	 -0.2937	  1.0000	  0.0000
416.0000	576.0000	 -3.2317	 -0.1909	  1.0000	  1.0008
448.0000	576.0000	 -6.1294	 -0.0456	  1.0000	  1.0016
480.0000	576.0000	 -9.3202	  0.1165	  1.0000	  1.0123
512.0000	576.0000	-12.3026	  0.2699	  1.0000	  0.0000
544.0000	576.0000	-14.5365	  0.3808	  1.0000	  1.0141
576.0000	576.0000	-15.5445	  0.4063	  1.0000	  1.0017
608.0000	576.0000	-15.2352	  0.3341	  1.0000	  1.0036
640.0000	576.0000	-14.0134	  0.1897	  1.0000	  1.0142
672.0000	576.0000	-11.7968	  0.0274	  1.0000	  1.0004
704.0000	576.0000	 -8.7656	  0.0110	  1.0000	  1.0051
736.0000	576.0000	 -5.1813	  0.4234	  1.0000	  1.0120
768.0000	576.0000	 -1.3701	  1.4741	  1.0000	  1.0041
800.0000	576.0000	  2.3564	  3.1549	  1.0000	  0.0000
832.0000	576.0000	  5.7524	  5.2624	  1.0000	  1.0016
864.0000	576.0000	  8.6418	  7.5804	  1.0000	  1.0023
896.0000	576.0000	 10.9660	  9.7213	  1.0000	  1.0060
928.0000	576.0000	 12.7006	 11.4154	  1.0000	  1.0091
960.0000	576.0000	 13.9237	 12.6258	  1.0000	  1.0034
992.0000	576.0000	 14.6339	 13.3271	  1.0000	  1.0073
1024.0000	576.0000	 14.9326	 13.6206	  1.0000	  1.0005
 32.0000	608.0000	 -0.1285	  0.8710	  1.0000	  1.0757
 64.0000	608.0000	 -0.1442	  0.5407	  1.0000	  1.0005
 96.0000	608.0000	 -0.1878	  0.1669	  0.0000	  1.0230
128.0000	608.0000	 -0.2940	 -0.0503	  0.0000	  1.1007
160.0000	608.0000	 -0.4372	 -0.1060	  0.0000	  1.1077
192.0000	608.0000	 -0.5512	 -0.1355	  0.0000	  1.0067
224.0000	608.0000	 -0.5121	 -0.2027	  1.0000	  1.0084
256.0000	608.0000	 -0.3938	 -0.2705	  1.0000	  0.0000
288.0000	608.0000	 -0.2240	 -0.3199	  1.0000	  0.0000
320.0000	608.0000	 -0.1022	 -0.3446	  1.0000	  1.0160
352.0000	608.0000	 -0.2792	 -0.3472	  1.0000	  0.0000
384.0000	608.0000	 -1.2320	 -0.3118	  1.0000	  1.0041
416.0000	608.0000	 -3.4657	 -0.2082	  1.0000	  0.0000
448.0000	608.0000	 -6.5297	 -0.0591	  1.0000	  1.0006
480.0000	608.0000	 -9.8844	  0.1084	  1.0000	  0.0000
512.0000	608.0000	-13.0218	  0.2682	  1.0000	  0.0000
544.0000	608.0000	-15.3588	  0.3837	  1.0000	  1.0047
576.0000	608.0000	-16.2900	  0.4043	  1.0000	  1.0038
608.0000	608.0000	-15.9201	  0.3231	  0.0000	  1.0132
640.0000	608.0000	-14.4505	  0.1671	  1.0000	  1.0012
672.0000	608.0000	-12.0637	 -0.0153	  1.0000	  1.0002
704.0000	608.0000	 -8.9160	 -0.0640	  1.0000	  1.0001
736.0000	608.0000	 -5.2861	  0.3061	  1.0000	  1.0291
768.0000	608.0000	 -1.4882	  1.3352	  1.0000	  1.0030
800.0000	608.0000	  2.2037	  3.0391	  1.0000	  1.0057
832.0000	608.0000	  5.6032	  5.1260	  1.0000	  1.0022
864.0000	608.0000	  8.5668	  7.5032	  1.0000	  1.0034
896.0000	608.0000	 11.0241	  9.7694	  1.0000	  1.0069
928.0000	608.0000	 12.8928	 11.5925	  1.0000	  1.0021
960.0000	608.0000	 14.1931	 12.8787	  1.0000	  1.0008
992.0000	608.0000	 14.9583	 13.6336	  1.0000	  1.0036
1024.0000	608.0000	 15.2879	 13.9569	  1.0000	  1.0053
