 32.0000	 32.0000	  0.3685	  0.2425	  1.0000	  1.0020
 64.0000	 32.0000	  0.3377	  0.2619	  1.0000	  1.0010
 96.0000	 32.0000	  0.2908	  0.2638	  1.0000	  1.0007
128.0000	 32.0000	  0.2551	  0.2471	  1.0000	  1.0004
160.0000	 32.0000	  0.2380	  0.2224	  1.0000	  1.0006
192.0000	 32.0000	  0.2262	  0.2070	  0.0000	  1.0163
224.0000	 32.0000	  0.1352	  0.1971	  0.0000	  1.0236
256.0000	 32.0000	  0.1235	  0.1611	  1.0000	  1.0014
288.0000	 32.0000	  0.2160	  0.1353	  1.0000	  1.0003
320.0000	 32.0000	  0.4224	  0.1516	  1.0000	  0.0000
352.0000	 32.0000	  0.7158	  0.1915	  1.0000	  1.0013
384.0000	 32.0000	  1.0429	  0.2183	  1.0000	  1.0025
416.0000	 32.0000	  1.2788	  0.2117	  1.0000	  1.0016
448.0000	 32.0000	  1.3665	  0.1656	  1.0000	  1.0016
480.0000	 32.0000	  1.3386	  0.0878	  1.0000	  1.0019
512.0000	 32.0000	  1.1447	  0.0055	  1.0000	  1.0006
544.0000	 32.0000	  0.8411	 -0.0397	  1.0000	  0.0000
576.0000	 32.0000	  0.5467	 -0.0275	  1.0000	  1.0019
608.0000	 32.0000	  0.3320	  0.0575	  1.0000	  1.0016
640.0000	 32.0000	  0.1925	  0.1686	  1.0000	  1.0016
672.0000	 32.0000	  0.0956	  0.2592	  1.0000	  1.0001
704.0000	 32.0000	  0.0321	  0.3065	  1.0000	  1.0014
736.0000	 32.0000	  0.0276	  0.3189	  1.0000	  0.0000
768.0000	 32.0000	  0.0630	  0.2982	  1.0000	  1.0007
800.0000	 32.0000	  0.1265	  0.2487	  1.0000	  1.0003
832.0000	 32.0000	  0.2140	  0.1671	  0.0000	  1.0059
864.0000	 32.0000	  0.3045	  0.1770	  0.0000	  1.0127
896.0000	 32.0000	  0.4072	  0.2303	  0.0000	  1.0228
928.0000	 32.0000	  0.4444	  0.2157	  0.0000	  1.0237
960.0000	 32.0000	  0.3637	  0.1341	  0.0000	  1.0081
992.0000	 32.0000	  0.2428	  0.0777	  0.0000	  1.0035
1024.0000	 32.0000	  0.1821	  0.0879	  0.0000	  1.0028
 32.0000	 64.0000	  0.3998	  0.2155	  1.0000	  1.0001
 64.0000	 64.0000	  0.4124	  0.2589	  1.0000	  1.0032
 96.0000	 64.0000	  0.3761	  0.2791	  1.0000	  0.0000
128.0000	 64.0000	  0.3047	  0.2562	  1.0000	  1.0151
160.0000	 64.0000	  0.2328	  0.2002	  1.0000	  1.0150
192.0000	 64.0000	  0.2037	  0.1379	  0.0000	  1.0241
224.0000	 64.0000	  0.1290	  0.1463	  0.0000	  1.0249
256.0000	 64.0000	  0.1009	  0.1489	  0.0000	  1.0223
288.0000	 64.0000	  0.1840	  0.1250	  1.0000	  0.0000
320.0000	 64.0000	  0.3735	  0.1658	  1.0000	  1.0010
352.0000	 64.0000	  0.6435	  0.2365	  1.0000	  1.0004
384.0000	 64.0000	  0.9609	  0.2702	  1.0000	  1.0004
416.0000	 64.0000	  1.1980	  0.2611	  1.0000	  0.0000
448.0000	 64.0000	  1.2990	  0.2104	  1.0000	  0.0000
480.0000	 64.0000	  1.2566	  0.1333	  1.0000	  1.0004
512.0000	 64.0000	  1.0603	  0.0464	  1.0000	  0.0000
544.0000	 64.0000	  0.7599	 -0.0142	  1.0000	  1.0012
576.0000	 64.0000	  0.4652	 -0.0217	  1.0000	  1.0010
608.0000	 64.0000	  0.2748	  0.0790	  1.0000	  1.0008
640.0000	 64.0000	  0.1622	  0.2044	  0.0000	  1.0237
672.0000	 64.0000	  0.0685	  0.2856	  0.0000	  1.0285
704.0000	 64.0000	 -0.0016	  0.3211	  0.0000	  1.0336
736.0000	 64.0000	  0.0104	  0.3327	  1.0000	  0.0000
768.0000	 64.0000	  0.0562	  0.3280	  1.0000	  1.0004
800.0000	 64.0000	  0.1200	  0.3155	  0.0000	  1.0001
832.0000	 64.0000	  0.2020	  0.2836	  0.0000	  1.0294
864.0000	 64.0000	  0.2888	  0.2895	  0.0000	  1.0228
896.0000	 64.0000	  0.4030	  0.2728	  0.0000	  1.0237
928.0000	 64.0000	  0.4600	  0.2231	  0.0000	  1.0211
960.0000	 64.0000	  0.3745	  0.1649	  0.0000	  1.0156
992.0000	 64.0000	  0.2491	  0.1374	  0.0000	  1.0053
1024.0000	 64.0000	  0.1671	  0.1413	  0.0000	  1.0138
 32.0000	 96.0000	  0.4274	  0.1703	  0.0000	  1.0161
 64.0000	 96.0000	  0.5271	  0.2595	  0.0000	  1.0290
 96.0000	 96.0000	  0.5081	  0.3107	  0.0000	  1.0375
128.0000	 96.0000	  0.3712	  0.2810	  0.0000	  1.0388
160.0000	 96.0000	  0.2305	  0.2093	  0.0000	  1.0289
192.0000	 96.0000	  0.1991	  0.1339	  0.0000	  1.0597
224.0000	 96.0000	  0.1503	  0.1255	  0.0000	  1.0291
256.0000	 96.0000	  0.1172	  0.1231	  0.0000	  1.0269
288.0000	 96.0000	  0.1674	  0.1021	  0.0000	  1.0284
320.0000	 96.0000	  0.3184	  0.1934	  0.0000	  1.0216
352.0000	 96.0000	  0.5353	  0.3235	  0.0000	  1.0123
384.0000	 96.0000	  0.8312	  0.3590	  1.0000	  1.0004
416.0000	 96.0000	  1.0527	  0.3441	  1.0000	  1.0009
448.0000	 96.0000	  1.1496	  0.2935	  1.0000	  1.0006
480.0000	 96.0000	  1.1040	  0.2202	  1.0000	  1.0002
512.0000	 96.0000	  0.9179	  0.1262	  1.0000	  1.0005
544.0000	 96.0000	  0.6299	  0.0410	  1.0000	  1.0001
576.0000	 96.0000	  0.3252	 -0.0131	  0.0000	  1.0005
608.0000	 96.0000	  0.1685	  0.1094	  1.0000	  0.0000
640.0000	 96.0000	  0.0723	  0.2340	  0.0000	  1.0348
672.0000	 96.0000	 -0.0006	  0.2967	  0.0000	  1.0317
704.0000	 96.0000	 -0.0400	  0.3183	  0.0000	  1.0234
736.0000	 96.0000	 -0.0056	  0.3398	  1.0000	  1.0006
768.0000	 96.0000	  0.0546	  0.3524	  1.0000	  1.0001
800.0000	 96.0000	  0.1247	  0.3657	  0.0000	  1.0035
832.0000	 96.0000	  0.2150	  0.3231	  0.0000	  1.0173
864.0000	 96.0000	  0.3032	  0.3365	  0.0000	  1.0216
896.0000	 96.0000	  0.4122	  0.3105	  0.0000	  1.0245
928.0000	 96.0000	  0.4863	  0.2728	  0.0000	  1.0142
960.0000	 96.0000	  0.3904	  0.2697	  0.0000	  1.0089
992.0000	 96.0000	  0.2548	  0.2904	  0.0000	  1.0430
1024.0000	 96.0000	  0.1182	  0.3014	  0.0000	  1.0158
 32.0000	128.0000	  0.4735	  0.1879	  0.0000	  1.0266
 64.0000	128.0000	  0.5666	  0.2616	  0.0000	  1.0237
 96.0000	128.0000	  0.5494	  0.3008	  0.0000	  1.0181
128.0000	128.0000	  0.4537	  0.2726	  0.0000	  1.0417
160.0000	128.0000	  0.3559	  0.2411	  0.0000	  1.0273
192.0000	128.0000	  0.2937	  0.2035	  0.0000	  1.0357
224.0000	128.0000	  0.2541	  0.2080	  0.0000	  1.0184
256.0000	128.0000	  0.2381	  0.2195	  0.0000	  1.0218
288.0000	128.0000	  0.2584	  0.2330	  0.0000	  1.0407
320.0000	128.0000	  0.3442	  0.3362	  0.0000	  1.0106
352.0000	128.0000	  0.4867	  0.4728	  0.0000	  1.0126
384.0000	128.0000	  0.7029	  0.4768	  1.0000	  0.0000
416.0000	128.0000	  0.8707	  0.4507	  1.0000	  0.0000
448.0000	128.0000	  0.9437	  0.4073	  1.0000	  0.0000
480.0000	128.0000	  0.9011	  0.3519	  1.0000	  0.0000
512.0000	128.0000	  0.7476	  0.2709	  1.0000	  1.0000
544.0000	128.0000	  0.5151	  0.1929	  1.0000	  1.0025
576.0000	128.0000	  0.2561	  0.1526	  0.0000	  1.0209
608.0000	128.0000	  0.0831	  0.2016	  0.0000	  1.0307
640.0000	128.0000	 -0.0172	  0.2710	  0.0000	  1.0236
672.0000	128.0000	 -0.0700	  0.3144	  0.0000	  1.0208
704.0000	128.0000	 -0.0723	  0.3325	  0.0000	  1.0198
736.0000	128.0000	 -0.0112	  0.3403	  1.0000	  1.0011
768.0000	128.0000	  0.0700	  0.3459	  1.0000	  0.0000
800.0000	128.0000	  0.1598	  0.3457	  1.0000	  1.0008
832.0000	128.0000	  0.2581	  0.3125	  0.0000	  1.0139
864.0000	128.0000	  0.3357	  0.3112	  0.0000	  1.0157
896.0000	128.0000	  0.4096	  0.3120	  1.0000	  1.0005
928.0000	128.0000	  0.4484	  0.3050	  1.0000	  0.0000
960.0000	128.0000	  0.3888	  0.3157	  1.0000	  1.0001
992.0000	128.0000	  0.2751	  0.3465	  0.0000	  1.0128
1024.0000	128.0000	  0.1221	  0.3410	  0.0000	  1.0160
 32.0000	160.0000	  0.4968	  0.2586	  0.0000	  1.0341
 64.0000	160.0000	  0.5502	  0.2762	  0.0000	  1.0293
 96.0000	160.0000	  0.5265	  0.2786	  0.0000	  1.0105
128.0000	160.0000	  0.5151	  0.2949	  0.0000	  1.0329
160.0000	160.0000	  0.5182	  0.3345	  0.0000	  1.0248
192.0000	160.0000	  0.4212	  0.3290	  0.0000	  1.0419
224.0000	160.0000	  0.3721	  0.3224	  0.0000	  1.0229
256.0000	160.0000	  0.3812	  0.3160	  0.0000	  1.0324
288.0000	160.0000	  0.4045	  0.3370	  0.0000	  1.0309
320.0000	160.0000	  0.4234	  0.4406	  1.0000	  1.0012
352.0000	160.0000	  0.4880	  0.5394	  1.0000	  1.0038
384.0000	160.0000	  0.6021	  0.5568	  1.0000	  1.0015
416.0000	160.0000	  0.7013	  0.5415	  1.0000	  1.0004
448.0000	160.0000	  0.7421	  0.5144	  1.0000	  0.0000
480.0000	160.0000	  0.6983	  0.4809	  1.0000	  1.0005
512.0000	160.0000	  0.5852	  0.4176	  1.0000	  1.0005
544.0000	160.0000	  0.4265	  0.3284	  1.0000	  1.0061
576.0000	160.0000	  0.2233	  0.2393	  1.0000	  1.0058
608.0000	160.0000	  0.0430	  0.2052	  0.0000	  1.0146
640.0000	160.0000	 -0.0534	  0.2276	  0.0000	  1.0180
672.0000	160.0000	 -0.0930	  0.2687	  0.0000	  1.0223
704.0000	160.0000	 -0.0814	  0.3066	  0.0000	  1.0188
736.0000	160.0000	 -0.0007	  0.3187	  1.0000	  1.0017
768.0000	160.0000	  0.0962	  0.3303	  1.0000	  1.0009
800.0000	160.0000	  0.1932	  0.3386	  1.0000	  1.0005
832.0000	160.0000	  0.2826	  0.3332	  1.0000	  1.0007
864.0000	160.0000	  0.3542	  0.3327	  1.0000	  0.0000
896.0000	160.0000	  0.4099	  0.3288	  1.0000	  1.0004
928.0000	160.0000	  0.4385	  0.3185	  1.0000	  1.0006
960.0000	160.0000	  0.4153	  0.3088	  1.0000	  1.0005
992.0000	160.0000	  0.3570	  0.3039	  1.0000	  1.0006
1024.0000	160.0000	  0.2780	  0.2906	  1.0000	  1.0003
 32.0000	192.0000	  0.5121	  0.2910	  0.0000	  1.0240
 64.0000	192.0000	  0.5385	  0.2925	  0.0000	  1.0246
 96.0000	192.0000	  0.5064	  0.2923	  0.0000	  1.0215
128.0000	192.0000	  0.5064	  0.3562	  0.0000	  1.0368
160.0000	192.0000	  0.5380	  0.4561	  0.0000	  1.0365
192.0000	192.0000	  0.4633	  0.4496	  0.0000	  1.0447
224.0000	192.0000	  0.3883	  0.4163	  0.0000	  1.0087
256.0000	192.0000	  0.3996	  0.3849	  0.0000	  1.0287
288.0000	192.0000	  0.4112	  0.4239	  0.0000	  1.0171
320.0000	192.0000	  0.4332	  0.5322	  0.0000	  1.0173
352.0000	192.0000	  0.4531	  0.6127	  0.0000	  1.0314
384.0000	192.0000	  0.5015	  0.6181	  1.0000	  0.0000
416.0000	192.0000	  0.5566	  0.6013	  1.0000	  1.0003
448.0000	192.0000	  0.5757	  0.5863	  0.0000	  1.0176
480.0000	192.0000	  0.5200	  0.5643	  0.0000	  1.0228
512.0000	192.0000	  0.4452	  0.5193	  0.0000	  1.0040
544.0000	192.0000	  0.3732	  0.4169	  1.0000	  1.0158
576.0000	192.0000	  0.2178	  0.2498	  0.0000	  1.0256
608.0000	192.0000	  0.0380	  0.0986	  0.0000	  1.0193
640.0000	192.0000	 -0.0511	  0.0659	  0.0000	  1.0278
672.0000	192.0000	 -0.0782	  0.1250	  0.0000	  1.0278
704.0000	192.0000	 -0.0615	  0.1997	  0.0000	  1.0293
736.0000	192.0000	  0.0333	  0.2570	  1.0000	  1.0003
768.0000	192.0000	  0.1385	  0.2987	  1.0000	  1.0021
800.0000	192.0000	  0.2344	  0.3322	  1.0000	  1.0006
832.0000	192.0000	  0.3119	  0.3562	  1.0000	  1.0014
864.0000	192.0000	  0.3713	  0.3663	  1.0000	  1.0010
896.0000	192.0000	  0.4151	  0.3554	  1.0000	  1.0005
928.0000	192.0000	  0.4462	  0.3261	  1.0000	  1.0001
960.0000	192.0000	  0.4576	  0.2866	  1.0000	  1.0002
992.0000	192.0000	  0.4548	  0.2438	  1.0000	  1.0002
1024.0000	192.0000	  0.4249	  0.2124	  1.0000	  1.0001
 32.0000	224.0000	  0.5278	  0.2556	  1.0000	  1.0003
 64.0000	224.0000	  0.5292	  0.2562	  1.0000	  1.0009
 96.0000	224.0000	  0.5064	  0.2689	  0.0000	  1.0371
128.0000	224.0000	  0.5041	  0.3412	  0.0000	  1.0444
160.0000	224.0000	  0.5300	  0.4311	  0.0000	  1.0562
192.0000	224.0000	  0.4872	  0.4496	  0.0000	  1.0331
224.0000	224.0000	  0.4267	  0.4275	  0.0000	  1.0440
256.0000	224.0000	  0.3814	  0.3982	  0.0000	  1.0236
288.0000	224.0000	  0.3451	  0.4385	  0.0000	  1.0176
320.0000	224.0000	  0.3620	  0.5593	  0.0000	  1.0262
352.0000	224.0000	  0.3729	  0.6552	  0.0000	  1.0201
384.0000	224.0000	  0.3963	  0.6406	  0.0000	  1.0269
416.0000	224.0000	  0.4456	  0.6078	  0.0000	  1.0295
448.0000	224.0000	  0.4629	  0.5760	  0.0000	  1.0307
480.0000	224.0000	  0.4183	  0.5438	  0.0000	  1.0316
512.0000	224.0000	  0.3997	  0.5012	  0.0000	  1.0028
544.0000	224.0000	  0.3878	  0.4397	  0.0000	  1.0232
576.0000	224.0000	  0.2393	  0.1957	  1.0000	  1.0207
608.0000	224.0000	  0.0727	 -0.0437	  0.0000	  1.0176
640.0000	224.0000	 -0.0306	 -0.0948	  0.0000	  1.0213
672.0000	224.0000	 -0.0436	  0.0005	  0.0000	  1.0427
704.0000	224.0000	 -0.0076	  0.0947	  0.0000	  1.0200
736.0000	224.0000	  0.0953	  0.1639	  1.0000	  1.0007
768.0000	224.0000	  0.2000	  0.2249	  1.0000	  1.0001
800.0000	224.0000	  0.2868	  0.2864	  1.0000	  1.0008
832.0000	224.0000	  0.3483	  0.3465	  1.0000	  1.0001
864.0000	224.0000	  0.3927	  0.3772	  1.0000	  1.0007
896.0000	224.0000	  0.4228	  0.3654	  1.0000	  1.0017
928.0000	224.0000	  0.4532	  0.3221	  1.0000	  1.0002
960.0000	224.0000	  0.4917	  0.2667	  1.0000	  1.0183
992.0000	224.0000	  0.5386	  0.2016	  0.0000	  1.0229
1024.0000	224.0000	  0.5248	  0.1600	  0.0000	  1.0121
 32.0000	256.0000	  0.5647	  0.2077	  1.0000	  1.0017
 64.0000	256.0000	  0.5637	  0.2094	  1.0000	  1.0007
 96.0000	256.0000	  0.5570	  0.2219	  0.0000	  1.0396
128.0000	256.0000	  0.5623	  0.2752	  0.0000	  1.0448
160.0000	256.0000	  0.5701	  0.3411	  0.0000	  1.0326
192.0000	256.0000	  0.5403	  0.3712	  0.0000	  1.0395
224.0000	256.0000	  0.4747	  0.3655	  0.0000	  1.0284
256.0000	256.0000	  0.3802	  0.3420	  0.0000	  1.0194
288.0000	256.0000	  0.2884	  0.3808	  0.0000	  1.0109
320.0000	256.0000	  0.2713	  0.5069	  0.0000	  1.0215
352.0000	256.0000	  0.2803	  0.5966	  0.0000	  1.0310
384.0000	256.0000	  0.3281	  0.6012	  0.0000	  1.0274
416.0000	256.0000	  0.3941	  0.5663	  0.0000	  1.0397
448.0000	256.0000	  0.4279	  0.5026	  0.0000	  1.0278
480.0000	256.0000	  0.4090	  0.4476	  0.0000	  1.0468
512.0000	256.0000	  0.4044	  0.3995	  1.0000	  1.0053
544.0000	256.0000	  0.3630	  0.3064	  1.0000	  1.0004
576.0000	256.0000	  0.2499	  0.1125	  1.0000	  0.0000
608.0000	256.0000	  0.1240	 -0.0786	  0.0000	  1.0163
640.0000	256.0000	  0.0378	 -0.1276	  0.0000	  1.0358
672.0000	256.0000	  0.0385	 -0.0842	  0.0000	  1.0372
704.0000	256.0000	  0.0921	 -0.0476	  1.0000	  1.0023
736.0000	256.0000	  0.1862	 -0.0161	  1.0000	  1.0005
768.0000	256.0000	  0.2816	  0.0280	  1.0000	  1.0001
800.0000	256.0000	  0.3518	  0.0991	  1.0000	  1.0011
832.0000	256.0000	  0.3900	  0.1999	  1.0000	  1.0174
864.0000	256.0000	  0.4176	  0.2626	  0.0000	  1.0340
896.0000	256.0000	  0.4269	  0.2666	  1.0000	  1.0167
928.0000	256.0000	  0.4386	  0.2419	  1.0000	  1.0002
960.0000	256.0000	  0.4762	  0.2307	  1.0000	  1.0236
992.0000	256.0000	  0.5374	  0.2260	  0.0000	  1.0243
1024.0000	256.0000	  0.5323	  0.2370	  0.0000	  1.0100
 32.0000	288.0000	  0.6199	  0.1628	  1.0000	  1.0014
 64.0000	288.0000	  0.6299	  0.1662	  1.0000	  0.0000
 96.0000	288.0000	  0.6522	  0.1817	  1.0000	  1.0001
128.0000	288.0000	  0.6922	  0.2238	  0.0000	  1.0136
160.0000	288.0000	  0.7031	  0.2726	  0.0000	  1.0126
192.0000	288.0000	  0.6400	  0.3109	  0.0000	  1.0222
224.0000	288.0000	  0.5423	  0.2974	  0.0000	  1.0153
256.0000	288.0000	  0.4204	  0.2679	  0.0000	  1.0163
288.0000	288.0000	  0.3097	  0.3069	  0.0000	  1.0121
320.0000	288.0000	  0.2692	  0.4296	  0.0000	  1.0094
352.0000	288.0000	  0.2713	  0.5182	  0.0000	  1.0190
384.0000	288.0000	  0.3151	  0.5427	  0.0000	  1.0345
416.0000	288.0000	  0.3789	  0.5083	  0.0000	  1.0366
448.0000	288.0000	  0.4227	  0.4272	  1.0000	  1.0167
480.0000	288.0000	  0.4321	  0.3460	  1.0000	  1.0199
512.0000	288.0000	  0.4116	  0.2629	  1.0000	  1.0020
544.0000	288.0000	  0.3451	  0.1503	  1.0000	  1.0013
576.0000	288.0000	  0.2494	  0.0005	  1.0000	  1.0009
608.0000	288.0000	  0.1673	 -0.1236	  1.0000	  0.0000
640.0000	288.0000	  0.1201	 -0.1952	  1.0000	  0.0000
672.0000	288.0000	  0.1328	 -0.2405	  1.0000	  1.0009
704.0000	288.0000	  0.1925	 -0.2997	  1.0000	  1.0007
736.0000	288.0000	  0.2800	 -0.3668	  1.0000	  1.0000
768.0000	288.0000	  0.3641	 -0.4042	  1.0000	  0.0000
800.0000	288.0000	  0.4155	 -0.3773	  1.0000	  1.0007
832.0000	288.0000	  0.4297	 -0.2620	  0.0000	  1.0181
864.0000	288.0000	  0.4393	 -0.1760	  0.0000	  1.0193
896.0000	288.0000	  0.4307	 -0.1178	  0.0000	  1.0050
928.0000	288.0000	  0.4140	 -0.0669	  1.0000	  1.0002
960.0000	288.0000	  0.4248	  0.0425	  1.0000	  1.0013
992.0000	288.0000	  0.4551	  0.1678	  1.0000	  1.0000
1024.0000	288.0000	  0.4571	  0.2428	  1.0000	  1.0003
 32.0000	320.0000	  0.6760	  0.1262	  1.0000	  1.0009
 64.0000	320.0000	  0.6912	  0.1248	  1.0000	  0.0000
 96.0000	320.0000	  0.7194	  0.1284	  1.0000	  1.0005
128.0000	320.0000	  0.7520	  0.1476	  1.0000	  1.0003
160.0000	320.0000	  0.7533	  0.1841	  0.0000	  1.0354
192.0000	320.0000	  0.6917	  0.2163	  0.0000	  1.0425
224.0000	320.0000	  0.6084	  0.2172	  0.0000	  1.0225
256.0000	320.0000	  0.5009	  0.2024	  0.0000	  1.0180
288.0000	320.0000	  0.4110	  0.2208	  0.0000	  1.0240
320.0000	320.0000	  0.3780	  0.3054	  0.0000	  1.0369
352.0000	320.0000	  0.3566	  0.4032	  0.0000	  1.0486
384.0000	320.0000	  0.3412	  0.4530	  0.0000	  1.0380
416.0000	320.0000	  0.3916	  0.4212	  0.0000	  1.0255
448.0000	320.0000	  0.4354	  0.3374	  1.0000	  1.0004
480.0000	320.0000	  0.4420	  0.2385	  1.0000	  0.0000
512.0000	320.0000	  0.4033	  0.1300	  1.0000	  1.0000
544.0000	320.0000	  0.3221	  0.0057	  1.0000	  1.0149
576.0000	320.0000	  0.2320	 -0.1358	  0.0000	  1.0245
608.0000	320.0000	  0.1873	 -0.2308	  1.0000	  1.0000
640.0000	320.0000	  0.1772	 -0.3466	  1.0000	  1.0003
672.0000	320.0000	  0.2102	 -0.5075	  1.0000	  0.0000
704.0000	320.0000	  0.2785	 -0.7255	  1.0000	  1.0002
736.0000	320.0000	  0.3635	 -0.9721	  1.0000	  1.0004
768.0000	320.0000	  0.4382	 -1.1790	  1.0000	  0.0000
800.0000	320.0000	  0.4741	 -1.2976	  1.0000	  1.0003
832.0000	320.0000	  0.4684	 -1.3012	  1.0000	  1.0009
864.0000	320.0000	  0.4495	 -1.2087	  1.0000	  1.0003
896.0000	320.0000	  0.4200	 -1.0282	  1.0000	  1.0001
928.0000	320.0000	  0.3895	 -0.7637	  1.0000	  1.0005
960.0000	320.0000	  0.3823	 -0.4372	  1.0000	  1.0005
992.0000	320.0000	  0.3876	 -0.1037	  0.0000	  1.0123
1024.0000	320.0000	  0.3811	  0.0577	  0.0000	  1.0119
 32.0000	352.0000	  0.7206	  0.1008	  1.0000	  1.0166
 64.0000	352.0000	  0.7363	  0.0902	  1.0000	  1.0004
 96.0000	352.0000	  0.7643	  0.0743	  1.0000	  1.0002
128.0000	352.0000	  0.7923	  0.0649	  0.0000	  1.0003
160.0000	352.0000	  0.7886	  0.0885	  0.0000	  1.0320
192.0000	352.0000	  0.7450	  0.1240	  0.0000	  1.0254
224.0000	352.0000	  0.6858	  0.1351	  0.0000	  1.0196
256.0000	352.0000	  0.6060	  0.1364	  0.0000	  1.0234
288.0000	352.0000	  0.5442	  0.1705	  0.0000	  1.0389
320.0000	352.0000	  0.5371	  0.2376	  0.0000	  1.0333
352.0000	352.0000	  0.4884	  0.3249	  0.0000	  1.0319
384.0000	352.0000	  0.4228	  0.3748	  0.0000	  1.0210
416.0000	352.0000	  0.4355	  0.3336	  1.0000	  1.0001
448.0000	352.0000	  0.4497	  0.2523	  1.0000	  1.0001
480.0000	352.0000	  0.4373	  0.1507	  1.0000	  1.0000
512.0000	352.0000	  0.3865	  0.0372	  1.0000	  0.0000
544.0000	352.0000	  0.3064	 -0.0863	  1.0000	  1.0155
576.0000	352.0000	  0.2323	 -0.2309	  0.0000	  1.0150
608.0000	352.0000	  0.2053	 -0.3641	  1.0000	  1.0007
640.0000	352.0000	  0.2169	 -0.5864	  1.0000	  1.0020
672.0000	352.0000	  0.2661	 -0.9251	  1.0000	  1.0008
704.0000	352.0000	  0.3425	 -1.3762	  1.0000	  1.0011
736.0000	352.0000	  0.4269	 -1.8804	  1.0000	  1.0010
768.0000	352.0000	  0.4948	 -2.3238	  1.0000	  1.0003
800.0000	352.0000	  0.5199	 -2.6225	  1.0000	  1.0005
832.0000	352.0000	  0.5008	 -2.7196	  1.0000	  1.0005
864.0000	352.0000	  0.4646	 -2.6109	  1.0000	  1.0010
896.0000	352.0000	  0.4234	 -2.3084	  1.0000	  1.0004
928.0000	352.0000	  0.3889	 -1.8664	  1.0000	  1.0004
960.0000	352.0000	  0.3783	 -1.3559	  1.0000	  1.0011
992.0000	352.0000	  0.3821	 -0.8853	  0.0000	  1.0307
1024.0000	352.0000	  0.3807	 -0.6616	  0.0000	  1.0303
 32.0000	384.0000	  0.7474	  0.0923	  1.0000	  1.0169
 64.0000	384.0000	  0.7583	  0.0697	  1.0000	  1.0006
 96.0000	384.0000	  0.7800	  0.0352	  1.0000	  1.0028
128.0000	384.0000	  0.8056	  0.0077	  1.0000	  0.0000
160.0000	384.0000	  0.8263	  0.0011	  0.0000	  1.0158
192.0000	384.0000	  0.8140	  0.0431	  0.0000	  1.0311
224.0000	384.0000	  0.7737	  0.0837	  0.0000	  1.0185
256.0000	384.0000	  0.7300	  0.1259	  0.0000	  1.0245
288.0000	384.0000	  0.6697	  0.1788	  0.0000	  1.0348
320.0000	384.0000	  0.6534	  0.2003	  0.0000	  1.0258
352.0000	384.0000	  0.5889	  0.2391	  0.0000	  1.0295
384.0000	384.0000	  0.5026	  0.2635	  0.0000	  1.0462
416.0000	384.0000	  0.4755	  0.2441	  1.0000	  1.0022
448.0000	384.0000	  0.4551	  0.1812	  1.0000	  1.0027
480.0000	384.0000	  0.4213	  0.0923	  1.0000	  1.0025
512.0000	384.0000	  0.3639	 -0.0094	  1.0000	  1.0000
544.0000	384.0000	  0.2942	 -0.1219	  1.0000	  1.0006
576.0000	384.0000	  0.2381	 -0.2750	  1.0000	  1.0002
608.0000	384.0000	  0.2211	 -0.5165	  1.0000	  1.0002
640.0000	384.0000	  0.2446	 -0.9215	  1.0000	  1.0010
672.0000	384.0000	  0.3040	 -1.5127	  1.0000	  1.0002
704.0000	384.0000	  0.3858	 -2.2680	  1.0000	  1.0005
736.0000	384.0000	  0.4690	 -3.0920	  1.0000	  1.0000
768.0000	384.0000	  0.5310	 -3.8162	  1.0000	  1.0020
800.0000	384.0000	  0.5503	 -4.3169	  1.0000	  1.0004
832.0000	384.0000	  0.5279	 -4.5099	  1.0000	  1.0009
864.0000	384.0000	  0.4886	 -4.3831	  1.0000	  1.0011
896.0000	384.0000	  0.4479	 -3.9676	  1.0000	  1.0014
928.0000	384.0000	  0.4183	 -3.3680	  1.0000	  1.0001
960.0000	384.0000	  0.4126	 -2.7174	  1.0000	  0.0000
992.0000	384.0000	  0.4217	 -2.1945	  1.0000	  1.0125
1024.0000	384.0000	  0.4260	 -1.9320	  1.0000	  1.0125
 32.0000	416.0000	  0.7611	  0.1021	  1.0000	  1.0014
 64.0000	416.0000	  0.7674	  0.0627	  1.0000	  1.0020
 96.0000	416.0000	  0.7798	  0.0048	  1.0000	  1.0033
128.0000	416.0000	  0.7973	 -0.0254	  1.0000	  1.0011
160.0000	416.0000	  0.8417	 -0.0199	  0.0000	  1.0079
192.0000	416.0000	  0.8464	  0.0395	  0.0000	  1.0096
224.0000	416.0000	  0.8413	  0.1090	  0.0000	  1.0194
256.0000	416.0000	  0.8514	  0.1693	  0.0000	  1.0185
288.0000	416.0000	  0.7711	  0.2093	  0.0000	  1.0346
320.0000	416.0000	  0.7148	  0.2083	  1.0000	  1.0004
352.0000	416.0000	  0.6447	  0.2137	  1.0000	  0.0000
384.0000	416.0000	  0.5697	  0.2135	  1.0000	  1.0003
416.0000	416.0000	  0.5168	  0.1919	  1.0000	  1.0014
448.0000	416.0000	  0.4701	  0.1402	  1.0000	  1.0005
480.0000	416.0000	  0.4180	  0.0677	  1.0000	  1.0016
512.0000	416.0000	  0.3545	 -0.0179	  1.0000	  0.0000
544.0000	416.0000	  0.2900	 -0.1289	  1.0000	  1.0005
576.0000	416.0000	  0.2440	 -0.3283	  1.0000	  1.0002
608.0000	416.0000	  0.2342	 -0.7236	  1.0000	  1.0001
640.0000	416.0000	  0.2644	 -1.3765	  1.0000	  1.0000
672.0000	416.0000	  0.3287	 -2.2849	  1.0000	  1.0000
704.0000	416.0000	  0.4118	 -3.3924	  1.0000	  1.0003
736.0000	416.0000	  0.4912	 -4.5604	  1.0000	  1.0002
768.0000	416.0000	  0.5459	 -5.5656	  1.0000	  1.0007
800.0000	416.0000	  0.5642	 -6.2568	  1.0000	  1.0004
832.0000	416.0000	  0.5493	 -6.5347	  1.0000	  1.0005
864.0000	416.0000	  0.5179	 -6.3894	  1.0000	  1.0004
896.0000	416.0000	  0.4870	 -5.8835	  1.0000	  1.0001
928.0000	416.0000	  0.4693	 -5.1528	  1.0000	  1.0008
960.0000	416.0000	  0.4703	 -4.3680	  1.0000	  1.0016
992.0000	416.0000	  0.4807	 -3.7472	  1.0000	  1.0002
1024.0000	416.0000	  0.4887	 -3.3952	  1.0000	  1.0000
 32.0000	448.0000	  0.7673	  0.1262	  1.0000	  1.0000
 64.0000	448.0000	  0.7707	  0.0653	  1.0000	  1.0043
 96.0000	448.0000	  0.7689	 -0.0305	  0.0000	  1.0171
128.0000	448.0000	  0.7483	 -0.0476	  0.0000	  1.0181
160.0000	448.0000	  0.7728	  0.0067	  0.0000	  1.0150
192.0000	448.0000	  0.8070	  0.1076	  1.0000	  0.0000
224.0000	448.0000	  0.8413	  0.2119	  1.0000	  1.0008
256.0000	448.0000	  0.8528	  0.2538	  1.0000	  1.0007
288.0000	448.0000	  0.8085	  0.2433	  1.0000	  1.0008
320.0000	448.0000	  0.7502	  0.2113	  1.0000	  1.0011
352.0000	448.0000	  0.6806	  0.1989	  1.0000	  1.0004
384.0000	448.0000	  0.6125	  0.1876	  1.0000	  1.0004
416.0000	448.0000	  0.5519	  0.1677	  1.0000	  0.0000
448.0000	448.0000	  0.4933	  0.1282	  1.0000	  1.0001
480.0000	448.0000	  0.4303	  0.0748	  1.0000	  0.0000
512.0000	448.0000	  0.3614	  0.0033	  1.0000	  1.0008
544.0000	448.0000	  0.2971	 -0.1227	  1.0000	  1.0008
576.0000	448.0000	  0.2540	 -0.4105	  1.0000	  0.0000
608.0000	448.0000	  0.2470	 -1.0196	  1.0000	  1.0007
640.0000	448.0000	  0.2795	 -1.9872	  1.0000	  1.0003
672.0000	448.0000	  0.3444	 -3.2595	  1.0000	  1.0003
704.0000	448.0000	  0.4255	 -4.7272	  1.0000	  1.0003
736.0000	448.0000	  0.5004	 -6.2057	  1.0000	  0.0000
768.0000	448.0000	  0.5502	 -7.4261	  1.0000	  1.0015
800.0000	448.0000	  0.5691	 -8.2366	  1.0000	  1.0016
832.0000	448.0000	  0.5620	 -8.5498	  1.0000	  1.0003
864.0000	448.0000	  0.5414	 -8.3752	  1.0000	  1.0005
896.0000	448.0000	  0.5223	 -7.8252	  1.0000	  1.0010
928.0000	448.0000	  0.5148	 -7.0257	  1.0000	  1.0013
960.0000	448.0000	  0.5208	 -6.1606	  1.0000	  0.0000
992.0000	448.0000	  0.5319	 -5.4694	  1.0000	  0.0000
1024.0000	448.0000	  0.5409	 -5.0594	  1.0000	  1.0011
 32.0000	480.0000	  0.7815	  0.1098	  1.0000	  1.0014
 64.0000	480.0000	  0.7841	  0.0446	  0.0000	  1.0252
 96.0000	480.0000	  0.7683	 -0.0859	  0.0000	  1.0123
128.0000	480.0000	  0.7310	 -0.0860	  0.0000	  1.0196
160.0000	480.0000	  0.7336	  0.0165	  0.0000	  1.0255
192.0000	480.0000	  0.7699	  0.1803	  0.0000	  1.0222
224.0000	480.0000	  0.8368	  0.3332	  0.0000	  1.0240
256.0000	480.0000	  0.8531	  0.3429	  0.0000	  1.0484
288.0000	480.0000	  0.8307	  0.2643	  1.0000	  1.0610
320.0000	480.0000	  0.7765	  0.1906	  1.0000	  1.0004
352.0000	480.0000	  0.7064	  0.1827	  1.0000	  1.0006
384.0000	480.0000	  0.6436	  0.1755	  1.0000	  0.0000
416.0000	480.0000	  0.5851	  0.1654	  1.0000	  0.0000
448.0000	480.0000	  0.5257	  0.1424	  1.0000	  0.0000
480.0000	480.0000	  0.4592	  0.1099	  1.0000	  1.0007
512.0000	480.0000	  0.3870	  0.0481	  1.0000	  1.0024
544.0000	480.0000	  0.3203	 -0.1132	  1.0000	  1.0005
576.0000	480.0000	  0.2750	 -0.5383	  1.0000	  1.0012
608.0000	480.0000	  0.2660	 -1.4402	  1.0000	  1.0004
640.0000	480.0000	  0.2962	 -2.7931	  1.0000	  0.0000
672.0000	480.0000	  0.3582	 -4.4532	  1.0000	  1.0014
704.0000	480.0000	  0.4344	 -6.2398	  1.0000	  1.0001
736.0000	480.0000	  0.5032	 -7.9333	  1.0000	  1.0004
768.0000	480.0000	  0.5485	 -9.2500	  1.0000	  1.0003
800.0000	480.0000	  0.5677	-10.0780	  1.0000	  1.0006
832.0000	480.0000	  0.5668	-10.3676	  1.0000	  1.0014
864.0000	480.0000	  0.5558	-10.1498	  1.0000	  1.0001
896.0000	480.0000	  0.5470	 -9.6203	  1.0000	  1.0001
928.0000	480.0000	  0.5464	 -8.8307	  1.0000	  1.0016
960.0000	480.0000	  0.5543	 -7.9660	  1.0000	  1.0018
992.0000	480.0000	  0.5647	 -7.2683	  1.0000	  1.0005
1024.0000	480.0000	  0.5726	 -6.8470	  1.0000	  1.0017
 32.0000	512.0000	  0.7866	  0.0595	  1.0000	  1.0236
 64.0000	512.0000	  0.7793	  0.0113	  1.0000	  1.0206
 96.0000	512.0000	  0.7620	 -0.0656	  0.0000	  1.0272
128.0000	512.0000	  0.7344	 -0.0707	  0.0000	  1.0228
160.0000	512.0000	  0.7436	  0.0447	  0.0000	  1.0270
192.0000	512.0000	  0.7769	  0.2438	  0.0000	  1.0299
224.0000	512.0000	  0.8479	  0.3773	  0.0000	  1.0286
256.0000	512.0000	  0.8829	  0.3595	  0.0000	  1.0399
288.0000	512.0000	  0.8608	  0.2371	  0.0000	  1.0415
320.0000	512.0000	  0.8002	  0.1290	  0.0000	  1.0251
352.0000	512.0000	  0.7248	  0.1631	  0.0000	  1.0123
384.0000	512.0000	  0.6697	  0.1683	  1.0000	  1.0008
416.0000	512.0000	  0.6183	  0.1736	  1.0000	  1.0002
448.0000	512.0000	  0.5639	  0.1728	  1.0000	  1.0001
480.0000	512.0000	  0.5001	  0.1648	  1.0000	  0.0000
512.0000	512.0000	  0.4282	  0.1102	  1.0000	  1.0002
544.0000	512.0000	  0.3596	 -0.1037	  1.0000	  0.0000
576.0000	512.0000	  0.3103	 -0.7117	  1.0000	  1.0004
608.0000	512.0000	  0.2965	 -1.9857	  1.0000	  1.0010
640.0000	512.0000	  0.3214	 -3.7794	  1.0000	  1.0006
672.0000	512.0000	  0.3777	 -5.8176	  1.0000	  1.0001
704.0000	512.0000	  0.4463	 -7.8331	  1.0000	  0.0000
736.0000	512.0000	  0.5070	 -9.6027	  1.0000	  1.0031
768.0000	512.0000	  0.5462	-10.8785	  1.0000	  1.0000
800.0000	512.0000	  0.5641	-11.6301	  1.0000	  0.0000
832.0000	512.0000	  0.5667	-11.8758	  1.0000	  1.0005
864.0000	512.0000	  0.5627	-11.6797	  1.0000	  1.0000
896.0000	512.0000	  0.5604	-11.1629	  1.0000	  1.0001
928.0000	512.0000	  0.5638	-10.4303	  1.0000	  1.0025
960.0000	512.0000	  0.5724	 -9.6382	  1.0000	  1.0001
992.0000	512.0000	  0.5818	 -8.9991	  1.0000	  1.0001
1024.0000	512.0000	  0.5886	 -8.6105	  1.0000	  1.0002
 32.0000	544.0000	  0.7663	  0.0537	  0.0000	  1.0242
 64.0000	544.0000	  0.7498	  0.0323	  0.0000	  1.0225
 96.0000	544.0000	  0.7201	  0.0097	  1.0000	  1.0017
128.0000	544.0000	  0.7159	 -0.0038	  0.0000	  1.0178
160.0000	544.0000	  0.7491	  0.0880	  0.0000	  1.0369
192.0000	544.0000	  0.7853	  0.2390	  0.0000	  1.0348
224.0000	544.0000	  0.8513	  0.3275	  0.0000	  1.0371
256.0000	544.0000	  0.9029	  0.2871	  0.0000	  1.0453
288.0000	544.0000	  0.8861	  0.1795	  0.0000	  1.0428
320.0000	544.0000	  0.8208	  0.0899	  0.0000	  1.0263
352.0000	544.0000	  0.7464	  0.1319	  0.0000	  1.0133
384.0000	544.0000	  0.6957	  0.1566	  1.0000	  1.0015
416.0000	544.0000	  0.6502	  0.1829	  1.0000	  1.0008
448.0000	544.0000	  0.6023	  0.2069	  1.0000	  1.0011
480.0000	544.0000	  0.5442	  0.2235	  1.0000	  1.0002
512.0000	544.0000	  0.4753	  0.1740	  1.0000	  1.0009
544.0000	544.0000	  0.4065	 -0.0976	  1.0000	  1.0007
576.0000	544.0000	  0.3533	 -0.8967	  1.0000	  0.0000
608.0000	544.0000	  0.3333	 -2.5466	  1.0000	  1.0004
640.0000	544.0000	  0.3508	 -4.7434	  1.0000	  1.0017
672.0000	544.0000	  0.3996	 -7.0758	  1.0000	  1.0007
704.0000	544.0000	  0.4593	 -9.2216	  1.0000	  1.0002
736.0000	544.0000	  0.5113	-10.9790	  1.0000	  1.0004
768.0000	544.0000	  0.5442	-12.1434	  1.0000	  1.0003
800.0000	544.0000	  0.5597	-12.7694	  1.0000	  1.0009
832.0000	544.0000	  0.5638	-12.9486	  1.0000	  1.0003
864.0000	544.0000	  0.5637	-12.7695	  1.0000	  1.0003
896.0000	544.0000	  0.5651	-12.3164	  1.0000	  1.0007
928.0000	544.0000	  0.5704	-11.6958	  1.0000	  1.0001
960.0000	544.0000	  0.5787	-11.0335	  1.0000	  1.0003
992.0000	544.0000	  0.5869	-10.4997	  1.0000	  1.0014
1024.0000	544.0000	  0.5924	-10.1738	  1.0000	  1.0002
 32.0000	576.0000	  0.6915	  0.1381	  1.0000	  1.0013
 64.0000	576.0000	  0.6718	  0.1243	  1.0000	  1.0015
 96.0000	576.0000	  0.6473	  0.1168	  1.0000	  1.0016
128.0000	576.0000	  0.6668	  0.1168	  1.0000	  1.0011
160.0000	576.0000	  0.7064	  0.1742	  1.0000	  1.0033
192.0000	576.0000	  0.7459	  0.2553	  0.0000	  1.0014
224.0000	576.0000	  0.8226	  0.2804	  1.0000	  1.0018
256.0000	576.0000	  0.8723	  0.2383	  1.0000	  1.0002
288.0000	576.0000	  0.8696	  0.1652	  1.0000	  0.0000
320.0000	576.0000	  0.8256	  0.1093	  1.0000	  1.0023
352.0000	576.0000	  0.7674	  0.1221	  1.0000	  1.0004
384.0000	576.0000	  0.7187	  0.1503	  1.0000	  0.0000
416.0000	576.0000	  0.6761	  0.1913	  1.0000	  1.0004
448.0000	576.0000	  0.6331	  0.2353	  1.0000	  1.0014
480.0000	576.0000	  0.5805	  0.2723	  1.0000	  1.0001
512.0000	576.0000	  0.5157	  0.2273	  1.0000	  1.0002
544.0000	576.0000	  0.4483	 -0.0888	  1.0000	  1.0007
576.0000	576.0000	  0.3927	 -1.0327	  1.0000	  1.0010
608.0000	576.0000	  0.3672	 -2.9494	  1.0000	  0.0000
640.0000	576.0000	  0.3772	 -5.3797	  1.0000	  1.0005
672.0000	576.0000	  0.4173	 -7.8731	  1.0000	  1.0010
704.0000	576.0000	  0.4687	-10.0987	  1.0000	  1.0020
736.0000	576.0000	  0.5142	-11.8727	  1.0000	  1.0002
768.0000	576.0000	  0.5425	-12.9537	  1.0000	  1.0013
800.0000	576.0000	  0.5558	-13.4659	  1.0000	  1.0000
832.0000	576.0000	  0.5604	-13.5801	  1.0000	  1.0010
864.0000	576.0000	  0.5623	-13.4108	  1.0000	  1.0000
896.0000	576.0000	  0.5656	-13.0287	  1.0000	  1.0010
928.0000	576.0000	  0.5716	-12.5235	  1.0000	  1.0008
960.0000	576.0000	  0.5795	-11.9934	  1.0000	  1.0004
992.0000	576.0000	  0.5867	-11.5642	  1.0000	  1.0017
1024.0000	576.0000	  0.5915	-11.2998	  1.0000	  1.0003
 32.0000	608.0000	  0.6443	  0.1645	  1.0000	  1.0229
 64.0000	608.0000	  0.6144	  0.1627	  1.0000	  1.0010
 96.0000	608.0000	  0.5739	  0.1755	  0.0000	  1.0257
128.0000	608.0000	  0.6228	  0.1821	  1.0000	  1.0249
160.0000	608.0000	  0.6795	  0.2259	  0.0000	  1.0215
192.0000	608.0000	  0.7412	  0.2527	  1.0000	  1.0011
224.0000	608.0000	  0.8112	  0.2504	  1.0000	  1.0007
256.0000	608.0000	  0.8548	  0.2104	  1.0000	  1.0002
288.0000	608.0000	  0.8580	  0.1565	  1.0000	  1.0004
320.0000	608.0000	  0.8265	  0.1173	  1.0000	  1.0019
352.0000	608.0000	  0.7783	  0.1209	  1.0000	  1.0008
384.0000	608.0000	  0.7322	  0.1490	  1.0000	  1.0004
416.0000	608.0000	  0.6918	  0.1965	  1.0000	  1.0003
448.0000	608.0000	  0.6519	  0.2526	  1.0000	  1.0012
480.0000	608.0000	  0.6032	  0.3024	  1.0000	  1.0005
512.0000	608.0000	  0.5419	  0.2620	  1.0000	  1.0004
544.0000	608.0000	  0.4767	 -0.0761	  1.0000	  1.0009
576.0000	608.0000	  0.4204	 -1.0942	  1.0000	  1.0012
608.0000	608.0000	  0.3913	 -3.1348	  1.0000	  1.0000
640.0000	608.0000	  0.3954	 -5.5739	  1.0000	  1.0005
672.0000	608.0000	  0.4278	 -8.0899	  1.0000	  1.0001
704.0000	608.0000	  0.4728	-10.3847	  1.0000	  0.0000
736.0000	608.0000	  0.5155	-12.2792	  1.0000	  1.0000
768.0000	608.0000	  0.5415	-13.3507	  1.0000	  1.0012
800.0000	608.0000	  0.5535	-13.8039	  1.0000	  1.0004
832.0000	608.0000	  0.5582	-13.8788	  1.0000	  1.0014
864.0000	608.0000	  0.5609	-13.7157	  1.0000	  1.0009
896.0000	608.0000	  0.5649	-13.3831	  1.0000	  1.0004
928.0000	608.0000	  0.5711	-12.9552	  1.0000	  1.0008
960.0000	608.0000	  0.5786	-12.5111	  1.0000	  1.0002
992.0000	608.0000	  0.5852	-12.1504	  1.0000	  1.0017
1024.0000	608.0000	  0.5895	-11.9273	  1.0000	  1.0004
