  8.0000	  8.0000	  1.5189	  1.3038	  0.0000	  1.7697
 16.0000	  8.0000	  1.6446	  1.1212	  0.0000	  1.7914
 24.0000	  8.0000	  1.7044	  0.9719	  0.0000	  1.7849
 32.0000	  8.0000	  1.6731	  0.8914	  0.0000	  1.7786
 40.0000	  8.0000	  1.6477	  0.9254	  0.0000	  1.8098
 48.0000	  8.0000	  1.4355	  1.0965	  0.0000	  1.7845
 56.0000	  8.0000	  1.3221	  1.2375	  0.0000	  1.7911
 64.0000	  8.0000	  1.1678	  1.2756	  0.0000	  1.7554
 72.0000	  8.0000	  0.8253	  1.3050	  0.0000	  1.7958
 80.0000	  8.0000	  0.4779	  1.3665	  0.0000	  1.7812
 88.0000	  8.0000	  0.2421	  1.4566	  0.0000	  1.7587
 96.0000	  8.0000	  0.0252	  1.5040	  0.0000	  1.7552
104.0000	  8.0000	 -0.0073	  1.4642	  0.0000	  1.7989
112.0000	  8.0000	  0.0779	  1.3236	  0.0000	  1.7399
120.0000	  8.0000	 -0.1403	  1.0755	  0.0000	  1.8064
128.0000	  8.0000	 -0.4867	  0.8950	  0.0000	  1.7907
136.0000	  8.0000	 -0.7494	  0.8183	  0.0000	  1.7400
144.0000	  8.0000	 -0.7569	  0.7127	  0.0000	  1.8010
152.0000	  8.0000	 -0.8039	  0.5984	  0.0000	  1.8020
160.0000	  8.0000	 -0.8171	  0.6157	  0.0000	  1.7653
168.0000	  8.0000	 -0.6266	  0.7490	  0.0000	  1.7906
176.0000	  8.0000	 -0.3640	  0.8275	  0.0000	  1.7805
184.0000	  8.0000	 -0.2517	  0.7904	  0.0000	  1.7713
192.0000	  8.0000	 -0.3821	  0.6608	  0.0000	  1.7849
200.0000	  8.0000	 -0.5299	  0.5856	  0.0000	  1.7614
208.0000	  8.0000	 -0.4806	  0.7453	  0.0000	  1.7870
216.0000	  8.0000	 -0.4468	  1.2442	  0.0000	  1.8164
224.0000	  8.0000	 -0.6304	  1.8531	  0.0000	  1.7909
232.0000	  8.0000	 -0.9639	  2.2730	  0.0000	  1.7886
240.0000	  8.0000	 -1.3116	  2.3752	  0.0000	  1.8226
248.0000	  8.0000	 -1.3889	  2.2298	  0.0000	  1.8197
256.0000	  8.0000	 -1.3956	  1.8317	  0.0000	  1.7919
264.0000	  8.0000	 -1.6102	  1.1410	  0.0000	  1.7465
272.0000	  8.0000	 -1.8909	  0.2725	  0.0000	  1.7600
280.0000	  8.0000	 -1.8327	 -0.6498	  0.0000	  1.7656
288.0000	  8.0000	 -1.4666	 -1.3593	  0.0000	  1.7924
296.0000	  8.0000	 -1.1717	 -1.7097	  0.0000	  1.8012
304.0000	  8.0000	 -0.6122	 -1.5939	  0.0000	  1.7775
312.0000	  8.0000	 -0.1431	 -1.2275	  0.0000	  1.7532
320.0000	  8.0000	  0.1555	 -1.0164	  0.0000	  1.7657
328.0000	  8.0000	  0.4626	 -0.8134	  0.0000	  1.7928
336.0000	  8.0000	  0.6905	 -0.3640	  0.0000	  1.8384
344.0000	  8.0000	  0.7670	  0.3209	  0.0000	  1.7800
352.0000	  8.0000	  0.7307	  1.0223	  0.0000	  1.8025
360.0000	  8.0000	  0.7476	  1.5225	  0.0000	  1.7559
368.0000	  8.0000	  0.8139	  1.8670	  0.0000	  1.7517
376.0000	  8.0000	  0.8299	  2.1539	  0.0000	  1.7440
384.0000	  8.0000	  0.9804	  2.4519	  0.0000	  1.7870
392.0000	  8.0000	  1.1107	  2.7478	  0.0000	  1.7859
400.0000	  8.0000	  1.1026	  3.1898	  0.0000	  1.7869
408.0000	  8.0000	  0.9611	  3.7855	  0.0000	  1.7835
416.0000	  8.0000	  0.6861	  4.0634	  0.0000	  1.7795
424.0000	  8.0000	  0.6149	  3.7453	  0.0000	  1.7863
432.0000	  8.0000	  0.7851	  3.2208	  0.0000	  1.7855
440.0000	  8.0000	  0.9831	  2.7955	  0.0000	  1.7704
448.0000	  8.0000	  0.8398	  2.4883	  0.0000	  1.8072
456.0000	  8.0000	  0.4045	  2.4536	  0.0000	  1.7740
464.0000	  8.0000	  0.0482	  2.5284	  0.0000	  1.7526
  8.0000	 16.0000	  1.4836	  1.0468	  0.0000	  1.7680
 16.0000	 16.0000	  1.6152	  0.8908	  0.0000	  1.8153
 24.0000	 16.0000	  1.6976	  0.6929	  0.0000	  1.7556
 32.0000	 16.0000	  1.6757	  0.5894	  0.0000	  1.8063
 40.0000	 16.0000	  1.5973	  0.6533	  0.0000	  1.7779
 48.0000	 16.0000	  1.4306	  0.8786	  0.0000	  1.7825
 56.0000	 16.0000	  1.3083	  1.0819	  0.0000	  1.7486
 64.0000	 16.0000	  1.1512	  1.1856	  0.0000	  1.7661
 72.0000	 16.0000	  0.8803	  1.2101	  0.0000	  1.7946
 80.0000	 16.0000	  0.5828	  1.3127	  0.0000	  1.7809
 88.0000	 16.0000	  0.3215	  1.4851	  0.0000	  1.7969
 96.0000	 16.0000	  0.1609	  1.5048	  0.0000	  1.7896
104.0000	 16.0000	  0.1011	  1.4054	  0.0000	  1.7905
112.0000	 16.0000	  0.0626	  1.2628	  0.0000	  1.7454
120.0000	 16.0000	 -0.1756	  1.0625	  0.0000	  1.8012
128.0000	 16.0000	 -0.4994	  0.9510	  0.0000	  1.7987
136.0000	 16.0000	 -0.8203	  0.9264	  0.0000	  1.7724
144.0000	 16.0000	 -0.8673	  0.8194	  0.0000	  1.7751
152.0000	 16.0000	 -0.8901	  0.6758	  0.0000	  1.7644
160.0000	 16.0000	 -0.8008	  0.6323	  0.0000	  1.8019
168.0000	 16.0000	 -0.6064	  0.6423	  0.0000	  1.7730
176.0000	 16.0000	 -0.3696	  0.6545	  0.0000	  1.7863
184.0000	 16.0000	 -0.2682	  0.6571	  0.0000	  1.7653
192.0000	 16.0000	 -0.3659	  0.6006	  0.0000	  1.7661
200.0000	 16.0000	 -0.4760	  0.5647	  0.0000	  1.7670
208.0000	 16.0000	 -0.4517	  0.6841	  0.0000	  1.7588
216.0000	 16.0000	 -0.3404	  1.1021	  0.0000	  1.7552
224.0000	 16.0000	 -0.5258	  1.6932	  0.0000	  1.7537
232.0000	 16.0000	 -0.9273	  2.1814	  0.0000	  1.7719
240.0000	 16.0000	 -1.4716	  2.3891	  0.0000	  1.7616
248.0000	 16.0000	 -1.6726	  2.2879	  0.0000	  1.7560
256.0000	 16.0000	 -1.6448	  1.8424	  0.0000	  1.7891
264.0000	 16.0000	 -1.8165	  1.0658	  0.0000	  1.7953
272.0000	 16.0000	 -2.0252	  0.0934	  0.0000	  1.7900
280.0000	 16.0000	 -1.9718	 -0.8325	  0.0000	  1.7867
288.0000	 16.0000	 -1.6693	 -1.5202	  0.0000	  1.7978
296.0000	 16.0000	 -1.2134	 -1.8755	  0.0000	  1.7854
304.0000	 16.0000	 -0.5126	 -1.7339	  0.0000	  1.7715
312.0000	 16.0000	  0.0227	 -1.2812	  0.0000	  1.7731
320.0000	 16.0000	  0.2299	 -0.9480	  0.0000	  1.7955
328.0000	 16.0000	  0.4709	 -0.6832	  0.0000	  1.8041
336.0000	 16.0000	  0.7287	 -0.2907	  0.0000	  1.8001
344.0000	 16.0000	  0.8993	  0.2348	  0.0000	  1.7871
352.0000	 16.0000	  0.9097	  0.8295	  0.0000	  1.8025
360.0000	 16.0000	  0.9708	  1.3111	  0.0000	  1.7931
368.0000	 16.0000	  0.9735	  1.6307	  0.0000	  1.7940
376.0000	 16.0000	  0.9733	  1.9251	  0.0000	  1.8150
384.0000	 16.0000	  1.0306	  2.2838	  0.0000	  1.7870
392.0000	 16.0000	  1.1031	  2.5940	  0.0000	  1.8083
400.0000	 16.0000	  1.0257	  2.9707	  0.0000	  1.7737
408.0000	 16.0000	  0.9477	  3.4294	  0.0000	  1.7640
416.0000	 16.0000	  0.7922	  3.6798	  0.0000	  1.7630
424.0000	 16.0000	  0.7280	  3.5030	  0.0000	  1.8475
432.0000	 16.0000	  0.8896	  3.0567	  0.0000	  1.7666
440.0000	 16.0000	  1.0538	  2.6083	  0.0000	  1.7793
448.0000	 16.0000	  0.8520	  2.3042	  0.0000	  1.8068
456.0000	 16.0000	  0.5111	  2.3456	  0.0000	  1.8004
464.0000	 16.0000	  0.2876	  2.5217	  0.0000	  1.7448
  8.0000	 24.0000	  1.6006	  1.0351	  0.0000	  1.7976
 16.0000	 24.0000	  1.6606	  0.7966	  0.0000	  1.7793
 24.0000	 24.0000	  1.6915	  0.4963	  0.0000	  1.7888
 32.0000	 24.0000	  1.6394	  0.3835	  0.0000	  1.7807
 40.0000	 24.0000	  1.5042	  0.4833	  0.0000	  1.7791
 48.0000	 24.0000	  1.3516	  0.6798	  0.0000	  1.8219
 56.0000	 24.0000	  1.2507	  0.9115	  0.0000	  1.7577
 64.0000	 24.0000	  1.1626	  1.0474	  0.0000	  1.8022
 72.0000	 24.0000	  1.0100	  1.0828	  0.0000	  1.7572
 80.0000	 24.0000	  0.7865	  1.2341	  0.0000	  1.7691
 88.0000	 24.0000	  0.5551	  1.3729	  0.0000	  1.7627
 96.0000	 24.0000	  0.4486	  1.3789	  0.0000	  1.8085
104.0000	 24.0000	  0.3067	  1.4165	  0.0000	  1.7766
112.0000	 24.0000	  0.0336	  1.4501	  0.0000	  1.7582
120.0000	 24.0000	 -0.2975	  1.3704	  0.0000	  1.7682
128.0000	 24.0000	 -0.5813	  1.2206	  0.0000	  1.7867
136.0000	 24.0000	 -0.9065	  1.0524	  0.0000	  1.7929
144.0000	 24.0000	 -0.9818	  0.8714	  0.0000	  1.7533
152.0000	 24.0000	 -0.9496	  0.7290	  0.0000	  1.7512
160.0000	 24.0000	 -0.8475	  0.6337	  0.0000	  1.8079
168.0000	 24.0000	 -0.6587	  0.5267	  0.0000	  1.7915
176.0000	 24.0000	 -0.4321	  0.4540	  0.0000	  1.7800
184.0000	 24.0000	 -0.2939	  0.4382	  0.0000	  1.7647
192.0000	 24.0000	 -0.3375	  0.4205	  0.0000	  1.7682
200.0000	 24.0000	 -0.4262	  0.4967	  0.0000	  1.7994
208.0000	 24.0000	 -0.4472	  0.7337	  0.0000	  1.7408
216.0000	 24.0000	 -0.2801	  1.1818	  0.0000	  1.7610
224.0000	 24.0000	 -0.4096	  1.7805	  0.0000	  1.7601
232.0000	 24.0000	 -0.9108	  2.3044	  0.0000	  1.8092
240.0000	 24.0000	 -1.7499	  2.5741	  0.0000	  1.8077
248.0000	 24.0000	 -2.1662	  2.4692	  0.0000	  1.7670
256.0000	 24.0000	 -2.0997	  1.9187	  0.0000	  1.7785
264.0000	 24.0000	 -2.1509	  1.0625	  0.0000	  1.7617
272.0000	 24.0000	 -2.2755	  0.0358	  0.0000	  1.7631
280.0000	 24.0000	 -2.3421	 -0.9630	  0.0000	  1.7539
288.0000	 24.0000	 -2.1251	 -1.7744	  0.0000	  1.7667
296.0000	 24.0000	 -1.3771	 -2.1951	  0.0000	  1.7647
304.0000	 24.0000	 -0.2778	 -2.0161	  0.0000	  1.7734
312.0000	 24.0000	  0.3433	 -1.3824	  0.0000	  1.7832
320.0000	 24.0000	  0.4746	 -0.7855	  0.0000	  1.7448
328.0000	 24.0000	  0.6223	 -0.3607	  0.0000	  1.7292
336.0000	 24.0000	  0.8906	  0.0065	  0.0000	  1.7709
344.0000	 24.0000	  1.0380	  0.4228	  0.0000	  1.7938
352.0000	 24.0000	  1.1053	  0.8564	  0.0000	  1.7426
360.0000	 24.0000	  1.2302	  1.2082	  0.0000	  1.7893
368.0000	 24.0000	  1.2141	  1.4800	  0.0000	  1.7848
376.0000	 24.0000	  1.2409	  1.8312	  0.0000	  1.8033
384.0000	 24.0000	  1.1549	  2.2923	  0.0000	  1.7973
392.0000	 24.0000	  1.1368	  2.6120	  0.0000	  1.7687
400.0000	 24.0000	  1.0117	  2.9004	  0.0000	  1.7644
408.0000	 24.0000	  0.9999	  3.2809	  0.0000	  1.7899
416.0000	 24.0000	  0.9666	  3.5511	  0.0000	  1.7575
424.0000	 24.0000	  0.9695	  3.4470	  0.0000	  1.8212
432.0000	 24.0000	  1.1240	  3.0067	  0.0000	  1.8019
440.0000	 24.0000	  1.2710	  2.5961	  0.0000	  1.7506
448.0000	 24.0000	  1.1329	  2.3755	  0.0000	  1.7425
456.0000	 24.0000	  0.8154	  2.4205	  0.0000	  1.7625
464.0000	 24.0000	  0.6250	  2.5349	  0.0000	  1.7803
  8.0000	 32.0000	  1.8418	  0.8218	  0.0000	  1.7760
 16.0000	 32.0000	  1.7889	  0.5552	  0.0000	  1.7866
 24.0000	 32.0000	  1.6916	  0.2641	  0.0000	  1.8261
 32.0000	 32.0000	  1.5850	  0.1565	  0.0000	  1.7760
 40.0000	 32.0000	  1.4072	  0.2122	  0.0000	  1.7833
 48.0000	 32.0000	  1.2476	  0.3448	  0.0000	  1.7866
 56.0000	 32.0000	  1.1606	  0.5476	  0.0000	  1.7593
 64.0000	 32.0000	  1.1239	  0.7349	  0.0000	  1.7401
 72.0000	 32.0000	  1.0643	  0.9038	  0.0000	  1.7566
 80.0000	 32.0000	  0.8721	  1.1426	  0.0000	  1.7834
 88.0000	 32.0000	  0.6933	  1.2708	  0.0000	  1.7831
 96.0000	 32.0000	  0.6016	  1.2887	  0.0000	  1.7959
104.0000	 32.0000	  0.4027	  1.4936	  0.0000	  1.7755
112.0000	 32.0000	 -0.0475	  1.7847	  0.0000	  1.7696
120.0000	 32.0000	 -0.4709	  1.8865	  0.0000	  1.7337
128.0000	 32.0000	 -0.7300	  1.6560	  0.0000	  1.7691
136.0000	 32.0000	 -0.9776	  1.3190	  0.0000	  1.7987
144.0000	 32.0000	 -0.9778	  1.0074	  0.0000	  1.7704
152.0000	 32.0000	 -0.8780	  0.6993	  0.0000	  1.7984
160.0000	 32.0000	 -0.8679	  0.5163	  0.0000	  1.7737
168.0000	 32.0000	 -0.7327	  0.4077	  0.0000	  1.7818
176.0000	 32.0000	 -0.5167	  0.3011	  0.0000	  1.7697
184.0000	 32.0000	 -0.3278	  0.2500	  0.0000	  1.7568
192.0000	 32.0000	 -0.3111	  0.2051	  0.0000	  1.7756
200.0000	 32.0000	 -0.3699	  0.3210	  0.0000	  1.7749
208.0000	 32.0000	 -0.3946	  0.7012	  0.0000	  1.7617
216.0000	 32.0000	 -0.2360	  1.2377	  0.0000	  1.7914
224.0000	 32.0000	 -0.2508	  1.7978	  0.0000	  1.8237
232.0000	 32.0000	 -0.8529	  2.3468	  0.0000	  2.0021
240.0000	 32.0000	 -2.1675	  2.7379	  0.0000	  1.9041
248.0000	 32.0000	 -2.8593	  2.6267	  0.0000	  1.9213
256.0000	 32.0000	 -2.7240	  1.8934	  0.0000	  1.8319
264.0000	 32.0000	 -2.6263	  1.0125	  0.0000	  1.7960
272.0000	 32.0000	 -2.6946	  0.0728	  0.0000	  1.7943
280.0000	 32.0000	 -2.9106	 -0.8615	  0.0000	  1.7840
288.0000	 32.0000	 -2.8183	 -1.7819	  0.0000	  1.9023
296.0000	 32.0000	 -1.6320	 -2.2606	  0.0000	  1.8190
304.0000	 32.0000	  0.1176	 -2.0351	  0.0000	  1.9323
312.0000	 32.0000	  0.8173	 -1.2349	  0.0000	  1.8105
320.0000	 32.0000	  0.8649	 -0.5004	  0.0000	  1.8105
328.0000	 32.0000	  0.9044	 -0.0145	  0.0000	  1.8097
336.0000	 32.0000	  1.0561	  0.2948	  0.0000	  1.8077
344.0000	 32.0000	  1.0860	  0.6040	  0.0000	  1.7924
352.0000	 32.0000	  1.1598	  0.8832	  0.0000	  1.7756
360.0000	 32.0000	  1.2922	  1.0716	  0.0000	  1.8215
368.0000	 32.0000	  1.3439	  1.3517	  0.0000	  1.7887
376.0000	 32.0000	  1.4572	  1.8494	  0.0000	  1.8273
384.0000	 32.0000	  1.3200	  2.4281	  0.0000	  1.7806
392.0000	 32.0000	  1.1722	  2.7687	  0.0000	  1.7703
400.0000	 32.0000	  1.1108	  2.9651	  0.0000	  1.8090
408.0000	 32.0000	  1.0920	  3.1836	  0.0000	  1.8281
416.0000	 32.0000	  1.0832	  3.4219	  0.0000	  1.7435
424.0000	 32.0000	  1.0997	  3.3704	  0.0000	  1.7488
432.0000	 32.0000	  1.2179	  2.9884	  0.0000	  1.7741
440.0000	 32.0000	  1.2964	  2.6145	  0.0000	  1.8202
448.0000	 32.0000	  1.2534	  2.3421	  0.0000	  1.8252
456.0000	 32.0000	  0.9706	  2.3585	  0.0000	  1.7821
464.0000	 32.0000	  0.7455	  2.4898	  0.0000	  1.8044
  8.0000	 40.0000	  1.9596	  0.3838	  0.0000	  1.7714
 16.0000	 40.0000	  1.9116	  0.1411	  0.0000	  1.7566
 24.0000	 40.0000	  1.7448	 -0.1116	  0.0000	  1.7711
 32.0000	 40.0000	  1.5778	 -0.1463	  0.0000	  1.7580
 40.0000	 40.0000	  1.3651	 -0.0605	  0.0000	  1.7604
 48.0000	 40.0000	  1.1936	  0.0251	  0.0000	  1.7684
 56.0000	 40.0000	  1.0451	  0.2448	  0.0000	  1.7615
 64.0000	 40.0000	  0.9722	  0.5586	  0.0000	  1.7650
 72.0000	 40.0000	  0.9507	  0.8258	  0.0000	  1.7741
 80.0000	 40.0000	  0.8301	  1.0604	  0.0000	  1.7752
 88.0000	 40.0000	  0.7034	  1.2071	  0.0000	  1.7747
 96.0000	 40.0000	  0.5652	  1.3624	  0.0000	  1.7871
104.0000	 40.0000	  0.3179	  1.6790	  0.0000	  1.7926
112.0000	 40.0000	 -0.2111	  2.0337	  0.0000	  1.8069
120.0000	 40.0000	 -0.6550	  2.1254	  0.0000	  1.7686
128.0000	 40.0000	 -0.8680	  1.8471	  0.0000	  1.7508
136.0000	 40.0000	 -1.0563	  1.4824	  0.0000	  1.7733
144.0000	 40.0000	 -1.0016	  1.0289	  0.0000	  1.7739
152.0000	 40.0000	 -0.8551	  0.5066	  0.0000	  1.7710
160.0000	 40.0000	 -0.8475	  0.1446	  0.0000	  1.7872
168.0000	 40.0000	 -0.7675	 -0.1079	  0.0000	  1.7881
176.0000	 40.0000	 -0.5233	 -0.2498	  0.0000	  1.8055
184.0000	 40.0000	 -0.2435	 -0.2275	  0.0000	  1.7913
192.0000	 40.0000	 -0.1586	 -0.1726	  0.0000	  1.8071
200.0000	 40.0000	 -0.1875	 -0.0324	  0.0000	  1.7649
208.0000	 40.0000	 -0.2131	  0.2967	  0.0000	  1.7819
216.0000	 40.0000	 -0.0912	  0.7329	  0.0000	  1.7948
224.0000	 40.0000	 -0.0766	  1.0872	  0.0000	  1.8054
232.0000	 40.0000	 -0.7259	  1.4056	  0.0000	  1.8636
240.0000	 40.0000	 -2.3150	  1.7431	  0.0000	  1.6902
248.0000	 40.0000	 -3.3571	  1.7875	  0.0000	  1.7496
256.0000	 40.0000	 -3.2760	  1.3066	  0.0000	  1.8027
264.0000	 40.0000	 -3.0695	  0.6814	  0.0000	  1.7537
272.0000	 40.0000	 -3.0984	  0.0882	  0.0000	  1.7680
280.0000	 40.0000	 -3.3592	 -0.4095	  0.0000	  1.7777
288.0000	 40.0000	 -3.3975	 -0.8580	  0.0000	  1.7127
296.0000	 40.0000	 -2.0248	 -1.1232	  0.0000	  1.5972
304.0000	 40.0000	  0.2402	 -1.0143	  0.0000	  1.7412
312.0000	 40.0000	  1.0856	 -0.5513	  0.0000	  1.8310
320.0000	 40.0000	  0.9698	 -0.1150	  0.0000	  1.7432
328.0000	 40.0000	  0.8981	  0.1857	  0.0000	  1.8182
336.0000	 40.0000	  0.9866	  0.3589	  0.0000	  1.7835
344.0000	 40.0000	  0.9991	  0.5314	  0.0000	  1.7930
352.0000	 40.0000	  1.0769	  0.7186	  0.0000	  1.7808
360.0000	 40.0000	  1.1882	  0.9185	  0.0000	  1.8047
368.0000	 40.0000	  1.2783	  1.1693	  0.0000	  1.7852
376.0000	 40.0000	  1.5282	  1.6559	  0.0000	  1.7903
384.0000	 40.0000	  1.4663	  2.3301	  0.0000	  1.7293
392.0000	 40.0000	  1.2957	  2.6942	  0.0000	  1.7930
400.0000	 40.0000	  1.2298	  2.8233	  0.0000	  1.7752
408.0000	 40.0000	  1.1152	  2.9000	  0.0000	  1.7726
416.0000	 40.0000	  1.0017	  2.9574	  0.0000	  1.7974
424.0000	 40.0000	  0.9522	  2.9050	  0.0000	  1.7543
432.0000	 40.0000	  0.9616	  2.7728	  0.0000	  1.7947
440.0000	 40.0000	  0.9920	  2.4619	  0.0000	  1.8124
448.0000	 40.0000	  1.0186	  2.1000	  0.0000	  1.7912
456.0000	 40.0000	  0.8166	  2.1024	  0.0000	  1.8016
464.0000	 40.0000	  0.5465	  2.3140	  0.0000	  1.7939
  8.0000	 48.0000	  1.8808	  0.1830	  0.0000	  1.8045
 16.0000	 48.0000	  1.8733	 -0.0630	  0.0000	  1.7582
 24.0000	 48.0000	  1.6858	 -0.3168	  0.0000	  1.7717
 32.0000	 48.0000	  1.4566	 -0.3590	  0.0000	  1.7682
 40.0000	 48.0000	  1.2715	 -0.3000	  0.0000	  1.7840
 48.0000	 48.0000	  1.0829	 -0.2709	  0.0000	  1.7831
 56.0000	 48.0000	  0.8727	 -0.0314	  0.0000	  1.7837
 64.0000	 48.0000	  0.7907	  0.4118	  0.0000	  1.8226
 72.0000	 48.0000	  0.8138	  0.7286	  0.0000	  1.7823
 80.0000	 48.0000	  0.7912	  0.9564	  0.0000	  1.7892
 88.0000	 48.0000	  0.7050	  1.2515	  0.0000	  1.7710
 96.0000	 48.0000	  0.5228	  1.6374	  0.0000	  1.7608
104.0000	 48.0000	  0.2491	  2.0468	  0.0000	  1.7730
112.0000	 48.0000	 -0.3171	  2.3819	  0.0000	  1.7524
120.0000	 48.0000	 -0.7941	  2.3892	  0.0000	  1.7830
128.0000	 48.0000	 -1.0179	  2.0342	  0.0000	  1.7746
136.0000	 48.0000	 -1.2110	  1.5471	  0.0000	  1.7928
144.0000	 48.0000	 -1.1976	  0.9507	  0.0000	  1.7863
152.0000	 48.0000	 -1.0155	  0.2761	  0.0000	  1.8033
160.0000	 48.0000	 -0.9324	 -0.3450	  0.0000	  1.7736
168.0000	 48.0000	 -0.7890	 -0.8532	  0.0000	  1.7837
176.0000	 48.0000	 -0.3753	 -1.0416	  0.0000	  1.7803
184.0000	 48.0000	  0.0293	 -0.8799	  0.0000	  1.7520
192.0000	 48.0000	  0.1712	 -0.6578	  0.0000	  1.7977
200.0000	 48.0000	  0.0914	 -0.4382	  0.0000	  1.8067
208.0000	 48.0000	 -0.0011	 -0.1817	  0.0000	  1.7757
216.0000	 48.0000	  0.0655	  0.0024	  0.0000	  1.7581
224.0000	 48.0000	 -0.0773	 -0.0109	  0.0000	  1.8048
232.0000	 48.0000	 -0.7644	 -0.1829	  0.0000	  1.8858
240.0000	 48.0000	 -2.2987	 -0.1523	  0.0000	  1.7074
248.0000	 48.0000	 -3.4459	  0.1403	  0.0000	  1.7825
256.0000	 48.0000	 -3.4289	  0.4281	  0.0000	  1.7732
264.0000	 48.0000	 -3.1643	  0.3040	  0.0000	  1.7748
272.0000	 48.0000	 -3.1318	  0.1804	  0.0000	  1.7903
280.0000	 48.0000	 -3.3245	  0.2660	  0.0000	  1.7739
288.0000	 48.0000	 -3.3454	  0.6138	  0.0000	  1.7991
296.0000	 48.0000	 -2.0194	  0.7429	  0.0000	  1.6865
304.0000	 48.0000	  0.1653	  0.6241	  0.0000	  1.8359
312.0000	 48.0000	  0.9398	  0.4118	  0.0000	  1.8936
320.0000	 48.0000	  0.7177	  0.3501	  0.0000	  1.8125
328.0000	 48.0000	  0.6047	  0.3372	  0.0000	  1.8025
336.0000	 48.0000	  0.6878	  0.2759	  0.0000	  1.7741
344.0000	 48.0000	  0.7924	  0.3321	  0.0000	  1.7751
352.0000	 48.0000	  0.8684	  0.4855	  0.0000	  1.7607
360.0000	 48.0000	  0.9577	  0.6340	  0.0000	  1.7993
368.0000	 48.0000	  1.0488	  0.8149	  0.0000	  1.8005
376.0000	 48.0000	  1.3580	  1.2064	  0.0000	  1.7800
384.0000	 48.0000	  1.3534	  1.7958	  0.0000	  1.7524
392.0000	 48.0000	  1.2558	  2.2861	  0.0000	  1.8080
400.0000	 48.0000	  1.1463	  2.6538	  0.0000	  1.7475
408.0000	 48.0000	  0.9654	  2.7483	  0.0000	  1.7694
416.0000	 48.0000	  0.7455	  2.5556	  0.0000	  1.8152
424.0000	 48.0000	  0.6018	  2.3363	  0.0000	  1.7734
432.0000	 48.0000	  0.5335	  2.2356	  0.0000	  1.7488
440.0000	 48.0000	  0.5376	  2.0481	  0.0000	  1.8324
448.0000	 48.0000	  0.6248	  1.7724	  0.0000	  1.8182
456.0000	 48.0000	  0.4966	  1.7051	  0.0000	  1.8254
464.0000	 48.0000	  0.2859	  1.8337	  0.0000	  1.7437
  8.0000	 56.0000	  1.5113	 -0.0259	  0.0000	  1.7839
 16.0000	 56.0000	  1.5572	 -0.1919	  0.0000	  1.7672
 24.0000	 56.0000	  1.4398	 -0.4463	  0.0000	  1.7706
 32.0000	 56.0000	  1.2096	 -0.5507	  0.0000	  1.7622
 40.0000	 56.0000	  1.0525	 -0.5180	  0.0000	  1.7999
 48.0000	 56.0000	  0.9368	 -0.4133	  0.0000	  1.7812
 56.0000	 56.0000	  0.8236	 -0.1065	  0.0000	  1.8343
 64.0000	 56.0000	  0.7485	  0.3866	  0.0000	  1.8420
 72.0000	 56.0000	  0.8631	  0.7892	  0.0000	  1.7656
 80.0000	 56.0000	  0.8771	  1.1053	  0.0000	  1.7478
 88.0000	 56.0000	  0.7601	  1.5529	  0.0000	  1.7731
 96.0000	 56.0000	  0.5806	  2.0879	  0.0000	  1.7430
104.0000	 56.0000	  0.2851	  2.5694	  0.0000	  1.7682
112.0000	 56.0000	 -0.3028	  2.9215	  0.0000	  1.7618
120.0000	 56.0000	 -0.8944	  2.9038	  0.0000	  1.7895
128.0000	 56.0000	 -1.1971	  2.4250	  0.0000	  1.7462
136.0000	 56.0000	 -1.4054	  1.7493	  0.0000	  1.7485
144.0000	 56.0000	 -1.5128	  0.9522	  0.0000	  1.7388
152.0000	 56.0000	 -1.3661	  0.0659	  0.0000	  1.7791
160.0000	 56.0000	 -1.2472	 -0.7877	  0.0000	  1.7859
168.0000	 56.0000	 -0.8539	 -1.4554	  0.0000	  1.7827
176.0000	 56.0000	 -0.0552	 -1.6223	  0.0000	  1.7687
184.0000	 56.0000	  0.5151	 -1.2999	  0.0000	  1.7886
192.0000	 56.0000	  0.6367	 -0.9035	  0.0000	  1.8096
200.0000	 56.0000	  0.4101	 -0.6373	  0.0000	  1.7874
208.0000	 56.0000	  0.1937	 -0.4831	  0.0000	  1.7787
216.0000	 56.0000	  0.1016	 -0.4871	  0.0000	  1.8101
224.0000	 56.0000	 -0.2937	 -0.7194	  0.0000	  1.7703
232.0000	 56.0000	 -1.0751	 -1.1467	  0.0000	  1.8829
240.0000	 56.0000	 -2.2865	 -1.1600	  0.0000	  1.8720
248.0000	 56.0000	 -3.1644	 -0.6846	  0.0000	  1.9447
256.0000	 56.0000	 -3.1239	 -0.1049	  0.0000	  1.7769
264.0000	 56.0000	 -2.8701	  0.0813	  0.0000	  1.7796
272.0000	 56.0000	 -2.6987	  0.2222	  0.0000	  1.8054
280.0000	 56.0000	 -2.7204	  0.5793	  0.0000	  1.7793
288.0000	 56.0000	 -2.5338	  1.1677	  0.0000	  1.8707
296.0000	 56.0000	 -1.4303	  1.4962	  0.0000	  1.8496
304.0000	 56.0000	  0.0707	  1.3579	  0.0000	  1.9308
312.0000	 56.0000	  0.5304	  0.8815	  0.0000	  1.7658
320.0000	 56.0000	  0.3982	  0.5701	  0.0000	  1.8139
328.0000	 56.0000	  0.3351	  0.3523	  0.0000	  1.7864
336.0000	 56.0000	  0.3815	  0.1656	  0.0000	  1.7719
344.0000	 56.0000	  0.5325	  0.1777	  0.0000	  1.8153
352.0000	 56.0000	  0.5797	  0.3347	  0.0000	  1.7671
360.0000	 56.0000	  0.6354	  0.5138	  0.0000	  1.7534
368.0000	 56.0000	  0.6677	  0.6877	  0.0000	  1.7665
376.0000	 56.0000	  0.9064	  0.9956	  0.0000	  1.7673
384.0000	 56.0000	  0.9479	  1.5083	  0.0000	  1.7587
392.0000	 56.0000	  0.8672	  2.1324	  0.0000	  1.8150
400.0000	 56.0000	  0.7031	  2.6151	  0.0000	  1.7781
408.0000	 56.0000	  0.5759	  2.6054	  0.0000	  1.7976
416.0000	 56.0000	  0.3898	  2.2404	  0.0000	  1.7986
424.0000	 56.0000	  0.2553	  1.9538	  0.0000	  1.8149
432.0000	 56.0000	  0.1674	  1.8390	  0.0000	  1.7753
440.0000	 56.0000	  0.1493	  1.7359	  0.0000	  1.7808
448.0000	 56.0000	  0.2274	  1.6034	  0.0000	  1.7644
456.0000	 56.0000	  0.2013	  1.5254	  0.0000	  1.8064
464.0000	 56.0000	  0.1791	  1.5504	  0.0000	  1.7362
  8.0000	 64.0000	  1.1293	 -0.2284	  0.0000	  1.7781
 16.0000	 64.0000	  1.2255	 -0.2486	  0.0000	  1.7863
 24.0000	 64.0000	  1.1858	 -0.3554	  0.0000	  1.7949
 32.0000	 64.0000	  0.9802	 -0.4519	  0.0000	  1.7936
 40.0000	 64.0000	  0.7969	 -0.4978	  0.0000	  1.7653
 48.0000	 64.0000	  0.7833	 -0.3466	  0.0000	  1.7557
 56.0000	 64.0000	  0.8202	 -0.0318	  0.0000	  1.8092
 64.0000	 64.0000	  0.8764	  0.4574	  0.0000	  1.8279
 72.0000	 64.0000	  1.0753	  0.9982	  0.0000	  1.8131
 80.0000	 64.0000	  1.1056	  1.4209	  0.0000	  1.8528
 88.0000	 64.0000	  0.9373	  1.8829	  0.0000	  1.8285
 96.0000	 64.0000	  0.7358	  2.4376	  0.0000	  1.7929
104.0000	 64.0000	  0.3552	  2.9854	  0.0000	  1.8672
112.0000	 64.0000	 -0.3596	  3.4797	  0.0000	  1.8562
120.0000	 64.0000	 -1.2071	  3.6058	  0.0000	  1.8184
128.0000	 64.0000	 -1.5543	  3.0173	  0.0000	  1.7711
136.0000	 64.0000	 -1.6873	  2.0830	  0.0000	  1.7741
144.0000	 64.0000	 -1.8542	  1.0231	  0.0000	  1.7913
152.0000	 64.0000	 -1.8740	 -0.0823	  0.0000	  1.8150
160.0000	 64.0000	 -1.7824	 -1.1494	  0.0000	  1.7812
168.0000	 64.0000	 -1.0432	 -1.9062	  0.0000	  1.7842
176.0000	 64.0000	  0.3147	 -1.9748	  0.0000	  1.7930
184.0000	 64.0000	  1.1707	 -1.4504	  0.0000	  1.7789
192.0000	 64.0000	  1.1847	 -0.8808	  0.0000	  1.7900
200.0000	 64.0000	  0.7161	 -0.5849	  0.0000	  1.7561
208.0000	 64.0000	  0.3587	 -0.5551	  0.0000	  1.7780
216.0000	 64.0000	  0.0792	 -0.6565	  0.0000	  1.8356
224.0000	 64.0000	 -0.5262	 -0.7945	  0.0000	  1.7756
232.0000	 64.0000	 -1.3718	 -0.9905	  0.0000	  1.8013
240.0000	 64.0000	 -2.1550	 -0.9587	  0.0000	  1.7917
248.0000	 64.0000	 -2.7242	 -0.6107	  0.0000	  1.7821
256.0000	 64.0000	 -2.6815	 -0.2049	  0.0000	  1.8163
264.0000	 64.0000	 -2.4283	 -0.0165	  0.0000	  1.8103
272.0000	 64.0000	 -2.1295	  0.2045	  0.0000	  1.7656
280.0000	 64.0000	 -1.9313	  0.5906	  0.0000	  1.7596
288.0000	 64.0000	 -1.5617	  1.0004	  0.0000	  1.7899
296.0000	 64.0000	 -0.8154	  1.2313	  0.0000	  1.7803
304.0000	 64.0000	 -0.0209	  1.1244	  0.0000	  1.8064
312.0000	 64.0000	  0.1520	  0.7319	  0.0000	  1.7697
320.0000	 64.0000	  0.1622	  0.4266	  0.0000	  1.8046
328.0000	 64.0000	  0.1712	  0.2263	  0.0000	  1.7729
336.0000	 64.0000	  0.2052	  0.0760	  0.0000	  1.7724
344.0000	 64.0000	  0.3550	  0.0877	  0.0000	  1.7766
352.0000	 64.0000	  0.3936	  0.1817	  0.0000	  1.7837
360.0000	 64.0000	  0.4040	  0.3204	  0.0000	  1.7872
368.0000	 64.0000	  0.3725	  0.5684	  0.0000	  1.7561
376.0000	 64.0000	  0.5678	  0.9511	  0.0000	  1.7967
384.0000	 64.0000	  0.6332	  1.4355	  0.0000	  1.7917
392.0000	 64.0000	  0.4765	  2.0410	  0.0000	  1.7915
400.0000	 64.0000	  0.2428	  2.5519	  0.0000	  1.7594
408.0000	 64.0000	  0.1820	  2.5583	  0.0000	  1.7921
416.0000	 64.0000	  0.0714	  2.2511	  0.0000	  1.7920
424.0000	 64.0000	  0.0387	  1.9946	  0.0000	  1.7924
432.0000	 64.0000	 -0.0611	  1.8118	  0.0000	  1.8041
440.0000	 64.0000	 -0.1147	  1.6612	  0.0000	  1.8011
448.0000	 64.0000	 -0.0629	  1.6027	  0.0000	  1.7813
456.0000	 64.0000	  0.0210	  1.5206	  0.0000	  1.7818
464.0000	 64.0000	  0.1109	  1.3953	  0.0000	  1.7921
  8.0000	 72.0000	  1.0859	 -0.1843	  0.0000	  1.7356
 16.0000	 72.0000	  1.1174	 -0.1711	  0.0000	  1.7719
 24.0000	 72.0000	  0.9836	 -0.1521	  0.0000	  1.7621
 32.0000	 72.0000	  0.8038	 -0.1049	  0.0000	  1.7582
 40.0000	 72.0000	  0.7077	 -0.1242	  0.0000	  1.7636
 48.0000	 72.0000	  0.6801	 -0.0743	  0.0000	  1.7667
 56.0000	 72.0000	  0.7474	  0.0521	  0.0000	  1.8281
 64.0000	 72.0000	  0.9397	  0.3948	  0.0000	  1.8119
 72.0000	 72.0000	  1.2090	  1.0084	  0.0000	  1.7674
 80.0000	 72.0000	  1.2643	  1.5733	  0.0000	  1.7750
 88.0000	 72.0000	  1.0681	  2.0541	  0.0000	  1.7686
 96.0000	 72.0000	  0.8458	  2.5430	  0.0000	  1.7740
104.0000	 72.0000	  0.3904	  2.9464	  1.0000	  1.9387
112.0000	 72.0000	 -0.5867	  3.4297	  1.0000	  1.7914
120.0000	 72.0000	 -1.7532	  3.8435	  0.0000	  1.7524
128.0000	 72.0000	 -2.1058	  3.3124	  0.0000	  1.8272
136.0000	 72.0000	 -2.0609	  2.2616	  0.0000	  1.7838
144.0000	 72.0000	 -2.2168	  1.1441	  0.0000	  1.7725
152.0000	 72.0000	 -2.4208	  0.0400	  0.0000	  1.8186
160.0000	 72.0000	 -2.4331	 -1.0097	  0.0000	  1.8654
168.0000	 72.0000	 -1.3600	 -1.6285	  0.0000	  1.6664
176.0000	 72.0000	  0.6998	 -1.6055	  0.0000	  1.7256
184.0000	 72.0000	  1.8574	 -1.0811	  0.0000	  1.8993
192.0000	 72.0000	  1.6594	 -0.4884	  0.0000	  1.7825
200.0000	 72.0000	  0.9397	 -0.2483	  0.0000	  1.7416
208.0000	 72.0000	  0.4839	 -0.2851	  0.0000	  1.7789
216.0000	 72.0000	  0.0489	 -0.3794	  0.0000	  1.7879
224.0000	 72.0000	 -0.5972	 -0.4213	  0.0000	  1.7913
232.0000	 72.0000	 -1.3074	 -0.4660	  0.0000	  1.8216
240.0000	 72.0000	 -1.7978	 -0.4240	  0.0000	  1.7853
248.0000	 72.0000	 -2.2810	 -0.2011	  0.0000	  1.7465
256.0000	 72.0000	 -2.2713	  0.0130	  0.0000	  1.7752
264.0000	 72.0000	 -2.0574	  0.0908	  0.0000	  1.7390
272.0000	 72.0000	 -1.7058	  0.3619	  0.0000	  1.7533
280.0000	 72.0000	 -1.3456	  0.7513	  0.0000	  1.8116
288.0000	 72.0000	 -0.9022	  0.9710	  0.0000	  1.7800
296.0000	 72.0000	 -0.4289	  1.0323	  0.0000	  1.7458
304.0000	 72.0000	 -0.0861	  0.8742	  0.0000	  1.7978
312.0000	 72.0000	 -0.0197	  0.5171	  0.0000	  1.7815
320.0000	 72.0000	  0.0871	  0.2087	  0.0000	  1.7719
328.0000	 72.0000	  0.1262	  0.0896	  0.0000	  1.7626
336.0000	 72.0000	  0.1972	  0.0783	  0.0000	  1.7908
344.0000	 72.0000	  0.4212	  0.1552	  0.0000	  1.7796
352.0000	 72.0000	  0.4828	  0.2660	  0.0000	  1.7907
360.0000	 72.0000	  0.3975	  0.3594	  0.0000	  1.7870
368.0000	 72.0000	  0.4208	  0.5463	  0.0000	  1.7575
376.0000	 72.0000	  0.5546	  0.9589	  0.0000	  1.7646
384.0000	 72.0000	  0.5548	  1.5067	  0.0000	  1.7824
392.0000	 72.0000	  0.3178	  2.0678	  0.0000	  1.7654
400.0000	 72.0000	  0.0325	  2.5150	  0.0000	  1.7510
408.0000	 72.0000	  0.0024	  2.5852	  0.0000	  1.7525
416.0000	 72.0000	 -0.0616	  2.3851	  0.0000	  1.7908
424.0000	 72.0000	 -0.0734	  2.0820	  0.0000	  1.7722
432.0000	 72.0000	 -0.1811	  1.8143	  0.0000	  1.7689
440.0000	 72.0000	 -0.2908	  1.7145	  0.0000	  1.7837
448.0000	 72.0000	 -0.2686	  1.7310	  0.0000	  1.7760
456.0000	 72.0000	 -0.1070	  1.5754	  0.0000	  1.7561
464.0000	 72.0000	 -0.0407	  1.2439	  0.0000	  1.7934
  8.0000	 80.0000	  1.1526	  0.1937	  0.0000	  1.7944
 16.0000	 80.0000	  1.0100	  0.1919	  0.0000	  1.8295
 24.0000	 80.0000	  0.7402	  0.1676	  0.0000	  1.7615
 32.0000	 80.0000	  0.6637	  0.2084	  0.0000	  1.7731
 40.0000	 80.0000	  0.7074	  0.2339	  0.0000	  1.7740
 48.0000	 80.0000	  0.6905	  0.2751	  0.0000	  1.7161
 56.0000	 80.0000	  0.7480	  0.3308	  0.0000	  1.7412
 64.0000	 80.0000	  0.8980	  0.5097	  0.0000	  1.7579
 72.0000	 80.0000	  1.1220	  0.9340	  0.0000	  1.7657
 80.0000	 80.0000	  1.2719	  1.3691	  0.0000	  1.8011
 88.0000	 80.0000	  1.1552	  1.7100	  0.0000	  1.7491
 96.0000	 80.0000	  1.0578	  2.0053	  0.0000	  1.7925
104.0000	 80.0000	  0.6729	  2.1943	  0.0000	  1.9153
112.0000	 80.0000	 -0.5311	  2.5248	  0.0000	  1.6669
120.0000	 80.0000	 -1.9650	  2.8205	  0.0000	  1.6145
128.0000	 80.0000	 -2.4925	  2.6179	  0.0000	  1.7501
136.0000	 80.0000	 -2.3315	  2.0329	  0.0000	  1.7574
144.0000	 80.0000	 -2.3947	  1.2680	  0.0000	  1.7608
152.0000	 80.0000	 -2.6394	  0.6409	  0.0000	  1.7512
160.0000	 80.0000	 -2.7639	  0.2804	  0.0000	  1.7803
168.0000	 80.0000	 -1.6238	  0.0046	  0.0000	  1.6085
176.0000	 80.0000	  0.6988	 -0.0503	  0.0000	  1.6864
184.0000	 80.0000	  1.9978	  0.1023	  0.0000	  1.8726
192.0000	 80.0000	  1.7752	  0.2438	  0.0000	  1.7829
200.0000	 80.0000	  1.0307	  0.2024	  0.0000	  1.7944
208.0000	 80.0000	  0.5097	  0.1009	  0.0000	  1.8405
216.0000	 80.0000	  0.0118	  0.0311	  0.0000	  1.7535
224.0000	 80.0000	 -0.5281	  0.0297	  0.0000	  1.7672
232.0000	 80.0000	 -1.0402	  0.0827	  0.0000	  1.7589
240.0000	 80.0000	 -1.3565	  0.1605	  0.0000	  1.7759
248.0000	 80.0000	 -1.7474	  0.3159	  0.0000	  1.8011
256.0000	 80.0000	 -1.7976	  0.4028	  0.0000	  1.8376
264.0000	 80.0000	 -1.6858	  0.4204	  0.0000	  1.7584
272.0000	 80.0000	 -1.4042	  0.6463	  0.0000	  1.7744
280.0000	 80.0000	 -1.0051	  0.9226	  0.0000	  1.8203
288.0000	 80.0000	 -0.6048	  1.0045	  0.0000	  1.7677
296.0000	 80.0000	 -0.3712	  0.9478	  0.0000	  1.7479
304.0000	 80.0000	 -0.2496	  0.7274	  0.0000	  1.7806
312.0000	 80.0000	 -0.0920	  0.3784	  0.0000	  1.7955
320.0000	 80.0000	  0.1136	  0.0879	  0.0000	  1.7455
328.0000	 80.0000	  0.2657	 -0.0569	  0.0000	  1.7423
336.0000	 80.0000	  0.4122	 -0.0808	  0.0000	  1.7830
344.0000	 80.0000	  0.6546	  0.0280	  0.0000	  1.7824
352.0000	 80.0000	  0.7257	  0.2123	  0.0000	  1.7860
360.0000	 80.0000	  0.5569	  0.3933	  0.0000	  1.7651
368.0000	 80.0000	  0.6202	  0.6870	  0.0000	  1.7727
376.0000	 80.0000	  0.6829	  1.1380	  0.0000	  1.7709
384.0000	 80.0000	  0.6701	  1.5834	  0.0000	  1.7803
392.0000	 80.0000	  0.4562	  1.9739	  0.0000	  1.7696
400.0000	 80.0000	  0.1630	  2.2914	  0.0000	  1.7777
408.0000	 80.0000	  0.0959	  2.3591	  0.0000	  1.7779
416.0000	 80.0000	  0.0035	  2.2434	  0.0000	  1.7884
424.0000	 80.0000	 -0.1155	  2.0879	  0.0000	  1.7537
432.0000	 80.0000	 -0.2366	  1.9380	  0.0000	  1.7548
440.0000	 80.0000	 -0.3209	  1.8291	  0.0000	  1.7570
448.0000	 80.0000	 -0.2410	  1.7558	  0.0000	  1.8194
456.0000	 80.0000	 -0.0453	  1.5018	  0.0000	  1.7728
464.0000	 80.0000	 -0.0353	  1.1272	  0.0000	  1.7802
  8.0000	 88.0000	  1.2024	  0.4116	  0.0000	  1.7541
 16.0000	 88.0000	  0.9289	  0.3254	  0.0000	  1.7849
 24.0000	 88.0000	  0.5635	  0.1151	  0.0000	  1.7820
 32.0000	 88.0000	  0.5589	  0.0221	  0.0000	  1.7978
 40.0000	 88.0000	  0.6708	  0.1615	  0.0000	  1.8076
 48.0000	 88.0000	  0.7615	  0.3799	  0.0000	  1.7904
 56.0000	 88.0000	  0.8520	  0.4782	  0.0000	  1.8133
 64.0000	 88.0000	  0.8553	  0.5212	  0.0000	  1.7690
 72.0000	 88.0000	  1.0174	  0.7954	  0.0000	  1.8038
 80.0000	 88.0000	  1.2514	  1.1091	  0.0000	  1.7787
 88.0000	 88.0000	  1.2390	  1.2171	  0.0000	  1.7932
 96.0000	 88.0000	  1.2251	  1.1614	  0.0000	  1.8081
104.0000	 88.0000	  0.7894	  0.9548	  0.0000	  2.0220
112.0000	 88.0000	 -0.4306	  0.9402	  0.0000	  1.7748
120.0000	 88.0000	 -1.8687	  1.1264	  0.0000	  1.7236
128.0000	 88.0000	 -2.4884	  1.2975	  0.0000	  1.8346
136.0000	 88.0000	 -2.3387	  1.2447	  0.0000	  1.7284
144.0000	 88.0000	 -2.2236	  1.0120	  0.0000	  1.7808
152.0000	 88.0000	 -2.3552	  1.0130	  0.0000	  1.7375
160.0000	 88.0000	 -2.5235	  1.2486	  0.0000	  1.9063
168.0000	 88.0000	 -1.5718	  1.3761	  0.0000	  1.7979
176.0000	 88.0000	  0.4244	  1.3564	  0.0000	  1.9182
184.0000	 88.0000	  1.5958	  1.1311	  0.0000	  1.9868
192.0000	 88.0000	  1.4860	  0.7064	  0.0000	  1.7510
200.0000	 88.0000	  0.9163	  0.4359	  0.0000	  1.7975
208.0000	 88.0000	  0.3944	  0.3437	  0.0000	  1.7899
216.0000	 88.0000	 -0.0261	  0.3285	  0.0000	  1.7627
224.0000	 88.0000	 -0.4497	  0.3733	  0.0000	  1.8074
232.0000	 88.0000	 -0.8014	  0.4853	  0.0000	  1.7732
240.0000	 88.0000	 -0.9813	  0.5830	  0.0000	  1.7541
248.0000	 88.0000	 -1.1880	  0.6695	  0.0000	  1.7570
256.0000	 88.0000	 -1.2706	  0.7547	  0.0000	  1.7680
264.0000	 88.0000	 -1.2323	  0.7862	  0.0000	  1.7762
272.0000	 88.0000	 -1.1108	  0.8403	  0.0000	  1.7519
280.0000	 88.0000	 -0.8512	  0.9295	  0.0000	  1.7878
288.0000	 88.0000	 -0.6476	  0.9614	  0.0000	  1.7673
296.0000	 88.0000	 -0.6318	  0.9386	  0.0000	  1.7582
304.0000	 88.0000	 -0.5544	  0.7982	  0.0000	  1.7477
312.0000	 88.0000	 -0.1851	  0.4931	  0.0000	  1.7696
320.0000	 88.0000	  0.1777	  0.2003	  0.0000	  1.7741
328.0000	 88.0000	  0.5087	 -0.0050	  0.0000	  1.8143
336.0000	 88.0000	  0.6766	 -0.1256	  0.0000	  1.7745
344.0000	 88.0000	  0.8697	 -0.0203	  0.0000	  1.7713
352.0000	 88.0000	  0.9351	  0.1648	  0.0000	  1.7978
360.0000	 88.0000	  0.7798	  0.3306	  0.0000	  1.7970
368.0000	 88.0000	  0.7999	  0.7176	  0.0000	  1.8059
376.0000	 88.0000	  0.8196	  1.2554	  0.0000	  1.8016
384.0000	 88.0000	  0.8649	  1.6848	  0.0000	  1.7818
392.0000	 88.0000	  0.7470	  1.9527	  0.0000	  1.7580
400.0000	 88.0000	  0.5010	  2.1193	  0.0000	  1.7810
408.0000	 88.0000	  0.2377	  2.1437	  0.0000	  1.7565
416.0000	 88.0000	  0.0429	  2.0438	  0.0000	  1.7810
424.0000	 88.0000	 -0.1343	  1.9860	  0.0000	  1.7716
432.0000	 88.0000	 -0.3059	  2.0063	  0.0000	  1.7714
440.0000	 88.0000	 -0.2814	  1.9526	  0.0000	  1.7617
448.0000	 88.0000	 -0.0563	  1.7425	  0.0000	  1.7866
456.0000	 88.0000	  0.2040	  1.3910	  0.0000	  1.7735
464.0000	 88.0000	  0.2321	  1.0973	  0.0000	  1.8090
  8.0000	 96.0000	  1.0778	  0.3404	  0.0000	  1.7981
 16.0000	 96.0000	  0.8313	  0.0784	  0.0000	  1.7938
 24.0000	 96.0000	  0.4757	 -0.4141	  0.0000	  1.8116
 32.0000	 96.0000	  0.5406	 -0.5480	  0.0000	  1.7484
 40.0000	 96.0000	  0.6734	 -0.2970	  0.0000	  1.7705
 48.0000	 96.0000	  0.8182	  0.0304	  0.0000	  1.7680
 56.0000	 96.0000	  0.8584	  0.2236	  0.0000	  1.7887
 64.0000	 96.0000	  0.7732	  0.2720	  0.0000	  1.7884
 72.0000	 96.0000	  0.9200	  0.4295	  0.0000	  1.7581
 80.0000	 96.0000	  1.1365	  0.5890	  0.0000	  1.7908
 88.0000	 96.0000	  1.1215	  0.6374	  0.0000	  1.7618
 96.0000	 96.0000	  1.1084	  0.4972	  0.0000	  1.8155
104.0000	 96.0000	  0.6380	  0.1952	  0.0000	  1.7663
112.0000	 96.0000	 -0.4300	  0.0476	  0.0000	  1.7654
120.0000	 96.0000	 -1.6112	  0.1906	  0.0000	  1.7573
128.0000	 96.0000	 -2.0286	  0.4623	  0.0000	  1.7882
136.0000	 96.0000	 -2.0141	  0.5972	  0.0000	  1.7642
144.0000	 96.0000	 -1.8360	  0.6577	  0.0000	  1.7874
152.0000	 96.0000	 -1.8702	  0.9464	  0.0000	  1.7616
160.0000	 96.0000	 -1.8729	  1.3718	  0.0000	  1.7792
168.0000	 96.0000	 -1.1443	  1.6521	  0.0000	  1.7800
176.0000	 96.0000	  0.1245	  1.5999	  0.0000	  1.7738
184.0000	 96.0000	  0.9638	  1.1666	  0.0000	  1.8037
192.0000	 96.0000	  1.0280	  0.6158	  0.0000	  1.7951
200.0000	 96.0000	  0.6636	  0.3282	  0.0000	  1.8259
208.0000	 96.0000	  0.2428	  0.2772	  0.0000	  1.7673
216.0000	 96.0000	 -0.0745	  0.3094	  0.0000	  1.8094
224.0000	 96.0000	 -0.3821	  0.4485	  0.0000	  1.8077
232.0000	 96.0000	 -0.6240	  0.6368	  0.0000	  1.8041
240.0000	 96.0000	 -0.6896	  0.7127	  0.0000	  1.7555
248.0000	 96.0000	 -0.7349	  0.7517	  0.0000	  1.7913
256.0000	 96.0000	 -0.7618	  0.8481	  0.0000	  1.7488
264.0000	 96.0000	 -0.7962	  0.8752	  0.0000	  1.7689
272.0000	 96.0000	 -0.8373	  0.8788	  0.0000	  1.7432
280.0000	 96.0000	 -0.8484	  0.9180	  0.0000	  1.7732
288.0000	 96.0000	 -0.8670	  0.8387	  0.0000	  1.7999
296.0000	 96.0000	 -0.9870	  0.7507	  0.0000	  1.7812
304.0000	 96.0000	 -0.8570	  0.7206	  0.0000	  1.7793
312.0000	 96.0000	 -0.3104	  0.4764	  0.0000	  1.7717
320.0000	 96.0000	  0.2040	  0.1241	  0.0000	  1.7624
328.0000	 96.0000	  0.6456	 -0.1109	  0.0000	  1.8379
336.0000	 96.0000	  0.8177	 -0.1869	  0.0000	  1.7642
344.0000	 96.0000	  0.9338	  0.0370	  0.0000	  1.7800
352.0000	 96.0000	  0.9979	  0.2809	  0.0000	  1.8477
360.0000	 96.0000	  0.9330	  0.5058	  0.0000	  1.8070
368.0000	 96.0000	  0.9873	  0.9420	  0.0000	  1.7545
376.0000	 96.0000	  1.0376	  1.4638	  0.0000	  1.7896
384.0000	 96.0000	  1.1218	  1.8827	  0.0000	  1.7743
392.0000	 96.0000	  1.0213	  2.1334	  0.0000	  1.7394
400.0000	 96.0000	  0.7167	  2.1410	  0.0000	  1.7963
408.0000	 96.0000	  0.2257	  1.9869	  0.0000	  1.7732
416.0000	 96.0000	 -0.1302	  1.7732	  0.0000	  1.7608
424.0000	 96.0000	 -0.2736	  1.5938	  0.0000	  1.7621
432.0000	 96.0000	 -0.4064	  1.6015	  0.0000	  1.7896
440.0000	 96.0000	 -0.3025	  1.5923	  0.0000	  1.8072
448.0000	 96.0000	  0.0345	  1.4643	  0.0000	  1.8190
456.0000	 96.0000	  0.3916	  1.2452	  0.0000	  1.8284
464.0000	 96.0000	  0.5008	  1.0325	  0.0000	  1.8077
  8.0000	104.0000	  0.9021	  0.1187	  0.0000	  1.7922
 16.0000	104.0000	  0.7109	 -0.0419	  0.0000	  1.7522
 24.0000	104.0000	  0.4202	 -0.5089	  0.0000	  1.7989
 32.0000	104.0000	  0.5370	 -0.7088	  0.0000	  1.7702
 40.0000	104.0000	  0.7416	 -0.4661	  0.0000	  1.7907
 48.0000	104.0000	  0.8009	 -0.1486	  0.0000	  1.7879
 56.0000	104.0000	  0.7181	  0.0643	  0.0000	  1.8197
 64.0000	104.0000	  0.5898	  0.2521	  0.0000	  1.8244
 72.0000	104.0000	  0.6705	  0.4090	  0.0000	  1.7846
 80.0000	104.0000	  0.8334	  0.4060	  0.0000	  1.8076
 88.0000	104.0000	  0.7838	  0.3958	  0.0000	  1.7814
 96.0000	104.0000	  0.7262	  0.2209	  0.0000	  1.7879
104.0000	104.0000	  0.3205	 -0.2099	  0.0000	  1.7368
112.0000	104.0000	 -0.5062	 -0.4719	  0.0000	  1.7755
120.0000	104.0000	 -1.3616	 -0.2966	  0.0000	  1.7419
128.0000	104.0000	 -1.6721	  0.0462	  0.0000	  1.7968
136.0000	104.0000	 -1.7230	  0.2268	  0.0000	  1.8035
144.0000	104.0000	 -1.5318	  0.4284	  0.0000	  1.7694
152.0000	104.0000	 -1.5103	  0.9022	  0.0000	  1.7645
160.0000	104.0000	 -1.4109	  1.3938	  0.0000	  1.7699
168.0000	104.0000	 -0.8948	  1.5839	  0.0000	  1.7793
176.0000	104.0000	 -0.1667	  1.4250	  0.0000	  1.7747
184.0000	104.0000	  0.4506	  1.0101	  0.0000	  1.7635
192.0000	104.0000	  0.6644	  0.4087	  0.0000	  1.7961
200.0000	104.0000	  0.4867	 -0.0332	  0.0000	  1.7980
208.0000	104.0000	  0.1534	 -0.1230	  0.0000	  1.7877
216.0000	104.0000	 -0.0905	  0.0270	  0.0000	  1.7871
224.0000	104.0000	 -0.3202	  0.3456	  0.0000	  1.8204
232.0000	104.0000	 -0.5310	  0.6394	  0.0000	  1.8057
240.0000	104.0000	 -0.4913	  0.7609	  0.0000	  1.7718
248.0000	104.0000	 -0.4169	  0.7996	  0.0000	  1.7850
256.0000	104.0000	 -0.4036	  0.8505	  0.0000	  1.7622
264.0000	104.0000	 -0.5185	  0.9052	  0.0000	  1.7778
272.0000	104.0000	 -0.6898	  0.9717	  0.0000	  1.8063
280.0000	104.0000	 -0.9043	  0.9255	  0.0000	  1.7937
288.0000	104.0000	 -1.0598	  0.6618	  0.0000	  1.8194
296.0000	104.0000	 -1.2919	  0.4012	  0.0000	  1.7666
304.0000	104.0000	 -1.1536	  0.3061	  0.0000	  1.7872
312.0000	104.0000	 -0.5570	  0.1263	  0.0000	  1.7713
320.0000	104.0000	  0.0313	 -0.1241	  0.0000	  1.7706
328.0000	104.0000	  0.4887	 -0.2760	  0.0000	  1.7940
336.0000	104.0000	  0.7258	 -0.2456	  0.0000	  1.7589
344.0000	104.0000	  0.8308	  0.0478	  0.0000	  1.7617
352.0000	104.0000	  0.9650	  0.3773	  0.0000	  1.7655
360.0000	104.0000	  1.0617	  0.7665	  0.0000	  1.7711
368.0000	104.0000	  1.1910	  1.2708	  0.0000	  1.7625
376.0000	104.0000	  1.3895	  1.7677	  0.0000	  1.7674
384.0000	104.0000	  1.5621	  2.2466	  0.0000	  1.7904
392.0000	104.0000	  1.4131	  2.5021	  0.0000	  1.7954
400.0000	104.0000	  0.8567	  2.3846	  0.0000	  1.7934
408.0000	104.0000	  0.1515	  2.1227	  0.0000	  1.7541
416.0000	104.0000	 -0.4415	  1.8487	  0.0000	  1.7793
424.0000	104.0000	 -0.5508	  1.5242	  0.0000	  1.8313
432.0000	104.0000	 -0.5166	  1.3201	  0.0000	  1.7973
440.0000	104.0000	 -0.3700	  1.1410	  0.0000	  1.7842
448.0000	104.0000	  0.0206	  0.9534	  0.0000	  1.7604
456.0000	104.0000	  0.5005	  0.7877	  0.0000	  1.7812
464.0000	104.0000	  0.7487	  0.6227	  0.0000	  1.7533
  8.0000	112.0000	  0.8872	  0.0591	  0.0000	  1.8058
 16.0000	112.0000	  0.6804	 -0.0373	  0.0000	  1.7671
 24.0000	112.0000	  0.4169	 -0.3718	  0.0000	  1.7849
 32.0000	112.0000	  0.5145	 -0.5403	  0.0000	  1.7750
 40.0000	112.0000	  0.7829	 -0.4194	  0.0000	  1.7622
 48.0000	112.0000	  0.6942	 -0.2598	  0.0000	  1.8078
 56.0000	112.0000	  0.5393	 -0.1295	  0.0000	  1.8080
 64.0000	112.0000	  0.3651	  0.1324	  0.0000	  1.7770
 72.0000	112.0000	  0.3089	  0.3742	  0.0000	  1.7590
 80.0000	112.0000	  0.4497	  0.3228	  0.0000	  1.7351
 88.0000	112.0000	  0.4221	  0.2564	  0.0000	  1.7517
 96.0000	112.0000	  0.2794	  0.1329	  0.0000	  1.7826
104.0000	112.0000	 -0.0733	 -0.2823	  0.0000	  1.7950
112.0000	112.0000	 -0.6927	 -0.5325	  0.0000	  1.7892
120.0000	112.0000	 -1.2732	 -0.3367	  0.0000	  1.7388
128.0000	112.0000	 -1.5359	 -0.0454	  0.0000	  1.7907
136.0000	112.0000	 -1.6032	  0.1286	  0.0000	  1.7466
144.0000	112.0000	 -1.4031	  0.3858	  0.0000	  1.7680
152.0000	112.0000	 -1.2571	  0.8666	  0.0000	  1.7942
160.0000	112.0000	 -1.0915	  1.3031	  0.0000	  1.7865
168.0000	112.0000	 -0.7305	  1.4480	  0.0000	  1.8267
176.0000	112.0000	 -0.2463	  1.3069	  0.0000	  1.7738
184.0000	112.0000	  0.2421	  0.9567	  0.0000	  1.7462
192.0000	112.0000	  0.4927	  0.3343	  0.0000	  1.7844
200.0000	112.0000	  0.4412	 -0.3856	  0.0000	  1.7600
208.0000	112.0000	  0.1629	 -0.7208	  0.0000	  1.8070
216.0000	112.0000	  0.0076	 -0.5177	  0.0000	  1.7601
224.0000	112.0000	 -0.1889	  0.0142	  0.0000	  1.7845
232.0000	112.0000	 -0.4184	  0.4995	  0.0000	  1.7884
240.0000	112.0000	 -0.3224	  0.8062	  0.0000	  1.7439
248.0000	112.0000	 -0.1650	  0.9673	  0.0000	  1.7951
256.0000	112.0000	 -0.2197	  1.1071	  0.0000	  1.7962
264.0000	112.0000	 -0.4261	  1.1659	  0.0000	  1.7765
272.0000	112.0000	 -0.7292	  1.0854	  0.0000	  1.8003
280.0000	112.0000	 -1.0437	  0.8391	  0.0000	  1.7612
288.0000	112.0000	 -1.2594	  0.4029	  0.0000	  1.7724
296.0000	112.0000	 -1.5414	  0.0073	  0.0000	  1.7320
304.0000	112.0000	 -1.4812	 -0.2041	  0.0000	  1.7745
312.0000	112.0000	 -0.9513	 -0.4281	  0.0000	  1.7735
320.0000	112.0000	 -0.2704	 -0.6229	  0.0000	  1.7635
328.0000	112.0000	  0.2493	 -0.6007	  0.0000	  1.8005
336.0000	112.0000	  0.6515	 -0.4044	  0.0000	  1.7757
344.0000	112.0000	  0.9026	 -0.0339	  0.0000	  1.7791
352.0000	112.0000	  1.1217	  0.3959	  0.0000	  1.7711
360.0000	112.0000	  1.3357	  0.8866	  0.0000	  1.7788
368.0000	112.0000	  1.5700	  1.5262	  0.0000	  1.8363
376.0000	112.0000	  1.9238	  2.1419	  0.0000	  1.8103
384.0000	112.0000	  2.2538	  2.6768	  0.0000	  1.7917
392.0000	112.0000	  2.0083	  2.9945	  0.0000	  1.7722
400.0000	112.0000	  0.9961	  2.9025	  0.0000	  1.7564
408.0000	112.0000	 -0.0055	  2.5192	  0.0000	  1.7830
416.0000	112.0000	 -0.7526	  2.0168	  0.0000	  1.7711
424.0000	112.0000	 -0.8955	  1.5200	  0.0000	  1.8457
432.0000	112.0000	 -0.8091	  1.1267	  0.0000	  1.8034
440.0000	112.0000	 -0.5929	  0.7453	  0.0000	  1.7783
448.0000	112.0000	 -0.0799	  0.3951	  0.0000	  1.7644
456.0000	112.0000	  0.6659	  0.1580	  0.0000	  1.7757
464.0000	112.0000	  1.1296	 -0.0371	  0.0000	  1.7585
  8.0000	120.0000	  0.8492	  0.1437	  0.0000	  1.7909
 16.0000	120.0000	  0.6265	 -0.0196	  0.0000	  1.7672
 24.0000	120.0000	  0.3837	 -0.2459	  0.0000	  1.7803
 32.0000	120.0000	  0.4779	 -0.3568	  0.0000	  1.8184
 40.0000	120.0000	  0.6824	 -0.3873	  0.0000	  1.7474
 48.0000	120.0000	  0.5312	 -0.4527	  0.0000	  1.7970
 56.0000	120.0000	  0.4084	 -0.4520	  0.0000	  1.7614
 64.0000	120.0000	  0.2647	 -0.1588	  0.0000	  1.7852
 72.0000	120.0000	  0.0665	  0.1507	  0.0000	  1.8245
 80.0000	120.0000	  0.1646	  0.1238	  0.0000	  1.8198
 88.0000	120.0000	  0.1571	  0.0318	  0.0000	  1.7769
 96.0000	120.0000	  0.0267	 -0.0446	  0.0000	  1.7644
104.0000	120.0000	 -0.2749	 -0.2281	  0.0000	  1.7798
112.0000	120.0000	 -0.7510	 -0.3214	  0.0000	  1.7894
120.0000	120.0000	 -1.1297	 -0.2177	  0.0000	  1.7564
128.0000	120.0000	 -1.3346	 -0.1340	  0.0000	  1.7794
136.0000	120.0000	 -1.4158	 -0.0942	  0.0000	  1.7654
144.0000	120.0000	 -1.2584	  0.1795	  0.0000	  1.7854
152.0000	120.0000	 -0.9720	  0.7068	  0.0000	  1.7856
160.0000	120.0000	 -0.7352	  1.1428	  0.0000	  1.7866
168.0000	120.0000	 -0.4402	  1.2380	  0.0000	  1.8136
176.0000	120.0000	 -0.0989	  1.0777	  0.0000	  1.7603
184.0000	120.0000	  0.2631	  0.8225	  0.0000	  1.7866
192.0000	120.0000	  0.4655	  0.3596	  0.0000	  1.8008
200.0000	120.0000	  0.4305	 -0.3274	  0.0000	  1.7823
208.0000	120.0000	  0.2546	 -0.7583	  0.0000	  1.7593
216.0000	120.0000	  0.1972	 -0.6520	  0.0000	  1.7874
224.0000	120.0000	  0.0417	 -0.1878	  0.0000	  1.7703
232.0000	120.0000	 -0.1598	  0.3665	  0.0000	  1.7776
240.0000	120.0000	 -0.0685	  0.8433	  0.0000	  1.7615
248.0000	120.0000	  0.1127	  1.2266	  0.0000	  1.7917
256.0000	120.0000	  0.0005	  1.5595	  0.0000	  1.8051
264.0000	120.0000	 -0.4227	  1.6163	  0.0000	  1.7983
272.0000	120.0000	 -0.9507	  1.3743	  0.0000	  1.8022
280.0000	120.0000	 -1.3990	  0.8706	  0.0000	  1.7697
288.0000	120.0000	 -1.6565	  0.1443	  0.0000	  1.7676
296.0000	120.0000	 -1.8141	 -0.4611	  0.0000	  1.7546
304.0000	120.0000	 -1.7542	 -0.7568	  0.0000	  1.7660
312.0000	120.0000	 -1.2423	 -0.9852	  0.0000	  1.7623
320.0000	120.0000	 -0.4461	 -1.1489	  0.0000	  1.7812
328.0000	120.0000	  0.3084	 -1.0044	  0.0000	  1.7621
336.0000	120.0000	  0.8924	 -0.6551	  0.0000	  1.7888
344.0000	120.0000	  1.2502	 -0.2436	  0.0000	  1.7640
352.0000	120.0000	  1.4687	  0.2162	  0.0000	  1.7583
360.0000	120.0000	  1.6741	  0.7672	  0.0000	  1.7944
368.0000	120.0000	  2.0375	  1.4572	  0.0000	  1.8176
376.0000	120.0000	  2.6012	  2.1489	  0.0000	  1.8095
384.0000	120.0000	  3.1165	  2.8322	  0.0000	  1.9242
392.0000	120.0000	  2.6561	  3.3119	  0.0000	  1.9429
400.0000	120.0000	  0.8932	  3.2939	  0.0000	  1.9129
408.0000	120.0000	 -0.4889	  2.7404	  0.0000	  1.8764
416.0000	120.0000	 -1.1176	  1.9165	  0.0000	  1.7521
424.0000	120.0000	 -1.2887	  1.3067	  0.0000	  1.7939
432.0000	120.0000	 -1.2729	  0.8344	  0.0000	  1.7629
440.0000	120.0000	 -1.1197	  0.3624	  0.0000	  1.8096
448.0000	120.0000	 -0.4060	 -0.1238	  0.0000	  1.8671
456.0000	120.0000	  0.9959	 -0.4248	  0.0000	  1.8757
464.0000	120.0000	  1.7661	 -0.5412	  0.0000	  1.9409
  8.0000	128.0000	  0.7671	  0.1038	  0.0000	  1.7881
 16.0000	128.0000	  0.5430	  0.0047	  0.0000	  1.7992
 24.0000	128.0000	  0.3775	 -0.1227	  0.0000	  1.7653
 32.0000	128.0000	  0.5298	 -0.2720	  0.0000	  1.8144
 40.0000	128.0000	  0.6573	 -0.5093	  0.0000	  1.8105
 48.0000	128.0000	  0.5597	 -0.6780	  0.0000	  1.7761
 56.0000	128.0000	  0.4345	 -0.6253	  0.0000	  1.7476
 64.0000	128.0000	  0.3123	 -0.3397	  0.0000	  1.7723
 72.0000	128.0000	  0.0157	 -0.0250	  0.0000	  1.7793
 80.0000	128.0000	  0.0038	 -0.0165	  0.0000	  1.7664
 88.0000	128.0000	  0.0124	 -0.0913	  0.0000	  1.7338
 96.0000	128.0000	 -0.0162	 -0.0778	  0.0000	  1.8012
104.0000	128.0000	 -0.2141	 -0.1293	  0.0000	  1.7639
112.0000	128.0000	 -0.5605	 -0.1800	  0.0000	  1.7839
120.0000	128.0000	 -0.8556	 -0.1267	  0.0000	  1.7931
128.0000	128.0000	 -1.0689	 -0.1417	  0.0000	  1.8064
136.0000	128.0000	 -1.1576	 -0.1786	  0.0000	  1.7667
144.0000	128.0000	 -1.0516	  0.0432	  0.0000	  1.8258
152.0000	128.0000	 -0.7344	  0.5090	  0.0000	  1.8024
160.0000	128.0000	 -0.4584	  0.8725	  0.0000	  1.7724
168.0000	128.0000	 -0.2100	  0.8469	  0.0000	  1.7939
176.0000	128.0000	 -0.0319	  0.6442	  0.0000	  1.7712
184.0000	128.0000	  0.2335	  0.5135	  0.0000	  1.8101
192.0000	128.0000	  0.3792	  0.3723	  0.0000	  1.7799
200.0000	128.0000	  0.3645	  0.0001	  0.0000	  1.7503
208.0000	128.0000	  0.3294	 -0.3198	  0.0000	  1.7511
216.0000	128.0000	  0.3452	 -0.3447	  0.0000	  1.7809
224.0000	128.0000	  0.1972	 -0.1274	  0.0000	  1.7601
232.0000	128.0000	  0.1055	  0.2494	  0.0000	  1.8167
240.0000	128.0000	  0.2488	  0.7640	  0.0000	  1.7905
248.0000	128.0000	  0.4338	  1.4392	  0.0000	  1.7982
256.0000	128.0000	  0.2733	  2.1698	  0.0000	  1.7871
264.0000	128.0000	 -0.5206	  2.3111	  0.0000	  1.7471
272.0000	128.0000	 -1.4334	  1.8134	  0.0000	  1.7510
280.0000	128.0000	 -1.9903	  0.9777	  0.0000	  1.7759
288.0000	128.0000	 -2.1601	  0.0133	  0.0000	  1.7410
296.0000	128.0000	 -2.1162	 -0.6829	  0.0000	  1.7650
304.0000	128.0000	 -1.9696	 -0.9763	  0.0000	  1.7850
312.0000	128.0000	 -1.3874	 -1.2921	  0.0000	  1.7673
320.0000	128.0000	 -0.4182	 -1.5056	  0.0000	  1.7793
328.0000	128.0000	  0.7088	 -1.3228	  0.0000	  1.7827
336.0000	128.0000	  1.4228	 -0.8445	  0.0000	  1.7696
344.0000	128.0000	  1.7446	 -0.3111	  0.0000	  1.7788
352.0000	128.0000	  1.8385	  0.1417	  0.0000	  1.7751
360.0000	128.0000	  1.9425	  0.5649	  0.0000	  1.7761
368.0000	128.0000	  2.3559	  1.0576	  0.0000	  1.7533
376.0000	128.0000	  3.0768	  1.4755	  0.0000	  1.7394
384.0000	128.0000	  3.6916	  1.9079	  0.0000	  1.9500
392.0000	128.0000	  2.8482	  2.2383	  0.0000	  1.7143
400.0000	128.0000	  0.5484	  2.2525	  0.0000	  1.6671
408.0000	128.0000	 -1.0141	  1.8937	  0.0000	  1.8031
416.0000	128.0000	 -1.4536	  1.3429	  0.0000	  1.7452
424.0000	128.0000	 -1.5529	  0.9390	  0.0000	  1.7866
432.0000	128.0000	 -1.6004	  0.6581	  0.0000	  1.7807
440.0000	128.0000	 -1.6024	  0.4723	  0.0000	  1.8054
448.0000	128.0000	 -0.6968	  0.2642	  0.0000	  1.6059
456.0000	128.0000	  1.2286	  0.1771	  0.0000	  1.6280
464.0000	128.0000	  2.2479	  0.1911	  0.0000	  1.8669
  8.0000	136.0000	  0.7542	  0.0609	  0.0000	  1.7706
 16.0000	136.0000	  0.5946	 -0.0567	  0.0000	  1.8063
 24.0000	136.0000	  0.5876	 -0.2902	  0.0000	  1.7372
 32.0000	136.0000	  0.7655	 -0.5017	  0.0000	  1.7862
 40.0000	136.0000	  0.8962	 -0.7167	  0.0000	  1.7803
 48.0000	136.0000	  0.7641	 -0.8543	  0.0000	  1.7622
 56.0000	136.0000	  0.5217	 -0.7133	  0.0000	  1.7846
 64.0000	136.0000	  0.3165	 -0.4159	  0.0000	  1.7984
 72.0000	136.0000	 -0.0673	 -0.1663	  0.0000	  1.7805
 80.0000	136.0000	 -0.2089	 -0.0915	  0.0000	  1.7778
 88.0000	136.0000	 -0.2132	 -0.1021	  0.0000	  1.7665
 96.0000	136.0000	 -0.1647	 -0.1211	  0.0000	  1.7600
104.0000	136.0000	 -0.2428	 -0.1585	  0.0000	  1.7908
112.0000	136.0000	 -0.4674	 -0.2183	  0.0000	  1.7723
120.0000	136.0000	 -0.7113	 -0.2544	  0.0000	  1.7913
128.0000	136.0000	 -0.8540	 -0.2325	  0.0000	  1.7648
136.0000	136.0000	 -0.9367	 -0.1539	  0.0000	  1.7674
144.0000	136.0000	 -0.8337	  0.0478	  0.0000	  1.7864
152.0000	136.0000	 -0.5936	  0.3773	  0.0000	  1.7524
160.0000	136.0000	 -0.3502	  0.6639	  0.0000	  1.7286
168.0000	136.0000	 -0.1167	  0.5857	  0.0000	  1.7830
176.0000	136.0000	 -0.0183	  0.2356	  0.0000	  1.7927
184.0000	136.0000	  0.0658	  0.0303	  0.0000	  1.7719
192.0000	136.0000	  0.1540	  0.0498	  0.0000	  1.7619
200.0000	136.0000	  0.1998	  0.0724	  0.0000	  1.8172
208.0000	136.0000	  0.2601	  0.0561	  0.0000	  1.7502
216.0000	136.0000	  0.3671	 -0.0103	  0.0000	  1.7897
224.0000	136.0000	  0.2215	  0.0329	  0.0000	  1.7426
232.0000	136.0000	  0.2898	  0.1937	  0.0000	  1.7695
240.0000	136.0000	  0.5734	  0.4957	  0.0000	  1.7314
248.0000	136.0000	  0.8779	  1.1757	  0.0000	  1.7947
256.0000	136.0000	  0.6786	  2.1527	  0.0000	  1.9065
264.0000	136.0000	 -0.5591	  2.4023	  0.0000	  1.8460
272.0000	136.0000	 -1.9884	  1.8537	  0.0000	  1.8487
280.0000	136.0000	 -2.4796	  0.9486	  0.0000	  1.7761
288.0000	136.0000	 -2.4810	 -0.0001	  0.0000	  1.7311
296.0000	136.0000	 -2.3076	 -0.6964	  0.0000	  1.8011
304.0000	136.0000	 -2.1739	 -1.0219	  0.0000	  1.7708
312.0000	136.0000	 -1.5650	 -1.4014	  0.0000	  1.8781
320.0000	136.0000	 -0.3711	 -1.5737	  0.0000	  1.8298
328.0000	136.0000	  1.2662	 -1.2483	  0.0000	  1.9588
336.0000	136.0000	  2.0938	 -0.6055	  0.0000	  1.7887
344.0000	136.0000	  2.2255	  0.0000	  0.0000	  1.7948
352.0000	136.0000	  2.0887	  0.3475	  0.0000	  1.8145
360.0000	136.0000	  2.0376	  0.4496	  0.0000	  1.8085
368.0000	136.0000	  2.3770	  0.5563	  0.0000	  1.8059
376.0000	136.0000	  2.9788	  0.6062	  0.0000	  1.8126
384.0000	136.0000	  3.4586	  0.4817	  0.0000	  1.9344
392.0000	136.0000	  2.4894	  0.4193	  0.0000	  1.7141
400.0000	136.0000	  0.3182	  0.3924	  0.0000	  1.6425
408.0000	136.0000	 -1.0809	  0.3604	  0.0000	  1.7983
416.0000	136.0000	 -1.4649	  0.4013	  0.0000	  1.7598
424.0000	136.0000	 -1.4783	  0.4423	  0.0000	  1.7857
432.0000	136.0000	 -1.5626	  0.5897	  0.0000	  1.7997
440.0000	136.0000	 -1.6065	  1.0115	  0.0000	  1.8615
448.0000	136.0000	 -0.7232	  1.5893	  0.0000	  1.7117
456.0000	136.0000	  1.1541	  1.8977	  0.0000	  1.7074
464.0000	136.0000	  2.2127	  1.9530	  0.0000	  1.9556
  8.0000	144.0000	  0.6531	 -0.1156	  0.0000	  1.7837
 16.0000	144.0000	  0.6629	 -0.1902	  0.0000	  1.7763
 24.0000	144.0000	  0.8394	 -0.4118	  0.0000	  1.7647
 32.0000	144.0000	  0.9685	 -0.6363	  0.0000	  1.7651
 40.0000	144.0000	  1.0843	 -0.7452	  0.0000	  1.7813
 48.0000	144.0000	  0.8518	 -0.7700	  0.0000	  1.8010
 56.0000	144.0000	  0.5119	 -0.5651	  0.0000	  1.7808
 64.0000	144.0000	  0.2470	 -0.2602	  0.0000	  1.7535
 72.0000	144.0000	 -0.1793	 -0.0999	  0.0000	  1.7575
 80.0000	144.0000	 -0.4798	 -0.1266	  0.0000	  1.7967
 88.0000	144.0000	 -0.5778	 -0.2036	  0.0000	  1.7736
 96.0000	144.0000	 -0.5036	 -0.2663	  0.0000	  1.8038
104.0000	144.0000	 -0.4684	 -0.3578	  0.0000	  1.7997
112.0000	144.0000	 -0.4816	 -0.4716	  0.0000	  1.7696
120.0000	144.0000	 -0.5698	 -0.4490	  0.0000	  1.7992
128.0000	144.0000	 -0.6484	 -0.2972	  0.0000	  1.7789
136.0000	144.0000	 -0.7297	 -0.1018	  0.0000	  1.8078
144.0000	144.0000	 -0.6174	  0.1249	  0.0000	  1.7887
152.0000	144.0000	 -0.4038	  0.3545	  0.0000	  1.7951
160.0000	144.0000	 -0.2793	  0.5383	  0.0000	  1.8114
168.0000	144.0000	 -0.1230	  0.4665	  0.0000	  1.7810
176.0000	144.0000	 -0.0476	  0.1938	  0.0000	  1.7761
184.0000	144.0000	 -0.1128	  0.0349	  0.0000	  1.7768
192.0000	144.0000	 -0.0630	  0.0632	  0.0000	  1.7729
200.0000	144.0000	  0.0196	  0.2208	  0.0000	  1.8032
208.0000	144.0000	  0.1371	  0.3772	  0.0000	  1.7708
216.0000	144.0000	  0.3466	  0.3148	  0.0000	  1.7861
224.0000	144.0000	  0.2807	  0.1811	  0.0000	  1.7742
232.0000	144.0000	  0.4842	  0.0976	  0.0000	  1.7930
240.0000	144.0000	  0.8917	  0.0898	  0.0000	  1.7648
248.0000	144.0000	  1.3328	  0.4491	  0.0000	  1.7886
256.0000	144.0000	  1.1847	  1.1011	  0.0000	  1.8216
264.0000	144.0000	 -0.2621	  1.2312	  0.0000	  1.6960
272.0000	144.0000	 -2.0581	  0.9614	  0.0000	  1.6921
280.0000	144.0000	 -2.6478	  0.5989	  0.0000	  1.8196
288.0000	144.0000	 -2.5632	  0.1361	  0.0000	  1.7791
296.0000	144.0000	 -2.3585	 -0.3304	  0.0000	  1.7776
304.0000	144.0000	 -2.2626	 -0.5096	  0.0000	  1.7804
312.0000	144.0000	 -1.5420	 -0.5128	  1.0000	  1.6945
320.0000	144.0000	 -0.2635	 -0.4961	  0.0000	  1.5944
328.0000	144.0000	  1.7883	 -0.1336	  0.0000	  1.7525
336.0000	144.0000	  2.6804	  0.3301	  0.0000	  1.9149
344.0000	144.0000	  2.5503	  0.7217	  0.0000	  1.7475
352.0000	144.0000	  2.2145	  0.8262	  0.0000	  1.7867
360.0000	144.0000	  1.9742	  0.6785	  0.0000	  1.7952
368.0000	144.0000	  2.1401	  0.5085	  0.0000	  1.7931
376.0000	144.0000	  2.4491	  0.3173	  0.0000	  1.7764
384.0000	144.0000	  2.6126	 -0.0359	  0.0000	  1.8171
392.0000	144.0000	  1.8958	 -0.3050	  0.0000	  1.8791
400.0000	144.0000	  0.4058	 -0.3460	  0.0000	  1.8080
408.0000	144.0000	 -0.6865	 -0.2418	  0.0000	  1.8468
416.0000	144.0000	 -1.0843	 -0.0399	  0.0000	  1.8010
424.0000	144.0000	 -1.0829	  0.2107	  0.0000	  1.7600
432.0000	144.0000	 -1.1386	  0.5764	  0.0000	  1.8053
440.0000	144.0000	 -1.1286	  1.2607	  0.0000	  1.8042
448.0000	144.0000	 -0.5137	  2.1654	  0.0000	  1.9102
456.0000	144.0000	  0.7328	  2.6873	  0.0000	  1.9003
464.0000	144.0000	  1.5765	  2.8357	  0.0000	  1.9481
  8.0000	152.0000	  0.4951	  0.0017	  0.0000	  1.7852
 16.0000	152.0000	  0.6192	 -0.0603	  0.0000	  1.7463
 24.0000	152.0000	  0.9111	 -0.2453	  0.0000	  1.7335
 32.0000	152.0000	  0.9920	 -0.4219	  0.0000	  1.7612
 40.0000	152.0000	  1.0459	 -0.4785	  0.0000	  1.7952
 48.0000	152.0000	  0.8112	 -0.4770	  0.0000	  1.8184
 56.0000	152.0000	  0.4267	 -0.3043	  0.0000	  1.7897
 64.0000	152.0000	  0.1552	  0.0161	  0.0000	  1.8108
 72.0000	152.0000	 -0.2916	  0.1833	  0.0000	  1.8148
 80.0000	152.0000	 -0.6588	  0.0178	  0.0000	  1.7351
 88.0000	152.0000	 -0.8341	 -0.3118	  0.0000	  1.7410
 96.0000	152.0000	 -0.8258	 -0.5431	  0.0000	  1.7828
104.0000	152.0000	 -0.7252	 -0.6815	  0.0000	  1.7351
112.0000	152.0000	 -0.5594	 -0.7592	  0.0000	  1.7682
120.0000	152.0000	 -0.4517	 -0.7056	  0.0000	  1.7794
128.0000	152.0000	 -0.4959	 -0.5225	  0.0000	  1.8120
136.0000	152.0000	 -0.5741	 -0.2772	  0.0000	  1.7824
144.0000	152.0000	 -0.4960	 -0.1258	  0.0000	  1.7763
152.0000	152.0000	 -0.2968	 -0.0246	  0.0000	  1.8108
160.0000	152.0000	 -0.2379	  0.1026	  0.0000	  1.7647
168.0000	152.0000	 -0.2313	  0.1226	  0.0000	  1.7538
176.0000	152.0000	 -0.1814	  0.1403	  0.0000	  1.8071
184.0000	152.0000	 -0.2567	  0.2633	  0.0000	  1.7987
192.0000	152.0000	 -0.1970	  0.3487	  0.0000	  1.7916
200.0000	152.0000	 -0.1237	  0.4253	  0.0000	  1.7675
208.0000	152.0000	  0.0401	  0.5141	  0.0000	  1.7899
216.0000	152.0000	  0.2810	  0.5086	  0.0000	  1.7580
224.0000	152.0000	  0.3657	  0.3443	  0.0000	  1.7589
232.0000	152.0000	  0.5980	  0.0504	  0.0000	  1.7761
240.0000	152.0000	  1.0539	 -0.2369	  0.0000	  1.7548
248.0000	152.0000	  1.4643	 -0.3803	  0.0000	  1.8044
256.0000	152.0000	  1.3280	 -0.4610	  0.0000	  1.8202
264.0000	152.0000	 -0.0376	 -0.4818	  0.0000	  1.6265
272.0000	152.0000	 -1.8591	 -0.3402	  0.0000	  1.6280
280.0000	152.0000	 -2.5526	 -0.0845	  0.0000	  1.7899
288.0000	152.0000	 -2.5016	  0.0627	  0.0000	  1.7461
296.0000	152.0000	 -2.3872	  0.1125	  0.0000	  1.7748
304.0000	152.0000	 -2.2692	  0.3588	  0.0000	  1.7758
312.0000	152.0000	 -1.5062	  0.8752	  1.0000	  1.7837
320.0000	152.0000	 -0.1269	  1.4246	  0.0000	  1.6539
328.0000	152.0000	  1.9999	  1.6934	  0.0000	  1.7710
336.0000	152.0000	  2.8775	  1.6341	  0.0000	  1.9354
344.0000	152.0000	  2.6715	  1.5926	  0.0000	  1.7765
352.0000	152.0000	  2.2831	  1.4407	  0.0000	  1.7763
360.0000	152.0000	  1.9332	  1.0706	  0.0000	  1.7693
368.0000	152.0000	  1.9228	  0.7262	  0.0000	  1.7815
376.0000	152.0000	  1.9854	  0.5448	  0.0000	  1.7913
384.0000	152.0000	  1.9292	  0.2663	  0.0000	  1.7783
392.0000	152.0000	  1.4720	 -0.0947	  0.0000	  1.7737
400.0000	152.0000	  0.6196	 -0.2026	  0.0000	  1.7878
408.0000	152.0000	 -0.2528	 -0.1461	  0.0000	  1.7684
416.0000	152.0000	 -0.6110	 -0.0419	  0.0000	  1.7321
424.0000	152.0000	 -0.6214	  0.1602	  0.0000	  1.7647
432.0000	152.0000	 -0.6315	  0.5328	  0.0000	  1.7863
440.0000	152.0000	 -0.6085	  1.1895	  0.0000	  1.7655
448.0000	152.0000	 -0.3222	  1.8685	  0.0000	  1.8000
456.0000	152.0000	  0.1687	  2.2366	  0.0000	  1.8103
464.0000	152.0000	  0.6260	  2.4010	  0.0000	  1.7776
  8.0000	160.0000	  0.3812	  0.1188	  0.0000	  1.7996
 16.0000	160.0000	  0.5304	  0.0738	  0.0000	  1.7852
 24.0000	160.0000	  0.8254	 -0.0443	  0.0000	  1.7628
 32.0000	160.0000	  0.8842	 -0.1427	  0.0000	  1.8059
 40.0000	160.0000	  0.9101	 -0.1628	  0.0000	  1.7759
 48.0000	160.0000	  0.7235	 -0.1655	  0.0000	  1.7943
 56.0000	160.0000	  0.3453	 -0.1191	  0.0000	  1.7776
 64.0000	160.0000	  0.0207	  0.1255	  0.0000	  1.7610
 72.0000	160.0000	 -0.3456	  0.3578	  0.0000	  1.7963
 80.0000	160.0000	 -0.6564	  0.1299	  0.0000	  1.7805
 88.0000	160.0000	 -0.8743	 -0.2779	  0.0000	  1.7838
 96.0000	160.0000	 -0.9695	 -0.4855	  0.0000	  1.7719
104.0000	160.0000	 -0.8652	 -0.5616	  0.0000	  1.7881
112.0000	160.0000	 -0.7134	 -0.5740	  0.0000	  1.7810
120.0000	160.0000	 -0.5606	 -0.5860	  0.0000	  1.8279
128.0000	160.0000	 -0.4785	 -0.5214	  0.0000	  1.7528
136.0000	160.0000	 -0.5332	 -0.3249	  0.0000	  1.7833
144.0000	160.0000	 -0.4631	 -0.2509	  0.0000	  1.8591
152.0000	160.0000	 -0.2827	 -0.2288	  0.0000	  1.8146
160.0000	160.0000	 -0.2380	 -0.0954	  0.0000	  1.7646
168.0000	160.0000	 -0.3021	  0.0600	  0.0000	  1.7753
176.0000	160.0000	 -0.3303	  0.1934	  0.0000	  1.7682
184.0000	160.0000	 -0.3234	  0.3609	  0.0000	  1.7755
192.0000	160.0000	 -0.3029	  0.4768	  0.0000	  1.7767
200.0000	160.0000	 -0.2588	  0.5311	  0.0000	  1.7578
208.0000	160.0000	 -0.0698	  0.4868	  0.0000	  1.7915
216.0000	160.0000	  0.1394	  0.3922	  0.0000	  1.7919
224.0000	160.0000	  0.2270	  0.2507	  0.0000	  1.8119
232.0000	160.0000	  0.3474	  0.0429	  0.0000	  1.8134
240.0000	160.0000	  0.8306	 -0.2381	  0.0000	  1.7766
248.0000	160.0000	  1.1988	 -0.5941	  0.0000	  1.7696
256.0000	160.0000	  0.9890	 -1.0229	  0.0000	  1.9772
264.0000	160.0000	 -0.1942	 -1.1485	  0.0000	  1.8324
272.0000	160.0000	 -1.7129	 -0.8586	  0.0000	  1.8094
280.0000	160.0000	 -2.3249	 -0.3389	  0.0000	  1.7899
288.0000	160.0000	 -2.3161	  0.1331	  0.0000	  1.7621
296.0000	160.0000	 -2.3147	  0.5280	  0.0000	  1.7731
304.0000	160.0000	 -2.1752	  1.0788	  0.0000	  1.7620
312.0000	160.0000	 -1.4736	  1.9250	  0.0000	  1.8839
320.0000	160.0000	  0.0428	  2.5116	  0.0000	  1.8824
328.0000	160.0000	  1.9521	  2.6189	  0.0000	  1.9866
336.0000	160.0000	  2.7860	  2.3442	  0.0000	  1.8118
344.0000	160.0000	  2.6951	  2.0858	  0.0000	  1.8227
352.0000	160.0000	  2.3360	  1.8521	  0.0000	  1.7592
360.0000	160.0000	  1.9655	  1.4658	  0.0000	  1.7501
368.0000	160.0000	  1.8871	  1.0361	  0.0000	  1.7774
376.0000	160.0000	  1.7810	  0.6787	  0.0000	  1.7710
384.0000	160.0000	  1.6057	  0.4028	  0.0000	  1.7733
392.0000	160.0000	  1.2276	  0.1311	  0.0000	  1.7421
400.0000	160.0000	  0.7002	  0.0148	  0.0000	  1.8161
408.0000	160.0000	  0.0882	  0.0889	  0.0000	  1.8009
416.0000	160.0000	 -0.2157	  0.2163	  0.0000	  1.7538
424.0000	160.0000	 -0.2584	  0.4172	  0.0000	  1.8036
432.0000	160.0000	 -0.2257	  0.7269	  0.0000	  1.7814
440.0000	160.0000	 -0.3127	  1.1488	  0.0000	  1.8000
448.0000	160.0000	 -0.4197	  1.5734	  0.0000	  1.7794
456.0000	160.0000	 -0.3362	  1.8503	  0.0000	  1.7651
464.0000	160.0000	 -0.1229	  2.0025	  0.0000	  1.7764
  8.0000	168.0000	  0.3601	  0.1200	  0.0000	  1.7951
 16.0000	168.0000	  0.5082	  0.1136	  0.0000	  1.8003
 24.0000	168.0000	  0.7588	  0.1247	  0.0000	  1.7567
 32.0000	168.0000	  0.8229	  0.1497	  0.0000	  1.8059
 40.0000	168.0000	  0.8164	  0.0944	  0.0000	  1.7914
 48.0000	168.0000	  0.6187	  0.0225	  0.0000	  1.7893
 56.0000	168.0000	  0.2693	 -0.0061	  0.0000	  1.7621
 64.0000	168.0000	 -0.1240	  0.1179	  0.0000	  1.7638
 72.0000	168.0000	 -0.3761	  0.2718	  0.0000	  1.7677
 80.0000	168.0000	 -0.6268	 -0.0049	  0.0000	  1.7759
 88.0000	168.0000	 -0.8310	 -0.3295	  0.0000	  1.8255
 96.0000	168.0000	 -0.9378	 -0.4414	  0.0000	  1.7714
104.0000	168.0000	 -0.8540	 -0.5295	  0.0000	  1.7829
112.0000	168.0000	 -0.7482	 -0.5695	  0.0000	  1.7773
120.0000	168.0000	 -0.6538	 -0.5705	  0.0000	  1.8069
128.0000	168.0000	 -0.5187	 -0.5102	  0.0000	  1.7476
136.0000	168.0000	 -0.5469	 -0.4215	  0.0000	  1.7636
144.0000	168.0000	 -0.4662	 -0.3943	  0.0000	  1.7985
152.0000	168.0000	 -0.2631	 -0.3819	  0.0000	  1.7519
160.0000	168.0000	 -0.2203	 -0.3458	  0.0000	  1.7788
168.0000	168.0000	 -0.3023	 -0.1432	  0.0000	  1.7955
176.0000	168.0000	 -0.3809	  0.1608	  0.0000	  1.7727
184.0000	168.0000	 -0.3495	  0.3815	  0.0000	  1.7786
192.0000	168.0000	 -0.3614	  0.4992	  0.0000	  1.7837
200.0000	168.0000	 -0.2988	  0.5049	  0.0000	  1.7726
208.0000	168.0000	 -0.1309	  0.3560	  0.0000	  1.7692
216.0000	168.0000	  0.0776	  0.2341	  0.0000	  1.7949
224.0000	168.0000	  0.0760	  0.1894	  0.0000	  1.7743
232.0000	168.0000	  0.0854	  0.1781	  0.0000	  1.7529
240.0000	168.0000	  0.5512	 -0.0204	  0.0000	  1.7902
248.0000	168.0000	  0.8545	 -0.4176	  0.0000	  1.7928
256.0000	168.0000	  0.5583	 -0.8567	  0.0000	  1.7816
264.0000	168.0000	 -0.5248	 -1.0506	  0.0000	  1.7816
272.0000	168.0000	 -1.6510	 -0.7863	  0.0000	  1.7577
280.0000	168.0000	 -2.1569	 -0.2038	  0.0000	  1.7877
288.0000	168.0000	 -2.1939	  0.3439	  0.0000	  1.7906
296.0000	168.0000	 -2.1836	  0.7790	  0.0000	  1.7718
304.0000	168.0000	 -1.9843	  1.3199	  0.0000	  1.7847
312.0000	168.0000	 -1.2171	  2.0348	  0.0000	  1.8242
320.0000	168.0000	  0.2698	  2.5160	  0.0000	  1.7813
328.0000	168.0000	  1.9403	  2.6089	  0.0000	  1.7515
336.0000	168.0000	  2.7339	  2.4033	  0.0000	  1.8208
344.0000	168.0000	  2.7104	  2.1571	  0.0000	  1.7675
352.0000	168.0000	  2.3627	  1.9370	  0.0000	  1.7756
360.0000	168.0000	  2.0209	  1.5757	  0.0000	  1.7912
368.0000	168.0000	  1.9480	  1.1007	  0.0000	  1.7748
376.0000	168.0000	  1.7513	  0.6905	  0.0000	  1.8145
384.0000	168.0000	  1.4791	  0.5182	  0.0000	  1.8093
392.0000	168.0000	  1.0912	  0.3576	  0.0000	  1.7765
400.0000	168.0000	  0.7135	  0.2022	  0.0000	  1.7906
408.0000	168.0000	  0.2964	  0.2129	  0.0000	  1.7685
416.0000	168.0000	  0.0563	  0.3274	  0.0000	  1.8254
424.0000	168.0000	 -0.0357	  0.5378	  0.0000	  1.7663
432.0000	168.0000	 -0.0055	  0.8682	  0.0000	  1.7881
440.0000	168.0000	 -0.2121	  1.2101	  0.0000	  1.8074
448.0000	168.0000	 -0.5141	  1.5481	  0.0000	  1.7501
456.0000	168.0000	 -0.5455	  1.7232	  0.0000	  1.7940
464.0000	168.0000	 -0.4184	  1.7687	  0.0000	  1.8071
