 32.0000	 32.0000	 -0.6446	  0.1709	  1.0000	  1.0050
 64.0000	 32.0000	 -0.6684	  0.1100	  1.0000	  1.0010
 96.0000	 32.0000	 -0.6813	  0.0173	  1.0000	  1.0015
128.0000	 32.0000	 -0.6824	 -0.0614	  0.0000	  1.0012
160.0000	 32.0000	 -0.5150	  0.0107	  1.0000	  1.0039
192.0000	 32.0000	 -0.2995	  0.0893	  0.0000	  1.1203
224.0000	 32.0000	 -0.1782	  0.1423	  0.0000	  1.1159
256.0000	 32.0000	 -0.1502	  0.1758	  0.0000	  1.0176
288.0000	 32.0000	 -0.1073	  0.1704	  1.0000	  1.0032
320.0000	 32.0000	 -0.1165	  0.1955	  1.0000	  1.0060
352.0000	 32.0000	 -0.2239	  0.2570	  1.0000	  1.0023
384.0000	 32.0000	 -0.4829	  0.3299	  1.0000	  1.0004
416.0000	 32.0000	 -0.9431	  0.3746	  0.0000	  1.0259
448.0000	 32.0000	 -1.7672	  0.2927	  1.0000	  1.0342
480.0000	 32.0000	 -2.5116	  0.1921	  1.0000	  1.0019
512.0000	 32.0000	 -2.8673	  0.0931	  1.0000	  1.0084
544.0000	 32.0000	 -2.6976	  0.0078	  1.0000	  1.0032
576.0000	 32.0000	 -2.0670	 -0.0555	  1.0000	  0.0000
608.0000	 32.0000	 -1.3482	 -0.0883	  1.0000	  1.0024
640.0000	 32.0000	 -0.7420	 -0.0727	  1.0000	  1.0044
672.0000	 32.0000	 -0.3710	  0.0133	  1.0000	  1.0060
704.0000	 32.0000	 -0.1933	  0.1267	  1.0000	  1.0000
736.0000	 32.0000	 -0.1485	  0.1931	  1.0000	  1.0004
768.0000	 32.0000	 -0.1596	  0.2457	  1.0000	  1.0120
800.0000	 32.0000	 -0.1963	  0.2735	  1.0000	  1.0074
832.0000	 32.0000	 -0.2465	  0.2558	  0.0000	  1.0262
864.0000	 32.0000	 -0.3073	  0.1532	  0.0000	  1.1069
896.0000	 32.0000	 -0.2860	  0.0326	  0.0000	  1.1590
928.0000	 32.0000	 -0.2125	 -0.0268	  0.0000	  1.1262
960.0000	 32.0000	 -0.1121	 -0.0369	  0.0000	  1.0946
992.0000	 32.0000	 -0.0365	 -0.0677	  0.0000	  1.0998
1024.0000	 32.0000	  0.0010	 -0.1068	  0.0000	  1.0603
 32.0000	 64.0000	 -0.6285	  0.2297	  1.0000	  1.0092
 64.0000	 64.0000	 -0.6574	  0.1720	  1.0000	  1.0044
 96.0000	 64.0000	 -0.6879	  0.0906	  1.0000	  1.0028
128.0000	 64.0000	 -0.7186	  0.0302	  0.0000	  1.0144
160.0000	 64.0000	 -0.5502	  0.0627	  1.0000	  1.0206
192.0000	 64.0000	 -0.3471	  0.1098	  0.0000	  1.1166
224.0000	 64.0000	 -0.2112	  0.1262	  0.0000	  1.1391
256.0000	 64.0000	 -0.1462	  0.1243	  0.0000	  1.1146
288.0000	 64.0000	 -0.0938	  0.1211	  1.0000	  1.0030
320.0000	 64.0000	 -0.0933	  0.1532	  1.0000	  1.0040
352.0000	 64.0000	 -0.2239	  0.2176	  1.0000	  1.0015
384.0000	 64.0000	 -0.5226	  0.2794	  1.0000	  1.0020
416.0000	 64.0000	 -0.9980	  0.3115	  0.0000	  1.0159
448.0000	 64.0000	 -1.7608	  0.2422	  1.0000	  1.0149
480.0000	 64.0000	 -2.3515	  0.1519	  1.0000	  1.0016
512.0000	 64.0000	 -2.6383	  0.0651	  1.0000	  1.0084
544.0000	 64.0000	 -2.4501	 -0.0083	  1.0000	  1.0020
576.0000	 64.0000	 -1.8515	 -0.0622	  1.0000	  1.0066
608.0000	 64.0000	 -1.1731	 -0.0962	  1.0000	  0.0000
640.0000	 64.0000	 -0.6039	 -0.0987	  0.0000	  1.0693
672.0000	 64.0000	 -0.3000	 -0.0111	  0.0000	  1.0907
704.0000	 64.0000	 -0.1671	  0.1148	  0.0000	  1.0474
736.0000	 64.0000	 -0.1445	  0.1578	  1.0000	  1.0087
768.0000	 64.0000	 -0.1606	  0.2110	  1.0000	  1.0053
800.0000	 64.0000	 -0.1897	  0.2620	  1.0000	  0.0000
832.0000	 64.0000	 -0.2208	  0.2817	  0.0000	  1.0744
864.0000	 64.0000	 -0.2739	  0.2085	  0.0000	  1.1629
896.0000	 64.0000	 -0.2762	  0.1034	  0.0000	  1.1836
928.0000	 64.0000	 -0.2183	  0.0394	  0.0000	  1.1337
960.0000	 64.0000	 -0.1043	  0.0206	  0.0000	  1.1159
992.0000	 64.0000	 -0.0454	 -0.0167	  0.0000	  1.1281
1024.0000	 64.0000	 -0.0352	 -0.0597	  0.0000	  1.0946
 32.0000	 96.0000	 -0.5764	  0.3364	  1.0000	  1.0069
 64.0000	 96.0000	 -0.6035	  0.2658	  0.0000	  1.0659
 96.0000	 96.0000	 -0.6288	  0.1731	  0.0000	  1.0598
128.0000	 96.0000	 -0.6349	  0.1058	  0.0000	  1.2473
160.0000	 96.0000	 -0.5408	  0.1052	  0.0000	  1.1392
192.0000	 96.0000	 -0.3915	  0.1276	  0.0000	  1.1225
224.0000	 96.0000	 -0.2528	  0.1093	  0.0000	  1.1444
256.0000	 96.0000	 -0.1619	  0.0697	  0.0000	  1.1395
288.0000	 96.0000	 -0.0881	  0.0461	  0.0000	  1.0664
320.0000	 96.0000	 -0.0535	  0.0821	  0.0000	  1.0420
352.0000	 96.0000	 -0.2145	  0.1540	  0.0000	  1.0275
384.0000	 96.0000	 -0.5803	  0.1942	  1.0000	  1.0006
416.0000	 96.0000	 -1.1020	  0.2016	  1.0000	  1.0027
448.0000	 96.0000	 -1.6931	  0.1531	  1.0000	  1.0126
480.0000	 96.0000	 -2.1197	  0.0822	  1.0000	  1.0066
512.0000	 96.0000	 -2.2700	  0.0113	  1.0000	  1.0012
544.0000	 96.0000	 -2.0455	 -0.0438	  1.0000	  1.0072
576.0000	 96.0000	 -1.4997	 -0.0756	  1.0000	  1.0122
608.0000	 96.0000	 -0.9082	 -0.0956	  1.0000	  1.0040
640.0000	 96.0000	 -0.4539	 -0.1074	  0.0000	  1.1251
672.0000	 96.0000	 -0.2333	 -0.0787	  0.0000	  1.1549
704.0000	 96.0000	 -0.1533	 -0.0179	  0.0000	  1.1432
736.0000	 96.0000	 -0.1499	  0.0401	  1.0000	  1.0062
768.0000	 96.0000	 -0.1711	  0.1107	  1.0000	  1.0011
800.0000	 96.0000	 -0.2001	  0.1964	  1.0000	  1.0046
832.0000	 96.0000	 -0.2291	  0.2795	  0.0000	  1.0861
864.0000	 96.0000	 -0.2620	  0.2512	  0.0000	  1.1397
896.0000	 96.0000	 -0.2758	  0.1670	  0.0000	  1.1678
928.0000	 96.0000	 -0.2461	  0.1109	  0.0000	  1.0816
960.0000	 96.0000	 -0.1295	  0.0763	  0.0000	  1.0749
992.0000	 96.0000	 -0.0833	  0.0250	  0.0000	  1.1689
1024.0000	 96.0000	 -0.0831	 -0.0208	  0.0000	  1.1499
 32.0000	128.0000	 -0.4743	  0.4679	  0.0000	  1.0111
 64.0000	128.0000	 -0.4896	  0.3398	  0.0000	  1.0642
 96.0000	128.0000	 -0.5045	  0.1923	  0.0000	  1.0688
128.0000	128.0000	 -0.5034	  0.0963	  0.0000	  1.2831
160.0000	128.0000	 -0.4679	  0.0820	  0.0000	  1.1491
192.0000	128.0000	 -0.3906	  0.1090	  0.0000	  1.1169
224.0000	128.0000	 -0.2880	  0.0736	  0.0000	  1.1172
256.0000	128.0000	 -0.1953	  0.0046	  0.0000	  1.1186
288.0000	128.0000	 -0.1103	 -0.0388	  0.0000	  1.0887
320.0000	128.0000	 -0.0819	 -0.0059	  0.0000	  1.0160
352.0000	128.0000	 -0.2276	  0.0670	  0.0000	  1.0033
384.0000	128.0000	 -0.5716	  0.0896	  1.0000	  1.0005
416.0000	128.0000	 -1.0232	  0.0845	  1.0000	  1.0015
448.0000	128.0000	 -1.4470	  0.0459	  1.0000	  0.0000
480.0000	128.0000	 -1.7181	 -0.0138	  1.0000	  0.0000
512.0000	128.0000	 -1.7610	 -0.0762	  1.0000	  1.0082
544.0000	128.0000	 -1.5237	 -0.1166	  1.0000	  1.0023
576.0000	128.0000	 -1.0618	 -0.1151	  1.0000	  1.0446
608.0000	128.0000	 -0.5901	 -0.1062	  0.0000	  1.1517
640.0000	128.0000	 -0.2997	 -0.1168	  0.0000	  1.0923
672.0000	128.0000	 -0.1823	 -0.1427	  0.0000	  1.1387
704.0000	128.0000	 -0.1517	 -0.1510	  0.0000	  1.1975
736.0000	128.0000	 -0.1559	 -0.1191	  1.0000	  0.0000
768.0000	128.0000	 -0.1806	 -0.0648	  1.0000	  1.0005
800.0000	128.0000	 -0.2143	  0.0215	  1.0000	  1.0068
832.0000	128.0000	 -0.2469	  0.1297	  0.0000	  1.0858
864.0000	128.0000	 -0.2663	  0.1521	  0.0000	  1.0800
896.0000	128.0000	 -0.2659	  0.0989	  1.0000	  1.0013
928.0000	128.0000	 -0.2365	  0.0723	  1.0000	  1.0101
960.0000	128.0000	 -0.1685	  0.0606	  1.0000	  1.0062
992.0000	128.0000	 -0.1283	  0.0383	  0.0000	  1.1397
1024.0000	128.0000	 -0.1203	  0.0178	  0.0000	  1.1364
 32.0000	160.0000	 -0.3194	  0.5715	  0.0000	  1.0956
 64.0000	160.0000	 -0.3341	  0.3970	  0.0000	  1.0923
 96.0000	160.0000	 -0.3432	  0.1676	  0.0000	  1.0331
128.0000	160.0000	 -0.3406	  0.0083	  0.0000	  1.0689
160.0000	160.0000	 -0.3578	 -0.0240	  0.0000	  1.0888
192.0000	160.0000	 -0.3646	  0.0312	  0.0000	  1.0933
224.0000	160.0000	 -0.3159	  0.0058	  0.0000	  1.1007
256.0000	160.0000	 -0.2303	 -0.0730	  0.0000	  1.1112
288.0000	160.0000	 -0.1474	 -0.1192	  0.0000	  1.0923
320.0000	160.0000	 -0.1382	 -0.0880	  1.0000	  1.0029
352.0000	160.0000	 -0.2432	 -0.0391	  1.0000	  1.0010
384.0000	160.0000	 -0.4846	 -0.0271	  1.0000	  0.0000
416.0000	160.0000	 -0.7853	 -0.0332	  1.0000	  1.0009
448.0000	160.0000	 -1.0446	 -0.0618	  1.0000	  1.0015
480.0000	160.0000	 -1.1907	 -0.1158	  1.0000	  1.0133
512.0000	160.0000	 -1.1762	 -0.1902	  1.0000	  1.0062
544.0000	160.0000	 -0.9719	 -0.2417	  1.0000	  0.0000
576.0000	160.0000	 -0.6514	 -0.2040	  0.0000	  1.1584
608.0000	160.0000	 -0.3774	 -0.1664	  0.0000	  1.1603
640.0000	160.0000	 -0.2117	 -0.1653	  0.0000	  1.1116
672.0000	160.0000	 -0.1368	 -0.2057	  0.0000	  1.1299
704.0000	160.0000	 -0.1115	 -0.2628	  0.0000	  1.1486
736.0000	160.0000	 -0.1185	 -0.2946	  1.0000	  1.0024
768.0000	160.0000	 -0.1560	 -0.3036	  1.0000	  0.0000
800.0000	160.0000	 -0.2053	 -0.2674	  1.0000	  0.0000
832.0000	160.0000	 -0.2462	 -0.1985	  1.0000	  1.0056
864.0000	160.0000	 -0.2694	 -0.1435	  1.0000	  1.0020
896.0000	160.0000	 -0.2687	 -0.1044	  1.0000	  1.0072
928.0000	160.0000	 -0.2448	 -0.0417	  1.0000	  1.0005
960.0000	160.0000	 -0.2042	  0.0271	  1.0000	  0.0000
992.0000	160.0000	 -0.1754	  0.0843	  1.0000	  1.0119
1024.0000	160.0000	 -0.1643	  0.1193	  1.0000	  0.0000
 32.0000	192.0000	 -0.2323	  0.5559	  0.0000	  1.0519
 64.0000	192.0000	 -0.2399	  0.3878	  0.0000	  1.0493
 96.0000	192.0000	 -0.2324	  0.1224	  0.0000	  1.1392
128.0000	192.0000	 -0.2313	 -0.0761	  0.0000	  1.1209
160.0000	192.0000	 -0.3016	 -0.1583	  0.0000	  1.0476
192.0000	192.0000	 -0.3531	 -0.0801	  0.0000	  1.0931
224.0000	192.0000	 -0.3289	 -0.0695	  0.0000	  1.0214
256.0000	192.0000	 -0.2494	 -0.1302	  0.0000	  1.1179
288.0000	192.0000	 -0.1866	 -0.1709	  0.0000	  1.1528
320.0000	192.0000	 -0.1744	 -0.1537	  0.0000	  1.1455
352.0000	192.0000	 -0.2180	 -0.1248	  0.0000	  1.0548
384.0000	192.0000	 -0.3631	 -0.1407	  1.0000	  1.0045
416.0000	192.0000	 -0.5320	 -0.1456	  1.0000	  1.0030
448.0000	192.0000	 -0.6601	 -0.1536	  0.0000	  1.0703
480.0000	192.0000	 -0.7239	 -0.1971	  0.0000	  1.0692
512.0000	192.0000	 -0.6970	 -0.3037	  1.0000	  1.0058
544.0000	192.0000	 -0.5405	 -0.4110	  0.0000	  1.0587
576.0000	192.0000	 -0.3708	 -0.3616	  0.0000	  1.1315
608.0000	192.0000	 -0.2325	 -0.2894	  0.0000	  1.1108
640.0000	192.0000	 -0.1229	 -0.2444	  0.0000	  1.0939
672.0000	192.0000	 -0.0060	 -0.2495	  0.0000	  1.1127
704.0000	192.0000	  0.0665	 -0.3251	  0.0000	  1.0666
736.0000	192.0000	  0.0474	 -0.4317	  1.0000	  0.0000
768.0000	192.0000	 -0.0303	 -0.5373	  1.0000	  1.0022
800.0000	192.0000	 -0.1249	 -0.5756	  1.0000	  1.0002
832.0000	192.0000	 -0.2016	 -0.5521	  1.0000	  0.0000
864.0000	192.0000	 -0.2534	 -0.4832	  1.0000	  0.0000
896.0000	192.0000	 -0.2744	 -0.3700	  1.0000	  0.0000
928.0000	192.0000	 -0.2660	 -0.1955	  1.0000	  0.0000
960.0000	192.0000	 -0.2420	 -0.0169	  1.0000	  1.0003
992.0000	192.0000	 -0.2261	  0.1463	  1.0000	  1.0098
1024.0000	192.0000	 -0.2235	  0.2570	  1.0000	  1.0070
 32.0000	224.0000	 -0.2815	  0.4072	  1.0000	  1.0010
 64.0000	224.0000	 -0.2786	  0.2865	  1.0000	  0.0000
 96.0000	224.0000	 -0.2529	  0.0892	  0.0000	  1.1484
128.0000	224.0000	 -0.2487	 -0.0816	  0.0000	  1.1491
160.0000	224.0000	 -0.3055	 -0.1781	  0.0000	  1.0800
192.0000	224.0000	 -0.3357	 -0.1348	  0.0000	  1.1077
224.0000	224.0000	 -0.2991	 -0.1197	  0.0000	  1.1214
256.0000	224.0000	 -0.2435	 -0.1582	  0.0000	  1.1390
288.0000	224.0000	 -0.2097	 -0.1995	  0.0000	  1.1495
320.0000	224.0000	 -0.2092	 -0.2033	  0.0000	  1.1415
352.0000	224.0000	 -0.2183	 -0.1942	  0.0000	  1.0613
384.0000	224.0000	 -0.2656	 -0.2393	  0.0000	  1.0474
416.0000	224.0000	 -0.3450	 -0.2316	  0.0000	  1.1024
448.0000	224.0000	 -0.4147	 -0.2083	  0.0000	  1.1097
480.0000	224.0000	 -0.4441	 -0.2315	  0.0000	  1.1086
512.0000	224.0000	 -0.4032	 -0.3358	  1.0000	  0.0000
544.0000	224.0000	 -0.2738	 -0.4541	  0.0000	  1.0521
576.0000	224.0000	 -0.1270	 -0.4509	  0.0000	  1.0494
608.0000	224.0000	  0.0215	 -0.3723	  0.0000	  1.0646
640.0000	224.0000	  0.1823	 -0.2553	  0.0000	  1.0565
672.0000	224.0000	  0.3791	 -0.1842	  1.0000	  0.0000
704.0000	224.0000	  0.5108	 -0.2511	  0.0000	  1.0583
736.0000	224.0000	  0.4663	 -0.4254	  1.0000	  0.0000
768.0000	224.0000	  0.3027	 -0.6456	  1.0000	  1.0138
800.0000	224.0000	  0.1092	 -0.7833	  1.0000	  1.0032
832.0000	224.0000	 -0.0511	 -0.8173	  1.0000	  1.0006
864.0000	224.0000	 -0.1786	 -0.7682	  1.0000	  1.0074
896.0000	224.0000	 -0.2608	 -0.6258	  1.0000	  1.0003
928.0000	224.0000	 -0.2927	 -0.3448	  1.0000	  1.0007
960.0000	224.0000	 -0.2938	 -0.0478	  0.0000	  1.0570
992.0000	224.0000	 -0.3018	  0.2318	  0.0000	  1.0816
1024.0000	224.0000	 -0.3201	  0.4347	  0.0000	  1.0573
 32.0000	256.0000	 -0.3827	  0.2943	  1.0000	  0.0000
 64.0000	256.0000	 -0.3821	  0.2198	  1.0000	  1.0070
 96.0000	256.0000	 -0.3594	  0.0927	  0.0000	  1.1282
128.0000	256.0000	 -0.3547	 -0.0298	  0.0000	  1.1299
160.0000	256.0000	 -0.3755	 -0.1170	  0.0000	  1.0561
192.0000	256.0000	 -0.3465	 -0.1428	  0.0000	  1.1278
224.0000	256.0000	 -0.2768	 -0.1402	  0.0000	  1.1662
256.0000	256.0000	 -0.2283	 -0.1588	  0.0000	  1.1189
288.0000	256.0000	 -0.2218	 -0.2032	  0.0000	  1.1006
320.0000	256.0000	 -0.2411	 -0.2456	  0.0000	  1.0798
352.0000	256.0000	 -0.2301	 -0.2584	  0.0000	  1.0852
384.0000	256.0000	 -0.2093	 -0.2348	  0.0000	  1.0484
416.0000	256.0000	 -0.2353	 -0.1875	  0.0000	  1.1030
448.0000	256.0000	 -0.2875	 -0.1612	  0.0000	  1.1099
480.0000	256.0000	 -0.3039	 -0.1726	  0.0000	  1.1085
512.0000	256.0000	 -0.2289	 -0.2204	  1.0000	  1.0060
544.0000	256.0000	 -0.0449	 -0.2575	  1.0000	  1.0004
576.0000	256.0000	  0.2244	 -0.2038	  1.0000	  1.0013
608.0000	256.0000	  0.5404	 -0.0794	  0.0000	  1.0632
640.0000	256.0000	  0.8663	  0.0923	  0.0000	  1.0866
672.0000	256.0000	  1.1818	  0.1971	  0.0000	  1.0165
704.0000	256.0000	  1.3566	  0.1133	  1.0000	  1.0039
736.0000	256.0000	  1.2420	 -0.1526	  1.0000	  1.0017
768.0000	256.0000	  0.9235	 -0.5120	  1.0000	  1.0020
800.0000	256.0000	  0.5630	 -0.7755	  1.0000	  1.0087
832.0000	256.0000	  0.2659	 -0.8845	  1.0000	  1.0067
864.0000	256.0000	  0.0050	 -0.8992	  1.0000	  1.0145
896.0000	256.0000	 -0.1889	 -0.7901	  0.0000	  1.0333
928.0000	256.0000	 -0.3019	 -0.4261	  1.0000	  1.0006
960.0000	256.0000	 -0.3629	 -0.0408	  0.0000	  1.0402
992.0000	256.0000	 -0.4267	  0.3020	  0.0000	  1.0839
1024.0000	256.0000	 -0.4743	  0.5393	  0.0000	  1.0533
 32.0000	288.0000	 -0.4896	  0.2418	  1.0000	  0.0000
 64.0000	288.0000	 -0.5032	  0.1990	  1.0000	  1.0003
 96.0000	288.0000	 -0.5038	  0.1173	  1.0000	  1.0073
128.0000	288.0000	 -0.5046	  0.0201	  1.0000	  1.0032
160.0000	288.0000	 -0.5106	 -0.0686	  0.0000	  1.0057
192.0000	288.0000	 -0.3795	 -0.1415	  0.0000	  1.0938
224.0000	288.0000	 -0.2711	 -0.1292	  0.0000	  1.1586
256.0000	288.0000	 -0.2271	 -0.1208	  0.0000	  1.1474
288.0000	288.0000	 -0.2365	 -0.1499	  0.0000	  1.1086
320.0000	288.0000	 -0.2533	 -0.2019	  0.0000	  1.0688
352.0000	288.0000	 -0.2139	 -0.2086	  0.0000	  1.0663
384.0000	288.0000	 -0.1478	 -0.0747	  0.0000	  1.0712
416.0000	288.0000	 -0.1505	  0.0364	  0.0000	  1.0671
448.0000	288.0000	 -0.2125	  0.0507	  0.0000	  1.0230
480.0000	288.0000	 -0.2082	  0.0486	  0.0000	  1.0303
512.0000	288.0000	 -0.0603	  0.0813	  1.0000	  1.0026
544.0000	288.0000	  0.2622	  0.1343	  1.0000	  1.0010
576.0000	288.0000	  0.8130	  0.3180	  1.0000	  0.0000
608.0000	288.0000	  1.5363	  0.6107	  1.0000	  1.0031
640.0000	288.0000	  2.1993	  0.8693	  1.0000	  1.0155
672.0000	288.0000	  2.6354	  0.9738	  1.0000	  1.0201
704.0000	288.0000	  2.7062	  0.8245	  1.0000	  1.0082
736.0000	288.0000	  2.3941	  0.4369	  1.0000	  1.0017
768.0000	288.0000	  1.8312	 -0.0915	  1.0000	  1.0002
800.0000	288.0000	  1.2342	 -0.5244	  1.0000	  1.0003
832.0000	288.0000	  0.7304	 -0.7661	  1.0000	  1.0122
864.0000	288.0000	  0.2920	 -0.8603	  1.0000	  1.0178
896.0000	288.0000	 -0.0262	 -0.7296	  1.0000	  1.0179
928.0000	288.0000	 -0.2455	 -0.3589	  1.0000	  1.0113
960.0000	288.0000	 -0.4245	  0.0562	  1.0000	  1.0099
992.0000	288.0000	 -0.5880	  0.4185	  1.0000	  1.0076
1024.0000	288.0000	 -0.6966	  0.6467	  1.0000	  1.0045
 32.0000	320.0000	 -0.5537	  0.2440	  1.0000	  0.0000
 64.0000	320.0000	 -0.5774	  0.2174	  1.0000	  1.0014
 96.0000	320.0000	 -0.5863	  0.1578	  1.0000	  1.0048
128.0000	320.0000	 -0.5659	  0.0730	  1.0000	  1.0006
160.0000	320.0000	 -0.4993	 -0.0153	  0.0000	  1.0588
192.0000	320.0000	 -0.3642	 -0.0786	  0.0000	  1.0757
224.0000	320.0000	 -0.2639	 -0.0518	  0.0000	  1.1300
256.0000	320.0000	 -0.2374	 -0.0242	  0.0000	  1.1967
288.0000	320.0000	 -0.2567	 -0.0404	  0.0000	  1.2215
320.0000	320.0000	 -0.2621	 -0.0718	  0.0000	  1.1121
352.0000	320.0000	 -0.2139	 -0.0039	  0.0000	  1.0776
384.0000	320.0000	 -0.1618	  0.2022	  0.0000	  1.0936
416.0000	320.0000	 -0.1514	  0.3978	  0.0000	  1.0589
448.0000	320.0000	 -0.1558	  0.5124	  1.0000	  0.0000
480.0000	320.0000	 -0.0503	  0.5961	  1.0000	  1.0038
512.0000	320.0000	  0.2316	  0.6776	  1.0000	  1.0005
544.0000	320.0000	  0.7413	  0.7802	  0.0000	  1.0729
576.0000	320.0000	  1.6552	  1.1071	  0.0000	  1.0783
608.0000	320.0000	  2.8502	  1.5846	  1.0000	  0.0000
640.0000	320.0000	  3.8484	  1.9304	  1.0000	  1.0007
672.0000	320.0000	  4.3782	  2.0348	  1.0000	  1.0195
704.0000	320.0000	  4.3108	  1.8104	  1.0000	  0.0000
736.0000	320.0000	  3.7464	  1.2981	  1.0000	  1.0021
768.0000	320.0000	  2.9078	  0.5920	  1.0000	  1.0005
800.0000	320.0000	  2.0667	 -0.0341	  1.0000	  1.0008
832.0000	320.0000	  1.3522	 -0.4498	  1.0000	  1.0037
864.0000	320.0000	  0.7741	 -0.6186	  1.0000	  1.0166
896.0000	320.0000	  0.3343	 -0.5101	  1.0000	  1.0050
928.0000	320.0000	 -0.0159	 -0.1628	  1.0000	  1.0016
960.0000	320.0000	 -0.3506	  0.2470	  1.0000	  1.0016
992.0000	320.0000	 -0.6695	  0.6199	  0.0000	  1.0353
1024.0000	320.0000	 -0.8795	  0.8515	  0.0000	  1.0203
 32.0000	352.0000	 -0.5567	  0.2835	  0.0000	  1.0524
 64.0000	352.0000	 -0.5836	  0.2621	  1.0000	  1.0162
 96.0000	352.0000	 -0.5971	  0.2103	  1.0000	  1.0023
128.0000	352.0000	 -0.5715	  0.1333	  1.0000	  1.0004
160.0000	352.0000	 -0.4874	  0.0524	  0.0000	  1.1050
192.0000	352.0000	 -0.3757	  0.0267	  0.0000	  1.1067
224.0000	352.0000	 -0.2870	  0.0890	  0.0000	  1.0909
256.0000	352.0000	 -0.2690	  0.1452	  0.0000	  1.2353
288.0000	352.0000	 -0.2945	  0.1345	  0.0000	  1.3060
320.0000	352.0000	 -0.3069	  0.0682	  0.0000	  1.1058
352.0000	352.0000	 -0.2910	  0.1820	  0.0000	  1.0721
384.0000	352.0000	 -0.2766	  0.5121	  0.0000	  1.0429
416.0000	352.0000	 -0.2417	  0.8313	  1.0000	  1.0006
448.0000	352.0000	 -0.1276	  1.1213	  1.0000	  1.0018
480.0000	352.0000	  0.1771	  1.3678	  1.0000	  0.0000
512.0000	352.0000	  0.7475	  1.5930	  1.0000	  0.0000
544.0000	352.0000	  1.6363	  1.8529	  0.0000	  1.0492
576.0000	352.0000	  3.0279	  2.3359	  1.0000	  1.0497
608.0000	352.0000	  4.4318	  2.8251	  1.0000	  1.0101
640.0000	352.0000	  5.5033	  3.1555	  1.0000	  1.0016
672.0000	352.0000	  5.9997	  3.2252	  1.0000	  1.0030
704.0000	352.0000	  5.7451	  2.9111	  1.0000	  0.0000
736.0000	352.0000	  4.9637	  2.2860	  1.0000	  1.0009
768.0000	352.0000	  3.9155	  1.4321	  1.0000	  1.0067
800.0000	352.0000	  2.9317	  0.6465	  1.0000	  1.0003
832.0000	352.0000	  2.1168	  0.0892	  1.0000	  1.0002
864.0000	352.0000	  1.4671	 -0.1737	  1.0000	  1.0026
896.0000	352.0000	  0.9396	 -0.1358	  1.0000	  1.0017
928.0000	352.0000	  0.4647	  0.1426	  1.0000	  1.0066
960.0000	352.0000	 -0.0241	  0.5028	  1.0000	  1.0044
992.0000	352.0000	 -0.4836	  0.8485	  0.0000	  1.0271
1024.0000	352.0000	 -0.7823	  1.0783	  0.0000	  1.0228
 32.0000	384.0000	 -0.5099	  0.3571	  1.0000	  1.0388
 64.0000	384.0000	 -0.5200	  0.3281	  1.0000	  0.0000
 96.0000	384.0000	 -0.5257	  0.2715	  1.0000	  1.0024
128.0000	384.0000	 -0.5076	  0.2065	  1.0000	  1.0001
160.0000	384.0000	 -0.4548	  0.1548	  0.0000	  1.0769
192.0000	384.0000	 -0.3922	  0.1763	  0.0000	  1.0851
224.0000	384.0000	 -0.3373	  0.2788	  0.0000	  1.0568
256.0000	384.0000	 -0.3250	  0.3834	  0.0000	  1.0542
288.0000	384.0000	 -0.3529	  0.4168	  0.0000	  1.0463
320.0000	384.0000	 -0.3748	  0.2995	  0.0000	  1.0924
352.0000	384.0000	 -0.3861	  0.4422	  0.0000	  1.0680
384.0000	384.0000	 -0.3984	  0.8675	  0.0000	  1.0359
416.0000	384.0000	 -0.3390	  1.3504	  1.0000	  1.0019
448.0000	384.0000	 -0.0959	  1.8386	  1.0000	  1.0017
480.0000	384.0000	  0.4727	  2.2811	  1.0000	  1.0013
512.0000	384.0000	  1.4491	  2.6942	  1.0000	  1.0090
544.0000	384.0000	  2.8496	  3.1372	  1.0000	  1.0007
576.0000	384.0000	  4.5424	  3.6680	  1.0000	  0.0000
608.0000	384.0000	  5.9423	  4.0642	  1.0000	  1.0079
640.0000	384.0000	  6.6868	  4.1972	  1.0000	  1.0068
672.0000	384.0000	  6.9904	  4.1783	  1.0000	  1.0013
704.0000	384.0000	  6.4953	  3.7687	  1.0000	  0.0000
736.0000	384.0000	  5.6128	  3.1042	  1.0000	  1.0056
768.0000	384.0000	  4.5270	  2.1957	  1.0000	  1.0105
800.0000	384.0000	  3.6004	  1.3464	  1.0000	  0.0000
832.0000	384.0000	  2.8710	  0.7195	  1.0000	  1.0037
864.0000	384.0000	  2.2870	  0.3857	  1.0000	  1.0080
896.0000	384.0000	  1.7620	  0.3407	  1.0000	  0.0000
928.0000	384.0000	  1.2141	  0.5182	  1.0000	  1.0007
960.0000	384.0000	  0.6174	  0.7728	  1.0000	  0.0000
992.0000	384.0000	  0.0957	  1.0099	  1.0000	  0.0000
1024.0000	384.0000	 -0.2332	  1.1617	  1.0000	  0.0000
 32.0000	416.0000	 -0.4428	  0.4575	  1.0000	  0.0000
 64.0000	416.0000	 -0.4309	  0.4159	  1.0000	  1.0132
 96.0000	416.0000	 -0.4192	  0.3378	  1.0000	  1.0018
128.0000	416.0000	 -0.3998	  0.2870	  1.0000	  1.0089
160.0000	416.0000	 -0.3732	  0.2870	  1.0000	  1.0022
192.0000	416.0000	 -0.3649	  0.3560	  1.0000	  1.0155
224.0000	416.0000	 -0.3641	  0.4694	  1.0000	  1.0006
256.0000	416.0000	 -0.3725	  0.5731	  0.0000	  1.0238
288.0000	416.0000	 -0.4134	  0.6934	  0.0000	  1.0256
320.0000	416.0000	 -0.4584	  0.6774	  1.0000	  1.0075
352.0000	416.0000	 -0.5073	  0.8760	  1.0000	  1.0055
384.0000	416.0000	 -0.5314	  1.3249	  1.0000	  1.0043
416.0000	416.0000	 -0.4235	  1.9202	  1.0000	  0.0000
448.0000	416.0000	 -0.0295	  2.5689	  1.0000	  1.0094
480.0000	416.0000	  0.8144	  3.1749	  1.0000	  1.0024
512.0000	416.0000	  2.1567	  3.7261	  1.0000	  1.0068
544.0000	416.0000	  3.8962	  4.2621	  1.0000	  1.0065
576.0000	416.0000	  5.7153	  4.7327	  1.0000	  1.0048
608.0000	416.0000	  6.9415	  4.9621	  1.0000	  1.0103
640.0000	416.0000	  7.3289	  4.9007	  1.0000	  1.0054
672.0000	416.0000	  7.2626	  4.7280	  1.0000	  1.0044
704.0000	416.0000	  6.6453	  4.3154	  1.0000	  0.0000
736.0000	416.0000	  5.5889	  3.5937	  1.0000	  1.0036
768.0000	416.0000	  4.5621	  2.6914	  1.0000	  1.0007
800.0000	416.0000	  3.8917	  1.8785	  1.0000	  0.0000
832.0000	416.0000	  3.4409	  1.2693	  1.0000	  1.0042
864.0000	416.0000	  3.0837	  0.9196	  1.0000	  1.0005
896.0000	416.0000	  2.6874	  0.8184	  1.0000	  0.0000
928.0000	416.0000	  2.1512	  0.9032	  1.0000	  1.0023
960.0000	416.0000	  1.4977	  1.0498	  1.0000	  1.0151
992.0000	416.0000	  0.9274	  1.1850	  1.0000	  1.0023
1024.0000	416.0000	  0.5683	  1.2686	  1.0000	  1.0030
 32.0000	448.0000	 -0.3907	  0.5660	  1.0000	  0.0000
 64.0000	448.0000	 -0.3504	  0.5108	  0.0000	  1.0023
 96.0000	448.0000	 -0.3154	  0.3805	  0.0000	  1.0967
128.0000	448.0000	 -0.2829	  0.3300	  0.0000	  1.1011
160.0000	448.0000	 -0.2782	  0.3758	  0.0000	  1.0503
192.0000	448.0000	 -0.3197	  0.4901	  1.0000	  1.0078
224.0000	448.0000	 -0.3568	  0.6129	  1.0000	  1.0103
256.0000	448.0000	 -0.3972	  0.7055	  1.0000	  1.0021
288.0000	448.0000	 -0.4608	  0.8086	  1.0000	  1.0014
320.0000	448.0000	 -0.5447	  0.9250	  1.0000	  1.0064
352.0000	448.0000	 -0.6230	  1.2312	  1.0000	  1.0041
384.0000	448.0000	 -0.6459	  1.7558	  1.0000	  1.0010
416.0000	448.0000	 -0.4747	  2.4512	  1.0000	  1.0053
448.0000	448.0000	  0.0783	  3.2116	  1.0000	  1.0064
480.0000	448.0000	  1.1755	  3.9129	  1.0000	  1.0099
512.0000	448.0000	  2.8034	  4.5051	  1.0000	  1.0035
544.0000	448.0000	  4.7166	  5.0273	  1.0000	  1.0014
576.0000	448.0000	  6.5057	  5.3619	  1.0000	  1.0124
608.0000	448.0000	  7.4255	  5.3887	  1.0000	  1.0041
640.0000	448.0000	  7.5150	  5.2027	  1.0000	  1.0073
672.0000	448.0000	  7.0903	  4.9125	  1.0000	  1.0025
704.0000	448.0000	  6.1251	  4.3822	  1.0000	  1.0009
736.0000	448.0000	  4.9296	  3.6511	  1.0000	  1.0010
768.0000	448.0000	  4.0505	  2.8443	  1.0000	  1.0017
800.0000	448.0000	  3.7504	  2.1562	  1.0000	  1.0068
832.0000	448.0000	  3.6991	  1.6407	  1.0000	  1.0039
864.0000	448.0000	  3.6934	  1.3331	  1.0000	  1.0003
896.0000	448.0000	  3.5546	  1.2173	  1.0000	  1.0018
928.0000	448.0000	  3.1463	  1.2403	  1.0000	  1.0116
960.0000	448.0000	  2.5234	  1.3048	  1.0000	  1.0117
992.0000	448.0000	  1.9492	  1.3663	  1.0000	  1.0018
1024.0000	448.0000	  1.5785	  1.4032	  1.0000	  1.0094
 32.0000	480.0000	 -0.3754	  0.6211	  1.0000	  1.0045
 64.0000	480.0000	 -0.3283	  0.5569	  0.0000	  1.0425
 96.0000	480.0000	 -0.2964	  0.3970	  0.0000	  1.1152
128.0000	480.0000	 -0.2565	  0.3445	  0.0000	  1.1195
160.0000	480.0000	 -0.2449	  0.4112	  0.0000	  1.1034
192.0000	480.0000	 -0.2802	  0.5471	  0.0000	  1.0583
224.0000	480.0000	 -0.3248	  0.6692	  0.0000	  1.0562
256.0000	480.0000	 -0.3957	  0.7481	  0.0000	  1.0848
288.0000	480.0000	 -0.5040	  0.8480	  0.0000	  1.1034
320.0000	480.0000	 -0.6363	  1.0441	  1.0000	  1.0110
352.0000	480.0000	 -0.7250	  1.4627	  1.0000	  0.0000
384.0000	480.0000	 -0.7272	  2.0816	  1.0000	  1.0019
416.0000	480.0000	 -0.4784	  2.8535	  1.0000	  1.0030
448.0000	480.0000	  0.2337	  3.6654	  1.0000	  1.0055
480.0000	480.0000	  1.5365	  4.3916	  1.0000	  1.0003
512.0000	480.0000	  3.3327	  4.9619	  1.0000	  1.0077
544.0000	480.0000	  5.3245	  5.3664	  1.0000	  1.0077
576.0000	480.0000	  7.0197	  5.5419	  1.0000	  1.0096
608.0000	480.0000	  7.7196	  5.4269	  1.0000	  1.0005
640.0000	480.0000	  7.3492	  5.0869	  1.0000	  1.0033
672.0000	480.0000	  6.3728	  4.6179	  1.0000	  1.0038
704.0000	480.0000	  5.0428	  3.9837	  1.0000	  1.0088
736.0000	480.0000	  3.8298	  3.3211	  1.0000	  1.0005
768.0000	480.0000	  3.1702	  2.6945	  1.0000	  1.0057
800.0000	480.0000	  3.2743	  2.1900	  1.0000	  1.0127
832.0000	480.0000	  3.6561	  1.8150	  1.0000	  1.0001
864.0000	480.0000	  4.0548	  1.5917	  1.0000	  1.0035
896.0000	480.0000	  4.2538	  1.5000	  1.0000	  1.0069
928.0000	480.0000	  4.0601	  1.4984	  1.0000	  1.0006
960.0000	480.0000	  3.5550	  1.5185	  1.0000	  1.0099
992.0000	480.0000	  3.0393	  1.5389	  1.0000	  1.0093
1024.0000	480.0000	  2.6920	  1.5501	  1.0000	  1.0072
 32.0000	512.0000	 -0.3756	  0.5830	  0.0000	  1.0177
 64.0000	512.0000	 -0.3260	  0.4842	  1.0000	  1.0151
 96.0000	512.0000	 -0.3158	  0.3661	  0.0000	  1.0961
128.0000	512.0000	 -0.2857	  0.3161	  0.0000	  1.1354
160.0000	512.0000	 -0.2711	  0.3509	  0.0000	  1.1471
192.0000	512.0000	 -0.2857	  0.4337	  0.0000	  1.1279
224.0000	512.0000	 -0.3176	  0.5218	  0.0000	  1.0735
256.0000	512.0000	 -0.4145	  0.6162	  0.0000	  1.0951
288.0000	512.0000	 -0.5667	  0.7392	  0.0000	  1.1112
320.0000	512.0000	 -0.7371	  1.0149	  0.0000	  1.0607
352.0000	512.0000	 -0.8020	  1.5510	  1.0000	  1.0041
384.0000	512.0000	 -0.7600	  2.2465	  1.0000	  1.0048
416.0000	512.0000	 -0.4125	  3.0494	  1.0000	  1.0041
448.0000	512.0000	  0.4792	  3.8457	  1.0000	  0.0000
480.0000	512.0000	  1.9737	  4.5170	  1.0000	  1.0096
512.0000	512.0000	  3.8781	  4.9844	  1.0000	  1.0087
544.0000	512.0000	  5.8374	  5.2188	  1.0000	  1.0094
576.0000	512.0000	  7.3081	  5.1914	  1.0000	  0.0000
608.0000	512.0000	  7.6278	  4.9118	  1.0000	  1.0186
640.0000	512.0000	  6.7603	  4.4527	  1.0000	  1.0048
672.0000	512.0000	  5.3226	  3.9186	  1.0000	  1.0032
704.0000	512.0000	  3.7518	  3.3496	  1.0000	  1.0088
736.0000	512.0000	  2.5077	  2.8234	  1.0000	  1.0077
768.0000	512.0000	  2.1270	  2.3786	  1.0000	  1.0014
800.0000	512.0000	  2.6414	  2.0599	  1.0000	  1.0244
832.0000	512.0000	  3.4708	  1.8365	  1.0000	  1.0029
864.0000	512.0000	  4.2643	  1.7105	  1.0000	  1.0022
896.0000	512.0000	  4.7663	  1.6632	  1.0000	  1.0019
928.0000	512.0000	  4.8124	  1.6659	  1.0000	  1.0026
960.0000	512.0000	  4.4887	  1.6739	  1.0000	  1.0023
992.0000	512.0000	  4.0915	  1.6805	  1.0000	  1.0001
1024.0000	512.0000	  3.8074	  1.6831	  1.0000	  1.0000
 32.0000	544.0000	 -0.2750	  0.4246	  0.0000	  1.0349
 64.0000	544.0000	 -0.2691	  0.3790	  0.0000	  1.0122
 96.0000	544.0000	 -0.2975	  0.3347	  1.0000	  1.0000
128.0000	544.0000	 -0.3088	  0.2920	  0.0000	  1.0446
160.0000	544.0000	 -0.3118	  0.2896	  0.0000	  1.1320
192.0000	544.0000	 -0.3161	  0.3183	  0.0000	  1.1198
224.0000	544.0000	 -0.3373	  0.3683	  0.0000	  1.0496
256.0000	544.0000	 -0.4406	  0.4751	  0.0000	  1.0968
288.0000	544.0000	 -0.5979	  0.6414	  0.0000	  1.1157
320.0000	544.0000	 -0.7598	  0.9696	  0.0000	  1.0557
352.0000	544.0000	 -0.8181	  1.5750	  1.0000	  1.0070
384.0000	544.0000	 -0.7367	  2.2881	  1.0000	  1.0005
416.0000	544.0000	 -0.2811	  3.0616	  1.0000	  1.0012
448.0000	544.0000	  0.8151	  3.7776	  1.0000	  1.0041
480.0000	544.0000	  2.5001	  4.3381	  1.0000	  1.0023
512.0000	544.0000	  4.4805	  4.6668	  1.0000	  1.0057
544.0000	544.0000	  6.3523	  4.7321	  1.0000	  1.0006
576.0000	544.0000	  7.5494	  4.5322	  1.0000	  0.0000
608.0000	544.0000	  7.4593	  4.1528	  1.0000	  1.0019
640.0000	544.0000	  6.1703	  3.6776	  1.0000	  1.0061
672.0000	544.0000	  4.3526	  3.1574	  1.0000	  1.0040
704.0000	544.0000	  2.5941	  2.6893	  1.0000	  1.0058
736.0000	544.0000	  1.3934	  2.3171	  1.0000	  1.0054
768.0000	544.0000	  1.2244	  2.0385	  1.0000	  1.0033
800.0000	544.0000	  2.0316	  1.8717	  1.0000	  1.0086
832.0000	544.0000	  3.1866	  1.7713	  1.0000	  1.0020
864.0000	544.0000	  4.2878	  1.7291	  1.0000	  1.0006
896.0000	544.0000	  5.0599	  1.7287	  1.0000	  1.0069
928.0000	544.0000	  5.3485	  1.7514	  1.0000	  1.0039
960.0000	544.0000	  5.2379	  1.7682	  1.0000	  1.0003
992.0000	544.0000	  4.9957	  1.7796	  1.0000	  1.0112
1024.0000	544.0000	  4.8034	  1.7856	  1.0000	  1.0021
 32.0000	576.0000	 -0.2554	  0.3802	  1.0000	  1.0093
 64.0000	576.0000	 -0.2649	  0.3572	  1.0000	  1.0001
 96.0000	576.0000	 -0.2916	  0.3307	  1.0000	  0.0000
128.0000	576.0000	 -0.3125	  0.2997	  1.0000	  0.0000
160.0000	576.0000	 -0.3259	  0.2802	  1.0000	  0.0000
192.0000	576.0000	 -0.3402	  0.2903	  1.0000	  1.0004
224.0000	576.0000	 -0.3753	  0.3407	  1.0000	  0.0000
256.0000	576.0000	 -0.4637	  0.4639	  1.0000	  1.0061
288.0000	576.0000	 -0.5894	  0.6908	  1.0000	  1.0031
320.0000	576.0000	 -0.7245	  1.0611	  1.0000	  1.0122
352.0000	576.0000	 -0.7939	  1.6210	  1.0000	  1.0115
384.0000	576.0000	 -0.6913	  2.2936	  1.0000	  1.0064
416.0000	576.0000	 -0.1556	  3.0120	  1.0000	  1.0009
448.0000	576.0000	  1.0909	  3.6425	  1.0000	  1.0006
480.0000	576.0000	  2.9150	  4.0993	  1.0000	  0.0000
512.0000	576.0000	  4.9432	  4.3125	  1.0000	  1.0010
544.0000	576.0000	  6.7367	  4.2569	  1.0000	  1.0008
576.0000	576.0000	  7.7280	  3.9498	  1.0000	  1.0012
608.0000	576.0000	  7.3465	  3.5124	  1.0000	  0.0000
640.0000	576.0000	  5.7839	  3.0358	  1.0000	  1.0059
672.0000	576.0000	  3.7721	  2.5877	  1.0000	  1.0042
704.0000	576.0000	  1.9226	  2.2229	  1.0000	  1.0046
736.0000	576.0000	  0.7502	  1.9688	  1.0000	  1.0006
768.0000	576.0000	  0.6792	  1.8040	  1.0000	  1.0019
800.0000	576.0000	  1.6097	  1.7283	  1.0000	  0.0000
832.0000	576.0000	  2.9345	  1.7023	  1.0000	  1.0004
864.0000	576.0000	  4.2224	  1.7129	  1.0000	  0.0000
896.0000	576.0000	  5.1835	  1.7450	  1.0000	  1.0008
928.0000	576.0000	  5.6629	  1.7856	  1.0000	  1.0038
960.0000	576.0000	  5.7348	  1.8157	  1.0000	  0.0000
992.0000	576.0000	  5.6321	  1.8368	  1.0000	  1.0044
1024.0000	576.0000	  5.5273	  1.8495	  1.0000	  1.0036
 32.0000	608.0000	 -0.2411	  0.3484	  1.0000	  1.0463
 64.0000	608.0000	 -0.2562	  0.3367	  1.0000	  1.0073
 96.0000	608.0000	 -0.2826	  0.3209	  1.0000	  1.0196
128.0000	608.0000	 -0.3082	  0.3018	  0.0000	  1.0648
160.0000	608.0000	 -0.3299	  0.2810	  1.0000	  1.0711
192.0000	608.0000	 -0.3534	  0.2867	  1.0000	  1.0023
224.0000	608.0000	 -0.3951	  0.3413	  1.0000	  1.0087
256.0000	608.0000	 -0.4728	  0.4778	  1.0000	  1.0058
288.0000	608.0000	 -0.5789	  0.7359	  1.0000	  1.0122
320.0000	608.0000	 -0.6993	  1.1211	  1.0000	  1.0034
352.0000	608.0000	 -0.7700	  1.6509	  1.0000	  1.0115
384.0000	608.0000	 -0.6551	  2.2872	  1.0000	  1.0106
416.0000	608.0000	 -0.0756	  2.9618	  1.0000	  1.0001
448.0000	608.0000	  1.2567	  3.5323	  1.0000	  1.0026
480.0000	608.0000	  3.1595	  3.9225	  1.0000	  1.0049
512.0000	608.0000	  5.2108	  4.0690	  1.0000	  1.0034
544.0000	608.0000	  6.9521	  3.9543	  1.0000	  0.0000
576.0000	608.0000	  7.8151	  3.6085	  1.0000	  1.0023
608.0000	608.0000	  7.2777	  3.1567	  1.0000	  1.0018
640.0000	608.0000	  5.5959	  2.6989	  1.0000	  1.0035
672.0000	608.0000	  3.5043	  2.3025	  1.0000	  1.0005
704.0000	608.0000	  1.6272	  1.9987	  1.0000	  1.0138
736.0000	608.0000	  0.4843	  1.8009	  1.0000	  1.0025
768.0000	608.0000	  0.4501	  1.6903	  1.0000	  1.0017
800.0000	608.0000	  1.4066	  1.6547	  1.0000	  1.0123
832.0000	608.0000	  2.7924	  1.6621	  1.0000	  1.0020
864.0000	608.0000	  4.1615	  1.6971	  1.0000	  1.0006
896.0000	608.0000	  5.2124	  1.7449	  1.0000	  1.0119
928.0000	608.0000	  5.7836	  1.7948	  1.0000	  1.0047
960.0000	608.0000	  5.9420	  1.8318	  1.0000	  0.0000
992.0000	608.0000	  5.9069	  1.8583	  1.0000	  1.0013
1024.0000	608.0000	  5.8433	  1.8746	  1.0000	  1.0006
