 32.0000	 32.0000	-10.7156	 -0.0482	  1.0000	  1.0057
 64.0000	 32.0000	-10.6136	  0.0088	  1.0000	  1.0104
 96.0000	 32.0000	-10.4194	  0.0771	  0.0000	  1.0155
128.0000	 32.0000	-10.3357	  0.1423	  0.0000	  1.0035
160.0000	 32.0000	-10.3223	  0.0120	  1.0000	  1.0016
192.0000	 32.0000	-10.2689	 -0.1410	  1.0000	  1.0132
224.0000	 32.0000	-10.1636	 -0.2806	  1.0000	  1.0134
256.0000	 32.0000	-10.0719	 -0.3552	  1.0000	  1.0071
288.0000	 32.0000	-10.0653	 -0.3607	  0.0000	  1.0000
320.0000	 32.0000	-10.2115	 -0.4064	  0.0000	  1.0135
352.0000	 32.0000	-10.3693	 -0.4109	  1.0000	  1.0052
384.0000	 32.0000	-10.5455	 -0.3327	  1.0000	  1.0007
416.0000	 32.0000	-10.7133	 -0.2228	  1.0000	  1.0013
448.0000	 32.0000	-10.8680	 -0.1073	  1.0000	  1.0033
480.0000	 32.0000	-11.0096	 -0.0082	  1.0000	  1.0072
512.0000	 32.0000	-11.1361	  0.0514	  1.0000	  1.0120
544.0000	 32.0000	-11.2446	  0.0485	  1.0000	  1.0101
576.0000	 32.0000	-11.3016	 -0.0045	  1.0000	  1.0004
608.0000	 32.0000	-11.3536	 -0.0377	  1.0000	  1.0008
640.0000	 32.0000	-11.4059	 -0.0470	  1.0000	  1.0035
672.0000	 32.0000	-11.4638	 -0.0290	  1.0000	  1.0008
704.0000	 32.0000	-11.5366	  0.0287	  0.0000	  1.0277
736.0000	 32.0000	-11.6164	  0.0432	  0.0000	  1.0237
768.0000	 32.0000	-11.7235	  0.0519	  0.0000	  1.0308
800.0000	 32.0000	-11.7750	  0.1029	  0.0000	  1.0328
832.0000	 32.0000	-11.8040	  0.1652	  0.0000	  1.0081
864.0000	 32.0000	-11.9017	  0.2023	  0.0000	  1.0127
896.0000	 32.0000	-11.7779	  0.1901	  0.0000	  1.0260
928.0000	 32.0000	-11.6250	 -0.0047	  0.0000	  1.0035
960.0000	 32.0000	-11.5153	 -0.5261	  1.0000	  1.0019
992.0000	 32.0000	-11.4610	 -1.0177	  1.0000	  0.0000
1024.0000	 32.0000	-11.4422	 -1.3344	  1.0000	  1.0049
 32.0000	 64.0000	-10.7891	 -0.0546	  0.0000	  1.0143
 64.0000	 64.0000	-10.7246	 -0.0119	  0.0000	  1.0219
 96.0000	 64.0000	-10.6012	 -0.0061	  0.0000	  1.0016
128.0000	 64.0000	-10.4770	 -0.0040	  0.0000	  1.0152
160.0000	 64.0000	-10.4114	 -0.0546	  1.0000	  1.0016
192.0000	 64.0000	-10.3408	 -0.1556	  1.0000	  1.0029
224.0000	 64.0000	-10.2233	 -0.2705	  1.0000	  0.0000
256.0000	 64.0000	-10.1304	 -0.3490	  1.0000	  1.0015
288.0000	 64.0000	-10.1256	 -0.3835	  1.0000	  1.0017
320.0000	 64.0000	-10.2249	 -0.4273	  0.0000	  1.0148
352.0000	 64.0000	-10.3760	 -0.4011	  1.0000	  1.0034
384.0000	 64.0000	-10.5578	 -0.3174	  1.0000	  1.0008
416.0000	 64.0000	-10.7337	 -0.2117	  1.0000	  1.0053
448.0000	 64.0000	-10.8882	 -0.1000	  1.0000	  1.0018
480.0000	 64.0000	-11.0211	  0.0031	  1.0000	  1.0020
512.0000	 64.0000	-11.1423	  0.0744	  0.0000	  1.0498
544.0000	 64.0000	-11.2567	  0.0720	  0.0000	  1.0030
576.0000	 64.0000	-11.2941	 -0.0016	  0.0000	  1.0121
608.0000	 64.0000	-11.3557	 -0.0262	  1.0000	  1.0094
640.0000	 64.0000	-11.4249	 -0.0337	  1.0000	  1.0104
672.0000	 64.0000	-11.4903	 -0.0140	  0.0000	  1.0445
704.0000	 64.0000	-11.5706	  0.1158	  0.0000	  1.0735
736.0000	 64.0000	-11.6349	  0.1996	  0.0000	  1.0336
768.0000	 64.0000	-11.6862	  0.1930	  0.0000	  1.0410
800.0000	 64.0000	-11.6820	  0.1836	  0.0000	  1.0282
832.0000	 64.0000	-11.6709	  0.1878	  0.0000	  1.0114
864.0000	 64.0000	-11.7169	  0.1839	  0.0000	  1.0088
896.0000	 64.0000	-11.6253	  0.1393	  0.0000	  1.0403
928.0000	 64.0000	-11.5264	 -0.0642	  0.0000	  1.0242
960.0000	 64.0000	-11.4544	 -0.5284	  1.0000	  1.0075
992.0000	 64.0000	-11.4266	 -0.9854	  1.0000	  1.0009
1024.0000	 64.0000	-11.4233	 -1.2763	  1.0000	  0.0000
 32.0000	 96.0000	-10.7492	 -0.0029	  0.0000	  1.0492
 64.0000	 96.0000	-10.7123	  0.0008	  0.0000	  1.0430
 96.0000	 96.0000	-10.6580	 -0.0506	  0.0000	  1.0122
128.0000	 96.0000	-10.5721	 -0.0865	  0.0000	  1.0257
160.0000	 96.0000	-10.5050	 -0.0958	  0.0000	  1.0197
192.0000	 96.0000	-10.4392	 -0.1561	  0.0000	  1.0146
224.0000	 96.0000	-10.2961	 -0.2335	  1.0000	  1.0061
256.0000	 96.0000	-10.1888	 -0.2954	  1.0000	  1.0059
288.0000	 96.0000	-10.1635	 -0.3344	  1.0000	  1.0004
320.0000	 96.0000	-10.2316	 -0.3606	  1.0000	  1.0021
352.0000	 96.0000	-10.3820	 -0.3400	  1.0000	  1.0017
384.0000	 96.0000	-10.5866	 -0.2750	  1.0000	  1.0005
416.0000	 96.0000	-10.7888	 -0.1898	  1.0000	  1.0001
448.0000	 96.0000	-10.9472	 -0.0927	  1.0000	  1.0065
480.0000	 96.0000	-11.0589	  0.0090	  0.0000	  1.0376
512.0000	 96.0000	-11.1515	  0.0778	  0.0000	  1.0584
544.0000	 96.0000	-11.2226	  0.0916	  0.0000	  1.0300
576.0000	 96.0000	-11.2652	  0.0569	  0.0000	  1.0496
608.0000	 96.0000	-11.3586	  0.0166	  1.0000	  1.0031
640.0000	 96.0000	-11.4648	  0.0129	  1.0000	  1.0007
672.0000	 96.0000	-11.5630	  0.0672	  0.0000	  1.0419
704.0000	 96.0000	-11.6623	  0.2582	  0.0000	  1.0355
736.0000	 96.0000	-11.6825	  0.3902	  0.0000	  1.0488
768.0000	 96.0000	-11.6635	  0.3541	  0.0000	  1.0237
800.0000	 96.0000	-11.6011	  0.2717	  1.0000	  1.0082
832.0000	 96.0000	-11.5209	  0.2113	  0.0000	  1.0048
864.0000	 96.0000	-11.4709	  0.1566	  0.0000	  1.0197
896.0000	 96.0000	-11.4093	  0.0649	  0.0000	  1.0260
928.0000	 96.0000	-11.3609	 -0.1578	  0.0000	  1.0194
960.0000	 96.0000	-11.3691	 -0.5541	  1.0000	  1.0037
992.0000	 96.0000	-11.3911	 -0.9367	  1.0000	  0.0000
1024.0000	 96.0000	-11.4105	 -1.1795	  1.0000	  1.0052
 32.0000	128.0000	-10.5343	  0.0507	  0.0000	  1.0446
 64.0000	128.0000	-10.5225	  0.0378	  0.0000	  1.0307
 96.0000	128.0000	-10.5185	 -0.0700	  1.0000	  1.0055
128.0000	128.0000	-10.4981	 -0.1407	  0.0000	  1.0364
160.0000	128.0000	-10.4614	 -0.1136	  0.0000	  1.0288
192.0000	128.0000	-10.4480	 -0.1417	  0.0000	  1.0119
224.0000	128.0000	-10.3249	 -0.1596	  1.0000	  1.0100
256.0000	128.0000	-10.2227	 -0.1805	  1.0000	  1.0029
288.0000	128.0000	-10.1705	 -0.2030	  1.0000	  0.0000
320.0000	128.0000	-10.2071	 -0.2281	  1.0000	  1.0000
352.0000	128.0000	-10.3701	 -0.2332	  1.0000	  1.0032
384.0000	128.0000	-10.6341	 -0.2099	  1.0000	  1.0139
416.0000	128.0000	-10.9038	 -0.1634	  1.0000	  1.0004
448.0000	128.0000	-11.0861	 -0.0922	  0.0000	  1.0509
480.0000	128.0000	-11.1856	  0.0109	  0.0000	  1.0354
512.0000	128.0000	-11.2153	  0.0791	  0.0000	  1.0299
544.0000	128.0000	-11.2167	  0.0956	  0.0000	  1.0405
576.0000	128.0000	-11.2551	  0.0743	  0.0000	  1.0602
608.0000	128.0000	-11.3783	  0.0351	  1.0000	  1.0065
640.0000	128.0000	-11.5312	  0.0427	  1.0000	  0.0000
672.0000	128.0000	-11.6834	  0.1248	  1.0000	  1.0256
704.0000	128.0000	-11.8125	  0.2944	  0.0000	  1.0103
736.0000	128.0000	-11.7638	  0.3988	  0.0000	  1.0399
768.0000	128.0000	-11.6830	  0.3639	  1.0000	  0.0000
800.0000	128.0000	-11.5781	  0.2902	  1.0000	  0.0000
832.0000	128.0000	-11.4658	  0.2119	  1.0000	  1.0013
864.0000	128.0000	-11.3665	  0.1173	  0.0000	  1.0245
896.0000	128.0000	-11.2879	 -0.0307	  0.0000	  1.0156
928.0000	128.0000	-11.2464	 -0.2820	  0.0000	  1.0083
960.0000	128.0000	-11.3258	 -0.5815	  1.0000	  0.0000
992.0000	128.0000	-11.3930	 -0.8596	  1.0000	  1.0089
1024.0000	128.0000	-11.4330	 -1.0396	  1.0000	  1.0054
 32.0000	160.0000	-10.2289	  0.0611	  0.0000	  1.0151
 64.0000	160.0000	-10.2751	  0.0538	  0.0000	  1.0154
 96.0000	160.0000	-10.3185	 -0.0975	  0.0000	  1.0113
128.0000	160.0000	-10.3368	 -0.2020	  0.0000	  1.0403
160.0000	160.0000	-10.3194	 -0.1789	  0.0000	  1.0327
192.0000	160.0000	-10.3306	 -0.1124	  1.0000	  1.0006
224.0000	160.0000	-10.2966	 -0.0458	  1.0000	  0.0000
256.0000	160.0000	-10.2403	 -0.0132	  1.0000	  1.0047
288.0000	160.0000	-10.1653	 -0.0131	  1.0000	  1.0023
320.0000	160.0000	-10.1479	 -0.0486	  1.0000	  1.0063
352.0000	160.0000	-10.3292	 -0.0945	  1.0000	  1.0025
384.0000	160.0000	-10.7001	 -0.1377	  1.0000	  1.0034
416.0000	160.0000	-11.0898	 -0.1455	  1.0000	  1.0052
448.0000	160.0000	-11.3273	 -0.0949	  0.0000	  1.0297
480.0000	160.0000	-11.3880	 -0.0022	  0.0000	  1.0218
512.0000	160.0000	-11.3153	  0.0580	  0.0000	  1.0277
544.0000	160.0000	-11.2324	  0.0732	  0.0000	  1.0391
576.0000	160.0000	-11.2606	  0.0482	  0.0000	  1.0409
608.0000	160.0000	-11.4119	  0.0013	  1.0000	  1.0006
640.0000	160.0000	-11.5994	  0.0024	  1.0000	  1.0056
672.0000	160.0000	-11.7696	  0.0646	  1.0000	  1.0001
704.0000	160.0000	-11.8764	  0.1743	  1.0000	  1.0035
736.0000	160.0000	-11.8484	  0.2567	  1.0000	  0.0000
768.0000	160.0000	-11.7558	  0.2737	  1.0000	  1.0098
800.0000	160.0000	-11.6311	  0.2515	  1.0000	  1.0142
832.0000	160.0000	-11.5073	  0.1990	  1.0000	  1.0076
864.0000	160.0000	-11.4045	  0.0991	  1.0000	  1.0060
896.0000	160.0000	-11.3448	 -0.0618	  1.0000	  1.0018
928.0000	160.0000	-11.3371	 -0.2795	  1.0000	  1.0028
960.0000	160.0000	-11.4048	 -0.5111	  1.0000	  1.0073
992.0000	160.0000	-11.4765	 -0.7115	  1.0000	  1.0011
1024.0000	160.0000	-11.5244	 -0.8380	  1.0000	  1.0000
 32.0000	192.0000	-10.0614	  0.0030	  0.0000	  1.0068
 64.0000	192.0000	-10.1258	 -0.0100	  1.0000	  1.0223
 96.0000	192.0000	-10.1600	 -0.0951	  0.0000	  1.0527
128.0000	192.0000	-10.1560	 -0.1645	  0.0000	  1.0083
160.0000	192.0000	-10.1407	 -0.1573	  0.0000	  1.0142
192.0000	192.0000	-10.2250	 -0.0670	  0.0000	  1.0258
224.0000	192.0000	-10.2870	  0.0573	  0.0000	  1.0165
256.0000	192.0000	-10.2903	  0.1318	  1.0000	  1.0087
288.0000	192.0000	-10.1827	  0.1527	  0.0000	  1.0025
320.0000	192.0000	-10.0679	  0.1115	  0.0000	  1.0172
352.0000	192.0000	-10.2574	  0.0317	  0.0000	  1.0229
384.0000	192.0000	-10.7597	 -0.0857	  1.0000	  1.0064
416.0000	192.0000	-11.2926	 -0.1655	  0.0000	  1.0173
448.0000	192.0000	-11.5950	 -0.1394	  0.0000	  1.0158
480.0000	192.0000	-11.5876	 -0.0669	  0.0000	  1.0192
512.0000	192.0000	-11.4029	 -0.0243	  0.0000	  1.0493
544.0000	192.0000	-11.2688	 -0.0063	  0.0000	  1.0319
576.0000	192.0000	-11.2953	 -0.0358	  0.0000	  1.0562
608.0000	192.0000	-11.4714	 -0.0989	  1.0000	  0.0000
640.0000	192.0000	-11.6862	 -0.1116	  1.0000	  0.0000
672.0000	192.0000	-11.8768	 -0.0777	  1.0000	  1.0062
704.0000	192.0000	-11.9911	 -0.0084	  1.0000	  1.0005
736.0000	192.0000	-11.9845	  0.0668	  1.0000	  1.0048
768.0000	192.0000	-11.8831	  0.1271	  1.0000	  1.0006
800.0000	192.0000	-11.7412	  0.1681	  1.0000	  1.0030
832.0000	192.0000	-11.6093	  0.1743	  1.0000	  1.0042
864.0000	192.0000	-11.5088	  0.1013	  1.0000	  1.0029
896.0000	192.0000	-11.4625	 -0.0335	  1.0000	  1.0104
928.0000	192.0000	-11.4817	 -0.2068	  1.0000	  1.0075
960.0000	192.0000	-11.5581	 -0.3844	  1.0000	  1.0044
992.0000	192.0000	-11.6415	 -0.5297	  1.0000	  1.0059
1024.0000	192.0000	-11.6993	 -0.6171	  1.0000	  1.0133
 32.0000	224.0000	-10.0825	 -0.0504	  1.0000	  1.0065
 64.0000	224.0000	-10.1168	 -0.0468	  0.0000	  1.0379
 96.0000	224.0000	-10.1305	 -0.0615	  0.0000	  1.0394
128.0000	224.0000	-10.1070	 -0.0825	  0.0000	  1.0200
160.0000	224.0000	-10.1146	 -0.0893	  0.0000	  1.0154
192.0000	224.0000	-10.2653	 -0.0154	  0.0000	  1.0207
224.0000	224.0000	-10.3851	  0.1041	  1.0000	  1.0279
256.0000	224.0000	-10.4304	  0.2089	  0.0000	  1.0183
288.0000	224.0000	-10.2933	  0.2229	  0.0000	  1.0414
320.0000	224.0000	-10.2009	  0.1817	  0.0000	  1.0296
352.0000	224.0000	-10.3778	  0.0935	  0.0000	  1.0564
384.0000	224.0000	-10.8181	 -0.0590	  1.0000	  0.0000
416.0000	224.0000	-11.3187	 -0.2006	  0.0000	  1.0194
448.0000	224.0000	-11.5901	 -0.2303	  0.0000	  1.0198
480.0000	224.0000	-11.5406	 -0.1866	  1.0000	  1.0081
512.0000	224.0000	-11.4016	 -0.1774	  0.0000	  1.0300
544.0000	224.0000	-11.3302	 -0.1590	  0.0000	  1.0486
576.0000	224.0000	-11.3794	 -0.1863	  0.0000	  1.0501
608.0000	224.0000	-11.5617	 -0.2500	  1.0000	  1.0103
640.0000	224.0000	-11.7895	 -0.2752	  1.0000	  0.0000
672.0000	224.0000	-12.0050	 -0.2694	  1.0000	  1.0070
704.0000	224.0000	-12.1498	 -0.2326	  1.0000	  1.0041
736.0000	224.0000	-12.1555	 -0.1642	  1.0000	  1.0015
768.0000	224.0000	-12.0201	 -0.0761	  1.0000	  1.0047
800.0000	224.0000	-11.8462	  0.0245	  1.0000	  0.0000
832.0000	224.0000	-11.7029	  0.1094	  0.0000	  1.0150
864.0000	224.0000	-11.6040	  0.0781	  0.0000	  1.0082
896.0000	224.0000	-11.5728	 -0.0134	  1.0000	  1.0021
928.0000	224.0000	-11.6320	 -0.1377	  1.0000	  1.0140
960.0000	224.0000	-11.7530	 -0.2704	  1.0000	  0.0000
992.0000	224.0000	-11.8758	 -0.3782	  1.0000	  1.0063
1024.0000	224.0000	-11.9561	 -0.4414	  1.0000	  1.0144
 32.0000	256.0000	-10.2100	 -0.1228	  1.0000	  1.0225
 64.0000	256.0000	-10.2325	 -0.0974	  0.0000	  1.0329
 96.0000	256.0000	-10.2248	 -0.0786	  0.0000	  1.0323
128.0000	256.0000	-10.2104	 -0.0642	  0.0000	  1.0212
160.0000	256.0000	-10.2612	 -0.0492	  0.0000	  1.0203
192.0000	256.0000	-10.3975	  0.0018	  0.0000	  1.0345
224.0000	256.0000	-10.5122	  0.1069	  0.0000	  1.0121
256.0000	256.0000	-10.5512	  0.2245	  0.0000	  1.0099
288.0000	256.0000	-10.4526	  0.2558	  0.0000	  1.0448
320.0000	256.0000	-10.3833	  0.2436	  0.0000	  1.0349
352.0000	256.0000	-10.5163	  0.1650	  0.0000	  1.0321
384.0000	256.0000	-10.8256	 -0.0001	  1.0000	  1.0038
416.0000	256.0000	-11.1691	 -0.1613	  1.0000	  1.0082
448.0000	256.0000	-11.3741	 -0.2448	  1.0000	  1.0007
480.0000	256.0000	-11.3803	 -0.2484	  0.0000	  1.0311
512.0000	256.0000	-11.3476	 -0.2734	  0.0000	  1.0164
544.0000	256.0000	-11.3718	 -0.3069	  1.0000	  1.0225
576.0000	256.0000	-11.4712	 -0.3616	  1.0000	  1.0004
608.0000	256.0000	-11.6599	 -0.4211	  1.0000	  0.0000
640.0000	256.0000	-11.8954	 -0.4601	  1.0000	  0.0000
672.0000	256.0000	-12.1339	 -0.4902	  1.0000	  1.0031
704.0000	256.0000	-12.3227	 -0.5022	  0.0000	  1.0257
736.0000	256.0000	-12.3355	 -0.4602	  0.0000	  1.0117
768.0000	256.0000	-12.1289	 -0.3789	  1.0000	  1.0024
800.0000	256.0000	-11.8923	 -0.2553	  1.0000	  1.0100
832.0000	256.0000	-11.7004	 -0.1321	  1.0000	  1.0203
864.0000	256.0000	-11.5922	 -0.0725	  1.0000	  1.0199
896.0000	256.0000	-11.5986	 -0.0752	  1.0000	  1.0060
928.0000	256.0000	-11.7220	 -0.1266	  1.0000	  1.0144
960.0000	256.0000	-11.9240	 -0.2093	  1.0000	  1.0020
992.0000	256.0000	-12.1207	 -0.2834	  1.0000	  1.0024
1024.0000	256.0000	-12.2422	 -0.3252	  1.0000	  1.0029
 32.0000	288.0000	-10.3682	 -0.2219	  1.0000	  1.0008
 64.0000	288.0000	-10.3837	 -0.1891	  0.0000	  1.0214
 96.0000	288.0000	-10.3696	 -0.1623	  0.0000	  1.0336
128.0000	288.0000	-10.3765	 -0.1191	  0.0000	  1.0257
160.0000	288.0000	-10.4460	 -0.0761	  0.0000	  1.0309
192.0000	288.0000	-10.5437	 -0.0256	  0.0000	  1.0386
224.0000	288.0000	-10.6268	  0.0868	  0.0000	  1.0240
256.0000	288.0000	-10.6884	  0.2482	  0.0000	  1.0227
288.0000	288.0000	-10.6529	  0.3520	  0.0000	  1.0733
320.0000	288.0000	-10.5893	  0.4054	  0.0000	  1.0049
352.0000	288.0000	-10.6792	  0.3389	  1.0000	  1.0269
384.0000	288.0000	-10.8583	  0.1573	  1.0000	  1.0011
416.0000	288.0000	-11.0585	 -0.0576	  1.0000	  1.0019
448.0000	288.0000	-11.2067	 -0.2125	  1.0000	  1.0066
480.0000	288.0000	-11.2707	 -0.2913	  1.0000	  1.0137
512.0000	288.0000	-11.3152	 -0.3572	  1.0000	  1.0016
544.0000	288.0000	-11.3962	 -0.4233	  1.0000	  1.0008
576.0000	288.0000	-11.5346	 -0.4968	  1.0000	  1.0026
608.0000	288.0000	-11.7367	 -0.5718	  1.0000	  0.0000
640.0000	288.0000	-11.9718	 -0.6460	  1.0000	  1.0044
672.0000	288.0000	-12.1975	 -0.7333	  1.0000	  1.0044
704.0000	288.0000	-12.3565	 -0.8168	  0.0000	  1.0288
736.0000	288.0000	-12.3458	 -0.8404	  0.0000	  1.0215
768.0000	288.0000	-12.1255	 -0.8075	  1.0000	  1.0107
800.0000	288.0000	-11.8475	 -0.6861	  1.0000	  1.0041
832.0000	288.0000	-11.5956	 -0.5047	  1.0000	  1.0120
864.0000	288.0000	-11.4472	 -0.3287	  1.0000	  1.0083
896.0000	288.0000	-11.4680	 -0.2150	  1.0000	  1.0013
928.0000	288.0000	-11.6456	 -0.1598	  1.0000	  1.0107
960.0000	288.0000	-11.9321	 -0.1564	  1.0000	  0.0000
992.0000	288.0000	-12.2224	 -0.1817	  1.0000	  1.0020
1024.0000	288.0000	-12.3910	 -0.1938	  1.0000	  0.0000
 32.0000	320.0000	-10.4706	 -0.3150	  0.0000	  1.0282
 64.0000	320.0000	-10.4694	 -0.2813	  0.0000	  1.0284
 96.0000	320.0000	-10.4771	 -0.2344	  0.0000	  1.0305
128.0000	320.0000	-10.5085	 -0.1616	  0.0000	  1.0294
160.0000	320.0000	-10.5829	 -0.0804	  0.0000	  1.0768
192.0000	320.0000	-10.6852	  0.0211	  0.0000	  1.0428
224.0000	320.0000	-10.7741	  0.2207	  0.0000	  1.0253
256.0000	320.0000	-10.8434	  0.4834	  0.0000	  1.0313
288.0000	320.0000	-10.8523	  0.6878	  0.0000	  1.0244
320.0000	320.0000	-10.8261	  0.8082	  1.0000	  1.0017
352.0000	320.0000	-10.8632	  0.7476	  1.0000	  1.0073
384.0000	320.0000	-10.9429	  0.5327	  1.0000	  1.0034
416.0000	320.0000	-11.0264	  0.2070	  0.0000	  1.0270
448.0000	320.0000	-11.1178	 -0.0448	  1.0000	  1.0473
480.0000	320.0000	-11.1936	 -0.2136	  1.0000	  1.0047
512.0000	320.0000	-11.2749	 -0.3453	  1.0000	  1.0032
544.0000	320.0000	-11.3926	 -0.4579	  1.0000	  1.0065
576.0000	320.0000	-11.5641	 -0.5679	  1.0000	  1.0020
608.0000	320.0000	-11.7845	 -0.6927	  1.0000	  1.0011
640.0000	320.0000	-12.0181	 -0.8415	  1.0000	  1.0047
672.0000	320.0000	-12.2125	 -1.0204	  1.0000	  1.0058
704.0000	320.0000	-12.3072	 -1.2024	  1.0000	  0.0000
736.0000	320.0000	-12.2417	 -1.3350	  1.0000	  0.0000
768.0000	320.0000	-12.0033	 -1.3725	  1.0000	  1.0018
800.0000	320.0000	-11.6758	 -1.2751	  1.0000	  1.0076
832.0000	320.0000	-11.3304	 -1.0090	  1.0000	  1.0007
864.0000	320.0000	-11.0761	 -0.6602	  1.0000	  1.0086
896.0000	320.0000	-11.0574	 -0.3893	  1.0000	  1.0174
928.0000	320.0000	-11.2353	 -0.1742	  1.0000	  1.0030
960.0000	320.0000	-11.5405	 -0.0015	  1.0000	  1.0005
992.0000	320.0000	-11.8876	  0.0751	  0.0000	  1.0150
1024.0000	320.0000	-12.0634	  0.1212	  0.0000	  1.0067
 32.0000	352.0000	-10.4811	 -0.2863	  0.0000	  1.0274
 64.0000	352.0000	-10.4945	 -0.2988	  0.0000	  1.0290
 96.0000	352.0000	-10.5359	 -0.2421	  0.0000	  1.0270
128.0000	352.0000	-10.5647	 -0.1293	  0.0000	  1.0238
160.0000	352.0000	-10.6656	  0.0151	  0.0000	  1.0738
192.0000	352.0000	-10.8243	  0.2194	  0.0000	  1.0260
224.0000	352.0000	-10.9633	  0.6048	  0.0000	  1.0231
256.0000	352.0000	-11.0098	  1.1067	  1.0000	  1.0109
288.0000	352.0000	-11.0368	  1.4748	  1.0000	  0.0000
320.0000	352.0000	-11.0525	  1.6298	  1.0000	  1.0028
352.0000	352.0000	-11.0745	  1.5373	  1.0000	  1.0006
384.0000	352.0000	-11.0937	  1.2277	  1.0000	  1.0201
416.0000	352.0000	-11.0984	  0.7458	  0.0000	  1.0208
448.0000	352.0000	-11.1285	  0.3494	  0.0000	  1.0396
480.0000	352.0000	-11.1798	  0.0457	  1.0000	  1.0010
512.0000	352.0000	-11.2576	 -0.1979	  1.0000	  1.0068
544.0000	352.0000	-11.3846	 -0.3962	  1.0000	  1.0023
576.0000	352.0000	-11.5749	 -0.5825	  1.0000	  1.0027
608.0000	352.0000	-11.8138	 -0.8051	  1.0000	  1.0029
640.0000	352.0000	-12.0474	 -1.0817	  1.0000	  1.0023
672.0000	352.0000	-12.2048	 -1.3931	  1.0000	  1.0006
704.0000	352.0000	-12.2240	 -1.6945	  1.0000	  1.0031
736.0000	352.0000	-12.0644	 -1.9167	  1.0000	  0.0000
768.0000	352.0000	-11.7239	 -1.9718	  1.0000	  1.0081
800.0000	352.0000	-11.2639	 -1.8111	  1.0000	  1.0109
832.0000	352.0000	-10.7557	 -1.3860	  1.0000	  1.0194
864.0000	352.0000	-10.3239	 -0.8009	  1.0000	  1.0126
896.0000	352.0000	-10.1610	 -0.2915	  1.0000	  1.0193
928.0000	352.0000	-10.2448	  0.1310	  1.0000	  0.0000
960.0000	352.0000	-10.4420	  0.5144	  1.0000	  0.0000
992.0000	352.0000	-10.6488	  0.7638	  1.0000	  1.0048
1024.0000	352.0000	-10.7204	  0.9213	  1.0000	  1.0050
 32.0000	384.0000	-10.5272	 -0.1963	  1.0000	  1.0005
 64.0000	384.0000	-10.5309	 -0.1813	  0.0000	  1.0170
 96.0000	384.0000	-10.5898	 -0.1119	  0.0000	  1.0112
128.0000	384.0000	-10.5751	  0.0380	  0.0000	  1.0049
160.0000	384.0000	-10.7170	  0.3134	  1.0000	  1.0003
192.0000	384.0000	-10.9155	  0.7335	  0.0000	  1.0256
224.0000	384.0000	-11.0160	  1.4083	  1.0000	  1.0255
256.0000	384.0000	-11.0960	  2.1180	  1.0000	  1.0031
288.0000	384.0000	-11.1770	  2.6500	  1.0000	  1.0021
320.0000	384.0000	-11.2481	  2.8770	  1.0000	  1.0031
352.0000	384.0000	-11.2916	  2.7610	  1.0000	  1.0018
384.0000	384.0000	-11.2933	  2.3358	  1.0000	  1.0100
416.0000	384.0000	-11.2645	  1.7087	  1.0000	  1.0093
448.0000	384.0000	-11.2348	  1.0749	  1.0000	  1.0061
480.0000	384.0000	-11.2313	  0.5375	  1.0000	  1.0008
512.0000	384.0000	-11.2729	  0.1002	  1.0000	  1.0011
544.0000	384.0000	-11.3838	 -0.2530	  1.0000	  0.0000
576.0000	384.0000	-11.5787	 -0.5791	  1.0000	  1.0119
608.0000	384.0000	-11.8347	 -0.9616	  1.0000	  1.0055
640.0000	384.0000	-12.0661	 -1.4134	  1.0000	  1.0027
672.0000	384.0000	-12.1677	 -1.8755	  1.0000	  0.0000
704.0000	384.0000	-12.0699	 -2.2723	  1.0000	  1.0095
736.0000	384.0000	-11.7408	 -2.5074	  1.0000	  1.0019
768.0000	384.0000	-11.1869	 -2.4607	  1.0000	  1.0181
800.0000	384.0000	-10.4834	 -2.1037	  1.0000	  1.0186
832.0000	384.0000	 -9.7308	 -1.4261	  1.0000	  1.0010
864.0000	384.0000	 -9.0700	 -0.5626	  1.0000	  1.0006
896.0000	384.0000	 -8.7021	  0.2187	  1.0000	  1.0022
928.0000	384.0000	 -8.5671	  0.9381	  1.0000	  1.0048
960.0000	384.0000	 -8.5859	  1.5628	  1.0000	  1.0055
992.0000	384.0000	 -8.6645	  1.9756	  1.0000	  1.0093
1024.0000	384.0000	 -8.7050	  2.2079	  1.0000	  1.0050
 32.0000	416.0000	-10.5935	 -0.1106	  1.0000	  1.0002
 64.0000	416.0000	-10.5775	 -0.0485	  1.0000	  1.0117
 96.0000	416.0000	-10.5805	  0.0805	  1.0000	  1.0063
128.0000	416.0000	-10.5827	  0.3161	  0.0000	  1.0167
160.0000	416.0000	-10.7017	  0.7549	  1.0000	  1.0086
192.0000	416.0000	-10.8273	  1.4636	  1.0000	  0.0000
224.0000	416.0000	-10.9214	  2.4028	  1.0000	  1.0004
256.0000	416.0000	-11.0401	  3.3646	  1.0000	  1.0028
288.0000	416.0000	-11.1852	  4.1048	  1.0000	  1.0057
320.0000	416.0000	-11.3334	  4.4724	  1.0000	  1.0097
352.0000	416.0000	-11.4400	  4.3828	  1.0000	  1.0096
384.0000	416.0000	-11.4692	  3.8565	  1.0000	  1.0001
416.0000	416.0000	-11.4466	  3.0516	  1.0000	  0.0000
448.0000	416.0000	-11.3863	  2.1411	  1.0000	  1.0023
480.0000	416.0000	-11.3338	  1.2969	  1.0000	  0.0000
512.0000	416.0000	-11.3265	  0.5805	  1.0000	  1.0055
544.0000	416.0000	-11.4012	 -0.0159	  1.0000	  1.0076
576.0000	416.0000	-11.5830	 -0.5689	  1.0000	  1.0133
608.0000	416.0000	-11.8448	 -1.1882	  1.0000	  1.0059
640.0000	416.0000	-12.0535	 -1.8547	  1.0000	  1.0018
672.0000	416.0000	-12.0477	 -2.4427	  1.0000	  1.0023
704.0000	416.0000	-11.7480	 -2.8419	  1.0000	  1.0003
736.0000	416.0000	-11.1356	 -2.9368	  1.0000	  1.0003
768.0000	416.0000	-10.2369	 -2.6000	  1.0000	  1.0080
800.0000	416.0000	 -9.1703	 -1.8742	  1.0000	  1.0020
832.0000	416.0000	 -8.0951	 -0.8409	  1.0000	  1.0180
864.0000	416.0000	 -7.1680	  0.3246	  1.0000	  1.0027
896.0000	416.0000	 -6.5093	  1.4495	  1.0000	  1.0063
928.0000	416.0000	 -6.1169	  2.4591	  1.0000	  1.0085
960.0000	416.0000	 -5.9372	  3.2952	  1.0000	  1.0008
992.0000	416.0000	 -5.8908	  3.8360	  1.0000	  1.0127
1024.0000	416.0000	 -5.8856	  4.1234	  1.0000	  1.0009
 32.0000	448.0000	-10.6670	 -0.0919	  1.0000	  1.0069
 64.0000	448.0000	-10.5959	  0.0412	  1.0000	  1.0040
 96.0000	448.0000	-10.5479	  0.2621	  1.0000	  0.0000
128.0000	448.0000	-10.5592	  0.5943	  1.0000	  1.0023
160.0000	448.0000	-10.6269	  1.1800	  1.0000	  1.0004
192.0000	448.0000	-10.6252	  2.1672	  1.0000	  1.0010
224.0000	448.0000	-10.6476	  3.3911	  1.0000	  0.0000
256.0000	448.0000	-10.7410	  4.5973	  1.0000	  1.0029
288.0000	448.0000	-10.9315	  5.5641	  1.0000	  1.0005
320.0000	448.0000	-11.1825	  6.1410	  1.0000	  1.0026
352.0000	448.0000	-11.4115	  6.1671	  1.0000	  1.0051
384.0000	448.0000	-11.5467	  5.6382	  1.0000	  1.0052
416.0000	448.0000	-11.5975	  4.7084	  1.0000	  1.0014
448.0000	448.0000	-11.5559	  3.5393	  1.0000	  1.0017
480.0000	448.0000	-11.4803	  2.3607	  1.0000	  0.0000
512.0000	448.0000	-11.4264	  1.2922	  1.0000	  1.0003
544.0000	448.0000	-11.4482	  0.3486	  1.0000	  1.0044
576.0000	448.0000	-11.5907	 -0.5429	  1.0000	  1.0048
608.0000	448.0000	-11.8316	 -1.4901	  1.0000	  1.0018
640.0000	448.0000	-11.9711	 -2.3926	  1.0000	  1.0014
672.0000	448.0000	-11.7734	 -3.0329	  1.0000	  1.0007
704.0000	448.0000	-11.1580	 -3.2793	  1.0000	  1.0000
736.0000	448.0000	-10.1363	 -3.0282	  1.0000	  1.0002
768.0000	448.0000	 -8.7727	 -2.1856	  1.0000	  1.0028
800.0000	448.0000	 -7.2398	 -0.9034	  1.0000	  1.0009
832.0000	448.0000	 -5.7792	  0.5946	  1.0000	  1.0114
864.0000	448.0000	 -4.5485	  2.1095	  1.0000	  1.0026
896.0000	448.0000	 -3.6236	  3.5143	  1.0000	  1.0000
928.0000	448.0000	 -3.0152	  4.7128	  1.0000	  1.0031
960.0000	448.0000	 -2.6688	  5.6609	  1.0000	  1.0005
992.0000	448.0000	 -2.5135	  6.2644	  1.0000	  1.0014
1024.0000	448.0000	 -2.4610	  6.5717	  1.0000	  1.0016
 32.0000	480.0000	-10.7391	 -0.1463	  0.0000	  1.0101
 64.0000	480.0000	-10.5502	  0.0808	  1.0000	  0.0000
 96.0000	480.0000	-10.4027	  0.4188	  0.0000	  1.0016
128.0000	480.0000	-10.4046	  0.8366	  1.0000	  1.0119
160.0000	480.0000	-10.4465	  1.5119	  0.0000	  1.0192
192.0000	480.0000	-10.2499	  2.7590	  1.0000	  1.0047
224.0000	480.0000	-10.1281	  4.2265	  1.0000	  0.0000
256.0000	480.0000	-10.1589	  5.6572	  1.0000	  1.0046
288.0000	480.0000	-10.3866	  6.8435	  1.0000	  1.0048
320.0000	480.0000	-10.7671	  7.6942	  1.0000	  1.0023
352.0000	480.0000	-11.1765	  7.9271	  1.0000	  1.0043
384.0000	480.0000	-11.4936	  7.5245	  1.0000	  0.0000
416.0000	480.0000	-11.6936	  6.5928	  1.0000	  1.0001
448.0000	480.0000	-11.7317	  5.2501	  1.0000	  0.0000
480.0000	480.0000	-11.6741	  3.7637	  1.0000	  1.0006
512.0000	480.0000	-11.5893	  2.2951	  1.0000	  1.0050
544.0000	480.0000	-11.5461	  0.8947	  1.0000	  1.0033
576.0000	480.0000	-11.6125	 -0.4603	  1.0000	  1.0045
608.0000	480.0000	-11.7822	 -1.8029	  1.0000	  1.0067
640.0000	480.0000	-11.7723	 -2.9087	  1.0000	  1.0015
672.0000	480.0000	-11.2778	 -3.4768	  1.0000	  1.0092
704.0000	480.0000	-10.2306	 -3.3749	  1.0000	  1.0096
736.0000	480.0000	 -8.6955	 -2.5651	  1.0000	  1.0091
768.0000	480.0000	 -6.8150	 -1.0777	  1.0000	  1.0082
800.0000	480.0000	 -4.7796	  0.8787	  1.0000	  1.0047
832.0000	480.0000	 -2.9252	  2.8885	  1.0000	  1.0129
864.0000	480.0000	 -1.4196	  4.7238	  1.0000	  1.0040
896.0000	480.0000	 -0.3091	  6.2908	  1.0000	  1.0005
928.0000	480.0000	  0.4205	  7.5274	  1.0000	  1.0020
960.0000	480.0000	  0.8538	  8.4397	  1.0000	  1.0014
992.0000	480.0000	  1.0691	  9.0107	  1.0000	  1.0018
1024.0000	480.0000	  1.1440	  9.2878	  1.0000	  1.0042
 32.0000	512.0000	-10.7119	 -0.0863	  0.0000	  1.0233
 64.0000	512.0000	-10.4171	  0.1379	  0.0000	  1.0444
 96.0000	512.0000	-10.1281	  0.5156	  0.0000	  1.0255
128.0000	512.0000	-10.0639	  1.0540	  0.0000	  1.0074
160.0000	512.0000	 -9.9900	  1.8780	  0.0000	  1.0171
192.0000	512.0000	 -9.6820	  3.2238	  1.0000	  1.0162
224.0000	512.0000	 -9.4321	  4.8122	  1.0000	  1.0004
256.0000	512.0000	 -9.3998	  6.4232	  1.0000	  1.0029
288.0000	512.0000	 -9.6508	  7.8756	  1.0000	  1.0020
320.0000	512.0000	-10.1668	  8.9752	  1.0000	  1.0055
352.0000	512.0000	-10.7779	  9.4748	  1.0000	  1.0029
384.0000	512.0000	-11.3237	  9.3211	  1.0000	  0.0000
416.0000	512.0000	-11.7325	  8.5376	  1.0000	  1.0031
448.0000	512.0000	-11.9041	  7.1558	  1.0000	  1.0012
480.0000	512.0000	-11.9065	  5.4415	  1.0000	  1.0010
512.0000	512.0000	-11.8128	  3.5719	  1.0000	  1.0014
544.0000	512.0000	-11.6950	  1.6358	  1.0000	  1.0005
576.0000	512.0000	-11.6372	 -0.2842	  1.0000	  1.0106
608.0000	512.0000	-11.6603	 -2.0350	  1.0000	  1.0002
640.0000	512.0000	-11.3852	 -3.2323	  1.0000	  1.0081
672.0000	512.0000	-10.5070	 -3.5997	  1.0000	  1.0061
704.0000	512.0000	 -8.9656	 -2.9892	  1.0000	  0.0000
736.0000	512.0000	 -6.8915	 -1.4866	  1.0000	  1.0010
768.0000	512.0000	 -4.5781	  0.5924	  1.0000	  1.0208
800.0000	512.0000	 -2.1394	  3.1227	  1.0000	  1.0053
832.0000	512.0000	  0.0430	  5.5680	  1.0000	  1.0088
864.0000	512.0000	  1.7332	  7.6132	  1.0000	  0.0000
896.0000	512.0000	  2.9219	  9.2079	  1.0000	  1.0029
928.0000	512.0000	  3.6675	 10.3561	  1.0000	  1.0007
960.0000	512.0000	  4.1385	 11.1763	  1.0000	  1.0047
992.0000	512.0000	  4.3794	 11.6695	  1.0000	  1.0021
1024.0000	512.0000	  4.4624	 11.8945	  1.0000	  1.0008
 32.0000	544.0000	-10.5169	  0.0882	  0.0000	  1.0333
 64.0000	544.0000	-10.2042	  0.2574	  0.0000	  1.0432
 96.0000	544.0000	 -9.8209	  0.6294	  0.0000	  1.0476
128.0000	544.0000	 -9.5937	  1.2557	  1.0000	  1.0237
160.0000	544.0000	 -9.3363	  2.1914	  1.0000	  1.0000
192.0000	544.0000	 -8.9964	  3.5433	  1.0000	  1.0079
224.0000	544.0000	 -8.7051	  5.1620	  1.0000	  1.0054
256.0000	544.0000	 -8.6282	  6.8636	  1.0000	  1.0016
288.0000	544.0000	 -8.8721	  8.5123	  1.0000	  1.0121
320.0000	544.0000	 -9.4965	  9.8463	  1.0000	  1.0053
352.0000	544.0000	-10.2979	 10.6277	  1.0000	  1.0026
384.0000	544.0000	-11.0770	 10.7726	  1.0000	  1.0096
416.0000	544.0000	-11.7052	 10.2051	  1.0000	  0.0000
448.0000	544.0000	-12.0249	  8.8647	  1.0000	  1.0043
480.0000	544.0000	-12.1075	  7.0119	  1.0000	  1.0031
512.0000	544.0000	-12.0243	  4.8164	  1.0000	  1.0063
544.0000	544.0000	-11.8375	  2.3915	  1.0000	  1.0102
576.0000	544.0000	-11.6263	 -0.0517	  1.0000	  1.0047
608.0000	544.0000	-11.4289	 -2.0846	  1.0000	  1.0056
640.0000	544.0000	-10.7576	 -3.1447	  1.0000	  1.0057
672.0000	544.0000	 -9.5085	 -3.2877	  1.0000	  1.0145
704.0000	544.0000	 -7.5522	 -2.2106	  1.0000	  1.0017
736.0000	544.0000	 -5.1001	 -0.2381	  1.0000	  1.0046
768.0000	544.0000	 -2.4758	  2.3927	  1.0000	  1.0053
800.0000	544.0000	  0.1950	  5.3133	  1.0000	  1.0058
832.0000	544.0000	  2.6197	  8.0787	  1.0000	  1.0217
864.0000	544.0000	  4.4091	 10.2253	  1.0000	  1.0041
896.0000	544.0000	  5.6122	 11.7727	  1.0000	  1.0004
928.0000	544.0000	  6.2992	 12.7615	  1.0000	  1.0036
960.0000	544.0000	  6.7912	 13.4867	  1.0000	  1.0005
992.0000	544.0000	  7.0303	 13.8860	  1.0000	  1.0049
1024.0000	544.0000	  7.1038	 14.0473	  1.0000	  1.0079
 32.0000	576.0000	-10.1919	  0.2636	  1.0000	  1.0026
 64.0000	576.0000	 -9.9424	  0.4187	  1.0000	  1.0024
 96.0000	576.0000	 -9.5824	  0.7613	  1.0000	  1.0062
128.0000	576.0000	 -9.1968	  1.3743	  1.0000	  1.0025
160.0000	576.0000	 -8.7712	  2.3234	  1.0000	  1.0006
192.0000	576.0000	 -8.3976	  3.6900	  1.0000	  1.0051
224.0000	576.0000	 -8.1081	  5.3246	  1.0000	  1.0088
256.0000	576.0000	 -7.9178	  7.0721	  1.0000	  1.0064
288.0000	576.0000	 -8.1724	  8.8147	  1.0000	  1.0038
320.0000	576.0000	 -8.8969	 10.3167	  1.0000	  1.0169
352.0000	576.0000	 -9.8597	 11.3247	  1.0000	  1.0021
384.0000	576.0000	-10.8365	 11.7262	  1.0000	  1.0068
416.0000	576.0000	-11.6368	 11.3181	  1.0000	  1.0021
448.0000	576.0000	-12.0612	  9.9622	  1.0000	  1.0047
480.0000	576.0000	-12.2027	  7.9971	  1.0000	  1.0003
512.0000	576.0000	-12.1331	  5.5840	  1.0000	  1.0018
544.0000	576.0000	-11.9106	  2.8408	  1.0000	  1.0037
576.0000	576.0000	-11.5937	  0.0546	  1.0000	  1.0003
608.0000	576.0000	-11.2299	 -2.1670	  1.0000	  0.0000
640.0000	576.0000	-10.2522	 -3.0716	  1.0000	  1.0109
672.0000	576.0000	 -8.6878	 -2.9901	  1.0000	  1.0080
704.0000	576.0000	 -6.4550	 -1.5746	  1.0000	  1.0030
736.0000	576.0000	 -3.7848	  0.7686	  1.0000	  0.0000
768.0000	576.0000	 -0.9092	  3.7946	  1.0000	  1.0018
800.0000	576.0000	  1.8906	  6.9618	  1.0000	  0.0000
832.0000	576.0000	  4.2766	  9.7440	  1.0000	  1.0004
864.0000	576.0000	  6.1128	 11.9371	  1.0000	  1.0081
896.0000	576.0000	  7.4357	 13.5592	  1.0000	  0.0000
928.0000	576.0000	  8.2035	 14.5539	  1.0000	  1.0003
960.0000	576.0000	  8.6325	 15.1391	  1.0000	  1.0050
992.0000	576.0000	  8.8202	 15.4244	  1.0000	  1.0001
1024.0000	576.0000	  8.8637	 15.5182	  1.0000	  1.0003
 32.0000	608.0000	 -9.9987	  0.3653	  1.0000	  1.0113
 64.0000	608.0000	 -9.7767	  0.5138	  1.0000	  1.0172
 96.0000	608.0000	 -9.4214	  0.8406	  1.0000	  1.0026
128.0000	608.0000	 -8.9619	  1.4412	  1.0000	  1.0015
160.0000	608.0000	 -8.4671	  2.3883	  1.0000	  1.0023
192.0000	608.0000	 -8.1110	  3.7716	  1.0000	  0.0000
224.0000	608.0000	 -7.7680	  5.4031	  1.0000	  0.0000
256.0000	608.0000	 -7.4903	  7.1638	  1.0000	  1.0148
288.0000	608.0000	 -7.7426	  8.9470	  1.0000	  1.0032
320.0000	608.0000	 -8.5296	 10.5416	  1.0000	  1.0029
352.0000	608.0000	 -9.5895	 11.6753	  1.0000	  1.0026
384.0000	608.0000	-10.6769	 12.2098	  1.0000	  1.0016
416.0000	608.0000	-11.5664	 11.8407	  1.0000	  0.0000
448.0000	608.0000	-12.0198	 10.3268	  1.0000	  1.0000
480.0000	608.0000	-12.1782	  8.2369	  1.0000	  1.0031
512.0000	608.0000	-12.1112	  5.7083	  1.0000	  1.0021
544.0000	608.0000	-11.8986	  2.8618	  1.0000	  1.0005
576.0000	608.0000	-11.5630	  0.0010	  1.0000	  1.0065
608.0000	608.0000	-11.1267	 -2.2895	  1.0000	  1.0036
640.0000	608.0000	 -9.9700	 -3.0439	  1.0000	  1.0115
672.0000	608.0000	 -8.2393	 -2.7926	  1.0000	  1.0019
704.0000	608.0000	 -5.9827	 -1.2047	  1.0000	  1.0023
736.0000	608.0000	 -3.3102	  1.2423	  1.0000	  1.0024
768.0000	608.0000	 -0.4404	  4.2779	  1.0000	  1.0103
800.0000	608.0000	  2.3282	  7.4095	  1.0000	  1.0055
832.0000	608.0000	  4.7402	 10.2243	  1.0000	  1.0007
864.0000	608.0000	  6.7140	 12.5530	  1.0000	  1.0080
896.0000	608.0000	  8.2932	 14.4125	  1.0000	  1.0021
928.0000	608.0000	  9.1775	 15.4860	  1.0000	  1.0011
960.0000	608.0000	  9.5972	 16.0210	  1.0000	  1.0014
992.0000	608.0000	  9.7539	 16.2424	  1.0000	  1.0083
1024.0000	608.0000	  9.7741	 16.2929	  1.0000	  1.0030
