 32.0000	 32.0000	 -0.9075	  0.2417	  1.0000	  1.0028
 64.0000	 32.0000	 -0.9437	  0.2133	  1.0000	  1.0069
 96.0000	 32.0000	 -0.9933	  0.1880	  1.0000	  1.0033
128.0000	 32.0000	 -1.0347	  0.2173	  0.0000	  1.0052
160.0000	 32.0000	 -1.2352	  0.2735	  0.0000	  1.0417
192.0000	 32.0000	 -1.3348	  0.3193	  0.0000	  1.0365
224.0000	 32.0000	 -1.2900	  0.3704	  0.0000	  1.0589
256.0000	 32.0000	 -1.1235	  0.4190	  1.0000	  1.0012
288.0000	 32.0000	 -0.9401	  0.4801	  1.0000	  1.0034
320.0000	 32.0000	 -0.8830	  0.4333	  1.0000	  1.0012
352.0000	 32.0000	 -1.0082	  0.2546	  1.0000	  1.0048
384.0000	 32.0000	 -1.2580	  0.0192	  1.0000	  1.0045
416.0000	 32.0000	 -1.5711	 -0.2149	  1.0000	  1.0036
448.0000	 32.0000	 -1.8798	 -0.3898	  1.0000	  1.0026
480.0000	 32.0000	 -2.0741	 -0.4044	  1.0000	  1.0018
512.0000	 32.0000	 -2.1233	 -0.2685	  1.0000	  1.0082
544.0000	 32.0000	 -2.0605	 -0.0867	  1.0000	  1.0020
576.0000	 32.0000	 -1.9240	  0.0766	  1.0000	  1.0014
608.0000	 32.0000	 -1.7524	  0.2032	  1.0000	  0.0000
640.0000	 32.0000	 -1.5764	  0.3177	  1.0000	  1.0008
672.0000	 32.0000	 -1.4473	  0.4498	  1.0000	  1.0022
704.0000	 32.0000	 -1.4021	  0.5924	  1.0000	  1.0031
736.0000	 32.0000	 -1.3921	  0.6699	  1.0000	  1.0063
768.0000	 32.0000	 -1.3594	  0.6878	  1.0000	  1.0014
800.0000	 32.0000	 -1.2847	  0.6474	  1.0000	  1.0021
832.0000	 32.0000	 -1.2054	  0.5710	  0.0000	  1.0456
864.0000	 32.0000	 -1.1613	  0.5212	  0.0000	  1.0568
896.0000	 32.0000	 -1.1949	  0.4727	  0.0000	  1.0464
928.0000	 32.0000	 -1.2790	  0.4043	  0.0000	  1.0345
960.0000	 32.0000	 -1.4224	  0.3730	  0.0000	  1.0190
992.0000	 32.0000	 -1.4963	  0.3572	  0.0000	  1.0126
1024.0000	 32.0000	 -1.5074	  0.3308	  0.0000	  1.0200
 32.0000	 64.0000	 -0.8672	  0.3150	  1.0000	  0.0000
 64.0000	 64.0000	 -0.9458	  0.2407	  1.0000	  0.0000
 96.0000	 64.0000	 -1.0766	  0.1469	  1.0000	  1.0072
128.0000	 64.0000	 -1.1961	  0.1565	  0.0000	  1.0285
160.0000	 64.0000	 -1.3694	  0.1949	  0.0000	  1.0651
192.0000	 64.0000	 -1.4267	  0.2234	  0.0000	  1.0481
224.0000	 64.0000	 -1.3546	  0.2771	  0.0000	  1.0398
256.0000	 64.0000	 -1.1537	  0.3547	  0.0000	  1.0382
288.0000	 64.0000	 -0.9359	  0.4378	  1.0000	  1.0003
320.0000	 64.0000	 -0.8474	  0.4100	  1.0000	  1.0022
352.0000	 64.0000	 -0.9411	  0.2537	  1.0000	  1.0021
384.0000	 64.0000	 -1.1663	  0.0426	  1.0000	  1.0022
416.0000	 64.0000	 -1.4611	 -0.1651	  1.0000	  1.0065
448.0000	 64.0000	 -1.7631	 -0.3178	  1.0000	  1.0002
480.0000	 64.0000	 -1.9526	 -0.3207	  1.0000	  1.0008
512.0000	 64.0000	 -1.9990	 -0.1853	  1.0000	  1.0007
544.0000	 64.0000	 -1.9369	 -0.0076	  1.0000	  1.0005
576.0000	 64.0000	 -1.8117	  0.1404	  1.0000	  1.0017
608.0000	 64.0000	 -1.6652	  0.2404	  1.0000	  1.0015
640.0000	 64.0000	 -1.5083	  0.3200	  0.0000	  1.0466
672.0000	 64.0000	 -1.4119	  0.4452	  0.0000	  1.0477
704.0000	 64.0000	 -1.4150	  0.6211	  0.0000	  1.0262
736.0000	 64.0000	 -1.4527	  0.6961	  1.0000	  1.0010
768.0000	 64.0000	 -1.4394	  0.7178	  1.0000	  1.0015
800.0000	 64.0000	 -1.3564	  0.6845	  0.0000	  1.0216
832.0000	 64.0000	 -1.2795	  0.5943	  0.0000	  1.0573
864.0000	 64.0000	 -1.2535	  0.5092	  0.0000	  1.0470
896.0000	 64.0000	 -1.3080	  0.4362	  0.0000	  1.0454
928.0000	 64.0000	 -1.4048	  0.3540	  0.0000	  1.0502
960.0000	 64.0000	 -1.5707	  0.3246	  0.0000	  1.0265
992.0000	 64.0000	 -1.6569	  0.3385	  0.0000	  1.0306
1024.0000	 64.0000	 -1.6846	  0.3589	  0.0000	  1.0376
 32.0000	 96.0000	 -0.7971	  0.4462	  0.0000	  1.0164
 64.0000	 96.0000	 -0.9271	  0.2950	  0.0000	  1.0159
 96.0000	 96.0000	 -1.1753	  0.0711	  0.0000	  1.0271
128.0000	 96.0000	 -1.4039	  0.0871	  0.0000	  1.0454
160.0000	 96.0000	 -1.5025	  0.1302	  0.0000	  1.0338
192.0000	 96.0000	 -1.4713	  0.1561	  0.0000	  1.0528
224.0000	 96.0000	 -1.3800	  0.2137	  0.0000	  1.0241
256.0000	 96.0000	 -1.1703	  0.3052	  0.0000	  1.0224
288.0000	 96.0000	 -0.9215	  0.3937	  0.0000	  1.0626
320.0000	 96.0000	 -0.7948	  0.3823	  0.0000	  1.0693
352.0000	 96.0000	 -0.8471	  0.2547	  1.0000	  1.0036
384.0000	 96.0000	 -1.0287	  0.0830	  1.0000	  0.0000
416.0000	 96.0000	 -1.2968	 -0.0819	  1.0000	  1.0007
448.0000	 96.0000	 -1.5805	 -0.1954	  1.0000	  1.0027
480.0000	 96.0000	 -1.7592	 -0.1802	  1.0000	  1.0016
512.0000	 96.0000	 -1.7994	 -0.0432	  1.0000	  1.0007
544.0000	 96.0000	 -1.7340	  0.1338	  1.0000	  1.0016
576.0000	 96.0000	 -1.6291	  0.2550	  1.0000	  1.0058
608.0000	 96.0000	 -1.5522	  0.3113	  0.0000	  1.0491
640.0000	 96.0000	 -1.4698	  0.3429	  0.0000	  1.0391
672.0000	 96.0000	 -1.4276	  0.4404	  0.0000	  1.0500
704.0000	 96.0000	 -1.4808	  0.6211	  0.0000	  1.0217
736.0000	 96.0000	 -1.5912	  0.7154	  1.0000	  1.0006
768.0000	 96.0000	 -1.6199	  0.7573	  1.0000	  1.0013
800.0000	 96.0000	 -1.5365	  0.7434	  0.0000	  1.0119
832.0000	 96.0000	 -1.4244	  0.6402	  0.0000	  1.0298
864.0000	 96.0000	 -1.3864	  0.5183	  0.0000	  1.0462
896.0000	 96.0000	 -1.4547	  0.3996	  0.0000	  1.0422
928.0000	 96.0000	 -1.5618	  0.3040	  0.0000	  1.0337
960.0000	 96.0000	 -1.7652	  0.2833	  0.0000	  1.0168
992.0000	 96.0000	 -1.8910	  0.3453	  0.0000	  1.0288
1024.0000	 96.0000	 -1.9565	  0.4133	  0.0000	  1.0327
 32.0000	128.0000	 -0.7842	  0.5332	  0.0000	  1.0315
 64.0000	128.0000	 -0.9118	  0.3450	  0.0000	  1.0218
 96.0000	128.0000	 -1.1627	  0.0625	  0.0000	  1.0410
128.0000	128.0000	 -1.3633	  0.0436	  0.0000	  1.0292
160.0000	128.0000	 -1.4251	  0.0824	  0.0000	  1.0356
192.0000	128.0000	 -1.3740	  0.1306	  0.0000	  1.0296
224.0000	128.0000	 -1.2999	  0.2027	  0.0000	  1.0324
256.0000	128.0000	 -1.1535	  0.3033	  0.0000	  1.0396
288.0000	128.0000	 -0.9520	  0.3770	  0.0000	  1.0479
320.0000	128.0000	 -0.8101	  0.3597	  0.0000	  1.0468
352.0000	128.0000	 -0.8076	  0.2578	  1.0000	  0.0000
384.0000	128.0000	 -0.9188	  0.1434	  1.0000	  0.0000
416.0000	128.0000	 -1.1275	  0.0445	  1.0000	  1.0017
448.0000	128.0000	 -1.3671	 -0.0192	  1.0000	  1.0038
480.0000	128.0000	 -1.5270	  0.0140	  1.0000	  1.0003
512.0000	128.0000	 -1.5618	  0.1447	  1.0000	  1.0030
544.0000	128.0000	 -1.4905	  0.3271	  0.0000	  1.0136
576.0000	128.0000	 -1.4156	  0.4060	  0.0000	  1.0350
608.0000	128.0000	 -1.4382	  0.3963	  0.0000	  1.0463
640.0000	128.0000	 -1.4541	  0.3927	  0.0000	  1.0331
672.0000	128.0000	 -1.4816	  0.4653	  0.0000	  1.0351
704.0000	128.0000	 -1.6037	  0.6113	  0.0000	  1.0149
736.0000	128.0000	 -1.8099	  0.7246	  1.0000	  1.0003
768.0000	128.0000	 -1.8955	  0.7837	  1.0000	  1.0021
800.0000	128.0000	 -1.8239	  0.7706	  1.0000	  1.0650
832.0000	128.0000	 -1.6374	  0.6736	  0.0000	  1.0277
864.0000	128.0000	 -1.5259	  0.5497	  0.0000	  1.0304
896.0000	128.0000	 -1.5402	  0.4047	  1.0000	  1.0011
928.0000	128.0000	 -1.6150	  0.2977	  1.0000	  1.0046
960.0000	128.0000	 -1.7661	  0.2689	  1.0000	  1.0006
992.0000	128.0000	 -1.9238	  0.3255	  0.0000	  1.0232
1024.0000	128.0000	 -2.0093	  0.3770	  0.0000	  1.0285
 32.0000	160.0000	 -0.8523	  0.4213	  0.0000	  1.0301
 64.0000	160.0000	 -0.9443	  0.2762	  0.0000	  1.0446
 96.0000	160.0000	 -1.1073	  0.1124	  1.0000	  1.0026
128.0000	160.0000	 -1.1789	  0.0781	  0.0000	  1.0394
160.0000	160.0000	 -1.1929	  0.1122	  0.0000	  1.0111
192.0000	160.0000	 -1.2041	  0.1520	  0.0000	  1.0377
224.0000	160.0000	 -1.1739	  0.2030	  0.0000	  1.0472
256.0000	160.0000	 -1.1205	  0.2870	  0.0000	  1.0413
288.0000	160.0000	 -1.0144	  0.3248	  0.0000	  1.0126
320.0000	160.0000	 -0.8960	  0.2903	  1.0000	  1.0013
352.0000	160.0000	 -0.8404	  0.2292	  1.0000	  1.0007
384.0000	160.0000	 -0.8663	  0.1982	  1.0000	  0.0000
416.0000	160.0000	 -0.9915	  0.1956	  1.0000	  1.0027
448.0000	160.0000	 -1.1608	  0.2029	  1.0000	  1.0042
480.0000	160.0000	 -1.3026	  0.2467	  1.0000	  1.0015
512.0000	160.0000	 -1.3545	  0.3321	  0.0000	  1.0037
544.0000	160.0000	 -1.3203	  0.4693	  0.0000	  1.0325
576.0000	160.0000	 -1.2854	  0.5186	  0.0000	  1.0267
608.0000	160.0000	 -1.3609	  0.4524	  0.0000	  1.0298
640.0000	160.0000	 -1.4599	  0.4136	  0.0000	  1.0390
672.0000	160.0000	 -1.5723	  0.4629	  0.0000	  1.0430
704.0000	160.0000	 -1.7589	  0.5771	  0.0000	  1.0364
736.0000	160.0000	 -2.0260	  0.7156	  1.0000	  1.0000
768.0000	160.0000	 -2.1429	  0.7935	  1.0000	  1.0065
800.0000	160.0000	 -2.0932	  0.7923	  1.0000	  1.0006
832.0000	160.0000	 -1.9031	  0.7045	  1.0000	  1.0027
864.0000	160.0000	 -1.6968	  0.5595	  1.0000	  0.0000
896.0000	160.0000	 -1.5895	  0.3913	  1.0000	  1.0012
928.0000	160.0000	 -1.5680	  0.2514	  1.0000	  1.0032
960.0000	160.0000	 -1.6199	  0.1736	  1.0000	  1.0012
992.0000	160.0000	 -1.7021	  0.1675	  1.0000	  1.0016
1024.0000	160.0000	 -1.7617	  0.1839	  1.0000	  1.0012
 32.0000	192.0000	 -0.9026	  0.2834	  0.0000	  1.0247
 64.0000	192.0000	 -0.9951	  0.1598	  0.0000	  1.0910
 96.0000	192.0000	 -1.1028	  0.0942	  0.0000	  1.0324
128.0000	192.0000	 -1.0859	  0.1247	  0.0000	  1.0487
160.0000	192.0000	 -1.0730	  0.1876	  0.0000	  1.0484
192.0000	192.0000	 -1.1315	  0.2168	  0.0000	  1.0121
224.0000	192.0000	 -1.1260	  0.2118	  0.0000	  1.0322
256.0000	192.0000	 -1.1301	  0.2390	  0.0000	  1.0434
288.0000	192.0000	 -1.0805	  0.2369	  0.0000	  1.0266
320.0000	192.0000	 -0.9825	  0.1945	  0.0000	  1.0559
352.0000	192.0000	 -0.8969	  0.1580	  1.0000	  1.0012
384.0000	192.0000	 -0.8680	  0.2259	  1.0000	  1.0036
416.0000	192.0000	 -0.9134	  0.3352	  0.0000	  1.0643
448.0000	192.0000	 -1.0023	  0.4103	  0.0000	  1.0252
480.0000	192.0000	 -1.1289	  0.4702	  0.0000	  1.0577
512.0000	192.0000	 -1.1926	  0.5348	  1.0000	  1.0091
544.0000	192.0000	 -1.2025	  0.6190	  0.0000	  1.0344
576.0000	192.0000	 -1.2117	  0.6074	  0.0000	  1.0373
608.0000	192.0000	 -1.3521	  0.4875	  0.0000	  1.0254
640.0000	192.0000	 -1.5391	  0.4196	  0.0000	  1.0442
672.0000	192.0000	 -1.7361	  0.4586	  0.0000	  1.0497
704.0000	192.0000	 -1.9545	  0.5706	  0.0000	  1.0334
736.0000	192.0000	 -2.2129	  0.7135	  1.0000	  1.0009
768.0000	192.0000	 -2.2973	  0.7935	  1.0000	  1.0029
800.0000	192.0000	 -2.2356	  0.8023	  1.0000	  1.0033
832.0000	192.0000	 -2.0205	  0.7188	  1.0000	  0.0000
864.0000	192.0000	 -1.7515	  0.5578	  1.0000	  1.0002
896.0000	192.0000	 -1.5581	  0.3585	  1.0000	  1.0003
928.0000	192.0000	 -1.4477	  0.1688	  1.0000	  1.0057
960.0000	192.0000	 -1.4038	  0.0260	  1.0000	  1.0018
992.0000	192.0000	 -1.4148	 -0.0301	  1.0000	  1.0020
1024.0000	192.0000	 -1.4504	 -0.0318	  1.0000	  1.0016
 32.0000	224.0000	 -0.9210	  0.0192	  1.0000	  1.0015
 64.0000	224.0000	 -0.9725	 -0.0458	  0.0000	  1.0319
 96.0000	224.0000	 -1.0271	 -0.0365	  0.0000	  1.0487
128.0000	224.0000	 -0.9824	  0.0525	  0.0000	  1.0532
160.0000	224.0000	 -0.9559	  0.1451	  0.0000	  1.0481
192.0000	224.0000	 -1.0327	  0.1923	  0.0000	  1.0517
224.0000	224.0000	 -1.1126	  0.1985	  0.0000	  1.0475
256.0000	224.0000	 -1.1755	  0.1887	  0.0000	  1.0282
288.0000	224.0000	 -1.1505	  0.1477	  0.0000	  1.0304
320.0000	224.0000	 -1.0603	  0.0787	  0.0000	  1.0334
352.0000	224.0000	 -0.9805	  0.0313	  0.0000	  1.0308
384.0000	224.0000	 -0.9177	  0.1903	  0.0000	  1.0296
416.0000	224.0000	 -0.9020	  0.3598	  0.0000	  1.0485
448.0000	224.0000	 -0.9495	  0.4708	  0.0000	  1.0337
480.0000	224.0000	 -1.0313	  0.5496	  0.0000	  1.0353
512.0000	224.0000	 -1.0949	  0.6224	  0.0000	  1.0402
544.0000	224.0000	 -1.1324	  0.6852	  0.0000	  1.0375
576.0000	224.0000	 -1.1888	  0.6783	  0.0000	  1.0252
608.0000	224.0000	 -1.4676	  0.5201	  0.0000	  1.0425
640.0000	224.0000	 -1.7399	  0.4611	  0.0000	  1.0824
672.0000	224.0000	 -1.9849	  0.5184	  0.0000	  1.0293
704.0000	224.0000	 -2.2054	  0.6169	  1.0000	  1.0006
736.0000	224.0000	 -2.3664	  0.7280	  1.0000	  1.0027
768.0000	224.0000	 -2.3756	  0.7951	  1.0000	  1.0019
800.0000	224.0000	 -2.2360	  0.7979	  1.0000	  1.0012
832.0000	224.0000	 -1.9657	  0.7149	  1.0000	  1.0027
864.0000	224.0000	 -1.6765	  0.5444	  1.0000	  1.0028
896.0000	224.0000	 -1.4636	  0.3101	  1.0000	  0.0000
928.0000	224.0000	 -1.3091	  0.0691	  1.0000	  1.0015
960.0000	224.0000	 -1.1934	 -0.1393	  0.0000	  1.0528
992.0000	224.0000	 -1.1598	 -0.2190	  0.0000	  1.0589
1024.0000	224.0000	 -1.1985	 -0.2073	  1.0000	  1.0009
 32.0000	256.0000	 -0.8569	 -0.1899	  1.0000	  1.0065
 64.0000	256.0000	 -0.8729	 -0.2140	  0.0000	  1.0228
 96.0000	256.0000	 -0.8948	 -0.1743	  0.0000	  1.0449
128.0000	256.0000	 -0.8637	 -0.0852	  0.0000	  1.0734
160.0000	256.0000	 -0.8616	  0.0047	  0.0000	  1.0542
192.0000	256.0000	 -0.9724	  0.0911	  0.0000	  1.0465
224.0000	256.0000	 -1.1235	  0.1251	  0.0000	  1.0337
256.0000	256.0000	 -1.2243	  0.1225	  0.0000	  1.0136
288.0000	256.0000	 -1.1947	  0.0940	  0.0000	  1.0136
320.0000	256.0000	 -1.0876	  0.0331	  0.0000	  1.0491
352.0000	256.0000	 -0.9937	 -0.0269	  0.0000	  1.0388
384.0000	256.0000	 -0.9190	  0.1152	  0.0000	  1.0316
416.0000	256.0000	 -0.8902	  0.2694	  0.0000	  1.0438
448.0000	256.0000	 -0.9163	  0.3846	  0.0000	  1.0383
480.0000	256.0000	 -0.9674	  0.4772	  0.0000	  1.0699
512.0000	256.0000	 -1.0355	  0.5488	  1.0000	  1.0005
544.0000	256.0000	 -1.1377	  0.6012	  1.0000	  1.0008
576.0000	256.0000	 -1.3148	  0.6022	  1.0000	  1.0004
608.0000	256.0000	 -1.6256	  0.5275	  1.0000	  1.0792
640.0000	256.0000	 -1.9295	  0.4866	  0.0000	  1.0822
672.0000	256.0000	 -2.1741	  0.5418	  1.0000	  1.0000
704.0000	256.0000	 -2.3475	  0.6312	  1.0000	  1.0012
736.0000	256.0000	 -2.4033	  0.7164	  1.0000	  1.0016
768.0000	256.0000	 -2.3166	  0.7646	  1.0000	  1.0029
800.0000	256.0000	 -2.0931	  0.7584	  1.0000	  1.0007
832.0000	256.0000	 -1.7632	  0.6811	  0.0000	  1.0549
864.0000	256.0000	 -1.5095	  0.5163	  0.0000	  1.0549
896.0000	256.0000	 -1.3504	  0.2552	  1.0000	  1.0004
928.0000	256.0000	 -1.2227	  0.0004	  1.0000	  1.0005
960.0000	256.0000	 -1.1122	 -0.2059	  0.0000	  1.0577
992.0000	256.0000	 -1.0732	 -0.2822	  0.0000	  1.0401
1024.0000	256.0000	 -1.0983	 -0.2622	  1.0000	  1.0010
 32.0000	288.0000	 -0.7433	 -0.3219	  1.0000	  1.0023
 64.0000	288.0000	 -0.7423	 -0.3002	  1.0000	  1.0001
 96.0000	288.0000	 -0.7481	 -0.2398	  1.0000	  0.0000
128.0000	288.0000	 -0.7526	 -0.1534	  1.0000	  1.0095
160.0000	288.0000	 -0.7924	 -0.0751	  0.0000	  1.0381
192.0000	288.0000	 -0.9372	  0.0248	  0.0000	  1.0389
224.0000	288.0000	 -1.1266	  0.0393	  0.0000	  1.0271
256.0000	288.0000	 -1.2282	  0.0387	  0.0000	  1.0149
288.0000	288.0000	 -1.1688	  0.0514	  0.0000	  1.0205
320.0000	288.0000	 -1.0415	  0.0483	  0.0000	  1.0297
352.0000	288.0000	 -0.9328	  0.0111	  0.0000	  1.0634
384.0000	288.0000	 -0.8747	  0.0531	  0.0000	  1.0564
416.0000	288.0000	 -0.8739	  0.1315	  0.0000	  1.0999
448.0000	288.0000	 -0.8979	  0.2320	  0.0000	  1.0316
480.0000	288.0000	 -0.9530	  0.3400	  1.0000	  0.0000
512.0000	288.0000	 -1.0287	  0.4300	  1.0000	  1.0029
544.0000	288.0000	 -1.1807	  0.5069	  1.0000	  1.0034
576.0000	288.0000	 -1.4606	  0.5447	  1.0000	  1.0021
608.0000	288.0000	 -1.8450	  0.5278	  1.0000	  1.0006
640.0000	288.0000	 -2.1626	  0.5188	  1.0000	  1.0000
672.0000	288.0000	 -2.3490	  0.5545	  1.0000	  1.0031
704.0000	288.0000	 -2.4067	  0.6146	  1.0000	  1.0002
736.0000	288.0000	 -2.3407	  0.6684	  1.0000	  1.0005
768.0000	288.0000	 -2.1645	  0.6900	  1.0000	  1.0011
800.0000	288.0000	 -1.9002	  0.6655	  1.0000	  1.0001
832.0000	288.0000	 -1.5913	  0.5826	  0.0000	  1.0570
864.0000	288.0000	 -1.3896	  0.4215	  0.0000	  1.0539
896.0000	288.0000	 -1.2838	  0.1661	  1.0000	  1.0025
928.0000	288.0000	 -1.2098	 -0.0585	  1.0000	  1.0029
960.0000	288.0000	 -1.1543	 -0.2039	  1.0000	  0.0000
992.0000	288.0000	 -1.1334	 -0.2333	  1.0000	  1.0032
1024.0000	288.0000	 -1.1265	 -0.2116	  1.0000	  0.0000
 32.0000	320.0000	 -0.6340	 -0.4004	  1.0000	  1.0044
 64.0000	320.0000	 -0.6321	 -0.3426	  1.0000	  1.0023
 96.0000	320.0000	 -0.6371	 -0.2615	  1.0000	  0.0000
128.0000	320.0000	 -0.6634	 -0.1633	  1.0000	  1.0012
160.0000	320.0000	 -0.7288	 -0.0627	  0.0000	  1.0655
192.0000	320.0000	 -0.8764	 -0.0016	  0.0000	  1.0475
224.0000	320.0000	 -1.0639	 -0.0086	  0.0000	  1.0271
256.0000	320.0000	 -1.1480	 -0.0011	  0.0000	  1.0289
288.0000	320.0000	 -1.0798	  0.0525	  0.0000	  1.0441
320.0000	320.0000	 -0.9671	  0.0953	  0.0000	  1.0831
352.0000	320.0000	 -0.8839	  0.0760	  0.0000	  1.0842
384.0000	320.0000	 -0.8464	  0.0319	  0.0000	  1.0601
416.0000	320.0000	 -0.8790	  0.0341	  0.0000	  1.0353
448.0000	320.0000	 -0.9408	  0.1175	  1.0000	  1.0015
480.0000	320.0000	 -1.0191	  0.2161	  1.0000	  1.0027
512.0000	320.0000	 -1.1040	  0.3093	  0.0000	  1.0279
544.0000	320.0000	 -1.2865	  0.4224	  0.0000	  1.0290
576.0000	320.0000	 -1.6618	  0.5038	  0.0000	  1.0063
608.0000	320.0000	 -2.1511	  0.5122	  1.0000	  1.0030
640.0000	320.0000	 -2.4583	  0.5192	  1.0000	  1.0056
672.0000	320.0000	 -2.5422	  0.5439	  1.0000	  1.0026
704.0000	320.0000	 -2.4677	  0.5774	  1.0000	  1.0018
736.0000	320.0000	 -2.2827	  0.5997	  1.0000	  1.0000
768.0000	320.0000	 -2.0340	  0.5902	  1.0000	  1.0024
800.0000	320.0000	 -1.7620	  0.5349	  1.0000	  1.0006
832.0000	320.0000	 -1.5109	  0.4224	  1.0000	  1.0013
864.0000	320.0000	 -1.3485	  0.2509	  1.0000	  1.0009
896.0000	320.0000	 -1.2689	  0.0345	  1.0000	  1.0006
928.0000	320.0000	 -1.2348	 -0.1412	  1.0000	  1.0002
960.0000	320.0000	 -1.2238	 -0.2273	  0.0000	  1.0496
992.0000	320.0000	 -1.2302	 -0.1868	  0.0000	  1.0369
1024.0000	320.0000	 -1.1987	 -0.1350	  0.0000	  1.0443
 32.0000	352.0000	 -0.5704	 -0.4312	  0.0000	  1.0205
 64.0000	352.0000	 -0.5741	 -0.3398	  1.0000	  1.0069
 96.0000	352.0000	 -0.5757	 -0.2533	  1.0000	  0.0000
128.0000	352.0000	 -0.6024	 -0.1680	  0.0000	  1.0426
160.0000	352.0000	 -0.6411	 -0.0862	  0.0000	  1.0408
192.0000	352.0000	 -0.7570	 -0.0441	  0.0000	  1.0253
224.0000	352.0000	 -0.9128	 -0.0465	  0.0000	  1.0314
256.0000	352.0000	 -0.9807	 -0.0118	  0.0000	  1.0447
288.0000	352.0000	 -0.9480	  0.0735	  0.0000	  1.0336
320.0000	352.0000	 -0.8973	  0.1249	  0.0000	  1.0544
352.0000	352.0000	 -0.8595	  0.0941	  0.0000	  1.0613
384.0000	352.0000	 -0.8423	  0.0220	  0.0000	  1.0195
416.0000	352.0000	 -0.9125	  0.0007	  1.0000	  1.0016
448.0000	352.0000	 -1.0431	  0.0494	  1.0000	  1.0018
480.0000	352.0000	 -1.2064	  0.1354	  1.0000	  1.0013
512.0000	352.0000	 -1.3771	  0.2321	  0.0000	  1.0294
544.0000	352.0000	 -1.6535	  0.3476	  0.0000	  1.0315
576.0000	352.0000	 -2.1313	  0.4329	  1.0000	  1.0037
608.0000	352.0000	 -2.5659	  0.4721	  1.0000	  1.0015
640.0000	352.0000	 -2.7774	  0.4940	  1.0000	  1.0035
672.0000	352.0000	 -2.7343	  0.5129	  1.0000	  0.0000
704.0000	352.0000	 -2.5296	  0.5261	  1.0000	  1.0005
736.0000	352.0000	 -2.2387	  0.5204	  1.0000	  1.0021
768.0000	352.0000	 -1.9325	  0.4804	  1.0000	  1.0009
800.0000	352.0000	 -1.6574	  0.3940	  1.0000	  1.0033
832.0000	352.0000	 -1.4453	  0.2554	  1.0000	  1.0003
864.0000	352.0000	 -1.3194	  0.0765	  1.0000	  1.0008
896.0000	352.0000	 -1.2678	 -0.1157	  1.0000	  1.0027
928.0000	352.0000	 -1.2598	 -0.2600	  1.0000	  1.0067
960.0000	352.0000	 -1.2682	 -0.3257	  1.0000	  1.0212
992.0000	352.0000	 -1.2786	 -0.3153	  0.0000	  1.0240
1024.0000	352.0000	 -1.2502	 -0.2748	  0.0000	  1.0309
 32.0000	384.0000	 -0.6062	 -0.2919	  1.0000	  1.0348
 64.0000	384.0000	 -0.5968	 -0.2486	  1.0000	  0.0000
 96.0000	384.0000	 -0.5775	 -0.2076	  1.0000	  1.0018
128.0000	384.0000	 -0.5676	 -0.1706	  0.0000	  1.0231
160.0000	384.0000	 -0.5570	 -0.1225	  0.0000	  1.0292
192.0000	384.0000	 -0.6146	 -0.0758	  0.0000	  1.0412
224.0000	384.0000	 -0.7003	 -0.0474	  0.0000	  1.0337
256.0000	384.0000	 -0.7494	 -0.0095	  0.0000	  1.0506
288.0000	384.0000	 -0.7803	  0.0464	  1.0000	  1.0007
320.0000	384.0000	 -0.8027	  0.0704	  0.0000	  1.0541
352.0000	384.0000	 -0.8114	  0.0360	  0.0000	  1.0630
384.0000	384.0000	 -0.8377	 -0.0317	  1.0000	  1.0075
416.0000	384.0000	 -0.9663	 -0.0514	  1.0000	  1.0041
448.0000	384.0000	 -1.1962	 -0.0086	  1.0000	  1.0035
480.0000	384.0000	 -1.5066	  0.0811	  1.0000	  1.0001
512.0000	384.0000	 -1.8605	  0.1871	  1.0000	  1.0028
544.0000	384.0000	 -2.2378	  0.2940	  1.0000	  1.0012
576.0000	384.0000	 -2.6310	  0.3751	  1.0000	  1.0003
608.0000	384.0000	 -2.9487	  0.4254	  1.0000	  1.0068
640.0000	384.0000	 -3.0311	  0.4529	  1.0000	  1.0024
672.0000	384.0000	 -2.8616	  0.4662	  1.0000	  1.0001
704.0000	384.0000	 -2.5481	  0.4641	  1.0000	  1.0033
736.0000	384.0000	 -2.1788	  0.4369	  1.0000	  1.0024
768.0000	384.0000	 -1.8355	  0.3724	  1.0000	  1.0006
800.0000	384.0000	 -1.5624	  0.2613	  1.0000	  1.0055
832.0000	384.0000	 -1.3785	  0.1040	  1.0000	  1.0001
864.0000	384.0000	 -1.2846	 -0.0807	  1.0000	  0.0000
896.0000	384.0000	 -1.2594	 -0.2629	  1.0000	  1.0011
928.0000	384.0000	 -1.2689	 -0.3963	  1.0000	  1.0002
960.0000	384.0000	 -1.2856	 -0.4653	  1.0000	  0.0000
992.0000	384.0000	 -1.2965	 -0.4802	  1.0000	  1.0068
1024.0000	384.0000	 -1.2883	 -0.4693	  1.0000	  1.0075
 32.0000	416.0000	 -0.6852	 -0.1208	  1.0000	  1.0004
 64.0000	416.0000	 -0.6652	 -0.1197	  1.0000	  1.0018
 96.0000	416.0000	 -0.6321	 -0.1315	  1.0000	  1.0037
128.0000	416.0000	 -0.5939	 -0.1336	  0.0000	  1.0008
160.0000	416.0000	 -0.5731	 -0.1017	  1.0000	  1.0104
192.0000	416.0000	 -0.5445	 -0.0512	  1.0000	  1.0009
224.0000	416.0000	 -0.5254	  0.0019	  0.0000	  1.0208
256.0000	416.0000	 -0.5489	  0.0258	  0.0000	  1.0248
288.0000	416.0000	 -0.6174	  0.0135	  1.0000	  1.0007
320.0000	416.0000	 -0.6711	 -0.0320	  1.0000	  1.0024
352.0000	416.0000	 -0.7311	 -0.0884	  1.0000	  0.0000
384.0000	416.0000	 -0.8378	 -0.1338	  1.0000	  1.0004
416.0000	416.0000	 -1.0414	 -0.1309	  1.0000	  0.0000
448.0000	416.0000	 -1.3651	 -0.0715	  1.0000	  0.0000
480.0000	416.0000	 -1.7914	  0.0319	  1.0000	  1.0028
512.0000	416.0000	 -2.2585	  0.1459	  1.0000	  1.0027
544.0000	416.0000	 -2.6772	  0.2503	  1.0000	  1.0007
576.0000	416.0000	 -3.0009	  0.3275	  1.0000	  1.0074
608.0000	416.0000	 -3.1699	  0.3759	  1.0000	  1.0004
640.0000	416.0000	 -3.1156	  0.4004	  1.0000	  1.0002
672.0000	416.0000	 -2.8417	  0.4075	  1.0000	  1.0003
704.0000	416.0000	 -2.4600	  0.3945	  1.0000	  1.0010
736.0000	416.0000	 -2.0557	  0.3534	  1.0000	  1.0009
768.0000	416.0000	 -1.7070	  0.2736	  1.0000	  1.0005
800.0000	416.0000	 -1.4514	  0.1480	  1.0000	  1.0025
832.0000	416.0000	 -1.2983	 -0.0196	  1.0000	  1.0042
864.0000	416.0000	 -1.2364	 -0.2073	  1.0000	  0.0000
896.0000	416.0000	 -1.2364	 -0.3851	  1.0000	  1.0001
928.0000	416.0000	 -1.2619	 -0.5178	  1.0000	  1.0012
960.0000	416.0000	 -1.2874	 -0.5954	  1.0000	  0.0000
992.0000	416.0000	 -1.3029	 -0.6269	  1.0000	  1.0053
1024.0000	416.0000	 -1.3051	 -0.6324	  1.0000	  0.0000
 32.0000	448.0000	 -0.7580	  0.0528	  1.0000	  1.0022
 64.0000	448.0000	 -0.7310	  0.0215	  0.0000	  1.0421
 96.0000	448.0000	 -0.7134	 -0.0447	  0.0000	  1.0422
128.0000	448.0000	 -0.6872	 -0.0779	  0.0000	  1.0444
160.0000	448.0000	 -0.6415	 -0.0601	  0.0000	  1.0489
192.0000	448.0000	 -0.5478	 -0.0129	  1.0000	  1.0014
224.0000	448.0000	 -0.4876	  0.0480	  1.0000	  1.0015
256.0000	448.0000	 -0.4935	  0.0452	  1.0000	  1.0002
288.0000	448.0000	 -0.5483	 -0.0328	  1.0000	  1.0007
320.0000	448.0000	 -0.6188	 -0.1541	  1.0000	  1.0033
352.0000	448.0000	 -0.7170	 -0.2353	  1.0000	  0.0000
384.0000	448.0000	 -0.8850	 -0.2611	  1.0000	  1.0032
416.0000	448.0000	 -1.1402	 -0.2306	  1.0000	  0.0000
448.0000	448.0000	 -1.5206	 -0.1466	  1.0000	  1.0005
480.0000	448.0000	 -1.9932	 -0.0253	  1.0000	  1.0007
512.0000	448.0000	 -2.4699	  0.0976	  1.0000	  1.0023
544.0000	448.0000	 -2.8467	  0.2021	  1.0000	  0.0000
576.0000	448.0000	 -3.0712	  0.2751	  1.0000	  1.0028
608.0000	448.0000	 -3.1085	  0.3175	  1.0000	  1.0026
640.0000	448.0000	 -2.9482	  0.3357	  1.0000	  1.0047
672.0000	448.0000	 -2.6228	  0.3378	  1.0000	  1.0019
704.0000	448.0000	 -2.2315	  0.3203	  1.0000	  1.0016
736.0000	448.0000	 -1.8464	  0.2749	  1.0000	  1.0002
768.0000	448.0000	 -1.5319	  0.1914	  1.0000	  1.0001
800.0000	448.0000	 -1.3167	  0.0637	  1.0000	  1.0005
832.0000	448.0000	 -1.2036	 -0.1043	  1.0000	  1.0041
864.0000	448.0000	 -1.1758	 -0.2901	  1.0000	  1.0007
896.0000	448.0000	 -1.2008	 -0.4629	  1.0000	  1.0036
928.0000	448.0000	 -1.2430	 -0.5970	  1.0000	  1.0016
960.0000	448.0000	 -1.2803	 -0.6827	  1.0000	  1.0033
992.0000	448.0000	 -1.3035	 -0.7240	  1.0000	  1.0031
1024.0000	448.0000	 -1.3116	 -0.7354	  1.0000	  1.0075
 32.0000	480.0000	 -0.7519	  0.1885	  0.0000	  1.0302
 64.0000	480.0000	 -0.7072	  0.1249	  0.0000	  1.0352
 96.0000	480.0000	 -0.7221	  0.0205	  0.0000	  1.0216
128.0000	480.0000	 -0.7344	 -0.0252	  0.0000	  1.0308
160.0000	480.0000	 -0.6588	 -0.0124	  0.0000	  1.0404
192.0000	480.0000	 -0.5363	  0.0227	  0.0000	  1.0166
224.0000	480.0000	 -0.4709	  0.0963	  0.0000	  1.0677
256.0000	480.0000	 -0.4831	  0.0564	  0.0000	  1.0713
288.0000	480.0000	 -0.5527	 -0.1005	  0.0000	  1.0204
320.0000	480.0000	 -0.6580	 -0.3046	  1.0000	  1.0058
352.0000	480.0000	 -0.7741	 -0.3944	  1.0000	  1.0026
384.0000	480.0000	 -0.9639	 -0.3991	  1.0000	  1.0004
416.0000	480.0000	 -1.2526	 -0.3385	  1.0000	  1.0013
448.0000	480.0000	 -1.6461	 -0.2315	  1.0000	  1.0017
480.0000	480.0000	 -2.0890	 -0.0948	  1.0000	  1.0003
512.0000	480.0000	 -2.4767	  0.0332	  1.0000	  1.0053
544.0000	480.0000	 -2.7359	  0.1360	  1.0000	  1.0011
576.0000	480.0000	 -2.8290	  0.2043	  1.0000	  1.0032
608.0000	480.0000	 -2.7506	  0.2419	  1.0000	  1.0002
640.0000	480.0000	 -2.5289	  0.2561	  1.0000	  1.0058
672.0000	480.0000	 -2.2190	  0.2599	  1.0000	  0.0000
704.0000	480.0000	 -1.8809	  0.2479	  1.0000	  0.0000
736.0000	480.0000	 -1.5670	  0.2105	  1.0000	  1.0004
768.0000	480.0000	 -1.3223	  0.1371	  1.0000	  1.0033
800.0000	480.0000	 -1.1666	  0.0209	  1.0000	  1.0017
832.0000	480.0000	 -1.1000	 -0.1360	  1.0000	  1.0010
864.0000	480.0000	 -1.1057	 -0.3153	  1.0000	  1.0009
896.0000	480.0000	 -1.1538	 -0.4870	  1.0000	  1.0052
928.0000	480.0000	 -1.2134	 -0.6292	  1.0000	  1.0028
960.0000	480.0000	 -1.2653	 -0.7302	  1.0000	  1.0010
992.0000	480.0000	 -1.2995	 -0.7867	  1.0000	  1.0024
1024.0000	480.0000	 -1.3135	 -0.8050	  1.0000	  1.0017
 32.0000	512.0000	 -0.4983	  0.2145	  0.0000	  1.0269
 64.0000	512.0000	 -0.5508	  0.1608	  0.0000	  1.0523
 96.0000	512.0000	 -0.6206	  0.0711	  0.0000	  1.0370
128.0000	512.0000	 -0.6436	  0.0279	  0.0000	  1.0236
160.0000	512.0000	 -0.5390	  0.0427	  0.0000	  1.0304
192.0000	512.0000	 -0.4343	  0.0810	  0.0000	  1.0510
224.0000	512.0000	 -0.4246	  0.0848	  0.0000	  1.0660
256.0000	512.0000	 -0.4976	 -0.0481	  0.0000	  1.0620
288.0000	512.0000	 -0.6311	 -0.2988	  0.0000	  1.0472
320.0000	512.0000	 -0.7819	 -0.5120	  0.0000	  1.0456
352.0000	512.0000	 -0.8945	 -0.5501	  1.0000	  0.0000
384.0000	512.0000	 -1.0898	 -0.5191	  1.0000	  1.0040
416.0000	512.0000	 -1.3840	 -0.4362	  1.0000	  1.0036
448.0000	512.0000	 -1.7516	 -0.3186	  1.0000	  1.0069
480.0000	512.0000	 -2.1080	 -0.1802	  1.0000	  1.0033
512.0000	512.0000	 -2.3515	 -0.0569	  1.0000	  1.0040
544.0000	512.0000	 -2.4503	  0.0400	  1.0000	  1.0003
576.0000	512.0000	 -2.3946	  0.1035	  1.0000	  1.0007
608.0000	512.0000	 -2.2122	  0.1415	  1.0000	  1.0037
640.0000	512.0000	 -1.9660	  0.1621	  1.0000	  1.0055
672.0000	512.0000	 -1.7136	  0.1794	  1.0000	  0.0000
704.0000	512.0000	 -1.4707	  0.1842	  1.0000	  1.0020
736.0000	512.0000	 -1.2611	  0.1654	  1.0000	  1.0001
768.0000	512.0000	 -1.1065	  0.1132	  1.0000	  1.0010
800.0000	512.0000	 -1.0180	  0.0206	  1.0000	  1.0021
832.0000	512.0000	 -0.9965	 -0.1135	  1.0000	  1.0013
864.0000	512.0000	 -1.0303	 -0.2784	  1.0000	  1.0000
896.0000	512.0000	 -1.0966	 -0.4490	  1.0000	  0.0000
928.0000	512.0000	 -1.1723	 -0.6056	  1.0000	  1.0013
960.0000	512.0000	 -1.2413	 -0.7329	  1.0000	  1.0002
992.0000	512.0000	 -1.2909	 -0.8165	  1.0000	  1.0018
1024.0000	512.0000	 -1.3124	 -0.8474	  1.0000	  1.0001
 32.0000	544.0000	 -0.2607	  0.1527	  0.0000	  1.0218
 64.0000	544.0000	 -0.4043	  0.1388	  0.0000	  1.0409
 96.0000	544.0000	 -0.4800	  0.0935	  1.0000	  1.0005
128.0000	544.0000	 -0.4613	  0.0586	  0.0000	  1.0194
160.0000	544.0000	 -0.3319	  0.0517	  0.0000	  1.0196
192.0000	544.0000	 -0.3056	  0.0524	  0.0000	  1.0379
224.0000	544.0000	 -0.3733	 -0.0123	  0.0000	  1.0428
256.0000	544.0000	 -0.5091	 -0.1963	  0.0000	  1.0374
288.0000	544.0000	 -0.6863	 -0.4401	  0.0000	  1.0725
320.0000	544.0000	 -0.8633	 -0.6110	  0.0000	  1.0472
352.0000	544.0000	 -1.0094	 -0.6332	  1.0000	  1.0045
384.0000	544.0000	 -1.2247	 -0.5931	  1.0000	  1.0049
416.0000	544.0000	 -1.5145	 -0.5084	  1.0000	  1.0052
448.0000	544.0000	 -1.8333	 -0.3990	  1.0000	  1.0018
480.0000	544.0000	 -2.0736	 -0.2732	  1.0000	  0.0000
512.0000	544.0000	 -2.1454	 -0.1641	  1.0000	  1.0037
544.0000	544.0000	 -2.0739	 -0.0775	  1.0000	  1.0012
576.0000	544.0000	 -1.8763	 -0.0180	  1.0000	  1.0023
608.0000	544.0000	 -1.6093	  0.0275	  1.0000	  1.0002
640.0000	544.0000	 -1.3659	  0.0627	  1.0000	  1.0003
672.0000	544.0000	 -1.2038	  0.1042	  1.0000	  0.0000
704.0000	544.0000	 -1.0753	  0.1339	  1.0000	  1.0011
736.0000	544.0000	 -0.9787	  0.1376	  1.0000	  1.0004
768.0000	544.0000	 -0.9152	  0.1104	  1.0000	  1.0001
800.0000	544.0000	 -0.8899	  0.0457	  1.0000	  1.0004
832.0000	544.0000	 -0.9062	 -0.0610	  1.0000	  1.0004
864.0000	544.0000	 -0.9597	 -0.2073	  1.0000	  1.0015
896.0000	544.0000	 -1.0372	 -0.3752	  1.0000	  1.0008
928.0000	544.0000	 -1.1253	 -0.5487	  1.0000	  1.0002
960.0000	544.0000	 -1.2114	 -0.7097	  1.0000	  1.0007
992.0000	544.0000	 -1.2787	 -0.8300	  1.0000	  1.0001
1024.0000	544.0000	 -1.3091	 -0.8786	  1.0000	  1.0007
 32.0000	576.0000	 -0.2559	  0.1247	  1.0000	  1.0007
 64.0000	576.0000	 -0.3530	  0.1233	  1.0000	  1.0042
 96.0000	576.0000	 -0.4215	  0.1109	  1.0000	  0.0000
128.0000	576.0000	 -0.4302	  0.0961	  1.0000	  1.0001
160.0000	576.0000	 -0.3477	  0.0638	  1.0000	  1.0023
192.0000	576.0000	 -0.3262	  0.0117	  1.0000	  1.0016
224.0000	576.0000	 -0.3885	 -0.0963	  1.0000	  1.0017
256.0000	576.0000	 -0.5251	 -0.2729	  1.0000	  1.0003
288.0000	576.0000	 -0.6994	 -0.4706	  1.0000	  1.0023
320.0000	576.0000	 -0.8854	 -0.6125	  1.0000	  1.0097
352.0000	576.0000	 -1.0779	 -0.6548	  1.0000	  1.0030
384.0000	576.0000	 -1.3206	 -0.6278	  1.0000	  1.0014
416.0000	576.0000	 -1.6088	 -0.5537	  1.0000	  1.0085
448.0000	576.0000	 -1.8879	 -0.4571	  1.0000	  1.0012
480.0000	576.0000	 -2.0387	 -0.3427	  1.0000	  1.0015
512.0000	576.0000	 -1.9801	 -0.2444	  1.0000	  1.0040
544.0000	576.0000	 -1.7717	 -0.1722	  1.0000	  1.0056
576.0000	576.0000	 -1.4722	 -0.1129	  1.0000	  1.0012
608.0000	576.0000	 -1.1397	 -0.0620	  1.0000	  1.0070
640.0000	576.0000	 -0.9004	 -0.0146	  1.0000	  1.0014
672.0000	576.0000	 -0.8118	  0.0483	  1.0000	  0.0000
704.0000	576.0000	 -0.7769	  0.1025	  0.0000	  1.0002
736.0000	576.0000	 -0.7708	  0.1244	  1.0000	  1.0095
768.0000	576.0000	 -0.7777	  0.1185	  1.0000	  1.0046
800.0000	576.0000	 -0.7988	  0.0783	  1.0000	  1.0007
832.0000	576.0000	 -0.8403	 -0.0037	  1.0000	  1.0006
864.0000	576.0000	 -0.9043	 -0.1321	  1.0000	  1.0010
896.0000	576.0000	 -0.9863	 -0.2960	  1.0000	  1.0046
928.0000	576.0000	 -1.0818	 -0.4844	  1.0000	  1.0012
960.0000	576.0000	 -1.1817	 -0.6783	  1.0000	  1.0009
992.0000	576.0000	 -1.2656	 -0.8374	  1.0000	  1.0007
1024.0000	576.0000	 -1.3045	 -0.9051	  1.0000	  1.0005
 32.0000	608.0000	 -0.2745	  0.1115	  1.0000	  1.0326
 64.0000	608.0000	 -0.3467	  0.1180	  1.0000	  1.0012
 96.0000	608.0000	 -0.4207	  0.1254	  1.0000	  1.1046
128.0000	608.0000	 -0.4747	  0.1297	  0.0000	  1.0434
160.0000	608.0000	 -0.3887	  0.0721	  1.0000	  1.0450
192.0000	608.0000	 -0.3532	 -0.0131	  1.0000	  1.0016
224.0000	608.0000	 -0.4024	 -0.1400	  1.0000	  1.0011
256.0000	608.0000	 -0.5320	 -0.3064	  1.0000	  1.0046
288.0000	608.0000	 -0.7024	 -0.4777	  1.0000	  1.0064
320.0000	608.0000	 -0.8951	 -0.6046	  1.0000	  1.0029
352.0000	608.0000	 -1.1112	 -0.6552	  1.0000	  0.0000
384.0000	608.0000	 -1.3710	 -0.6394	  1.0000	  1.0003
416.0000	608.0000	 -1.6604	 -0.5763	  1.0000	  0.0000
448.0000	608.0000	 -1.9182	 -0.4899	  1.0000	  1.0038
480.0000	608.0000	 -2.0190	 -0.3826	  1.0000	  0.0000
512.0000	608.0000	 -1.8863	 -0.2907	  1.0000	  1.0025
544.0000	608.0000	 -1.6024	 -0.2254	  1.0000	  0.0000
576.0000	608.0000	 -1.2556	 -0.1623	  1.0000	  1.0009
608.0000	608.0000	 -0.8731	 -0.1123	  1.0000	  0.0000
640.0000	608.0000	 -0.6319	 -0.0605	  1.0000	  1.0003
672.0000	608.0000	 -0.5885	  0.0134	  1.0000	  1.0051
704.0000	608.0000	 -0.6104	  0.0782	  1.0000	  0.0000
736.0000	608.0000	 -0.6570	  0.1171	  1.0000	  1.0015
768.0000	608.0000	 -0.7037	  0.1275	  1.0000	  1.0046
800.0000	608.0000	 -0.7498	  0.1043	  1.0000	  1.0000
832.0000	608.0000	 -0.8033	  0.0394	  1.0000	  1.0008
864.0000	608.0000	 -0.8703	 -0.0753	  1.0000	  1.0038
896.0000	608.0000	 -0.9523	 -0.2344	  1.0000	  1.0017
928.0000	608.0000	 -1.0505	 -0.4317	  1.0000	  1.0007
960.0000	608.0000	 -1.1591	 -0.6500	  1.0000	  1.0019
992.0000	608.0000	 -1.2555	 -0.8411	  1.0000	  1.0016
1024.0000	608.0000	 -1.3006	 -0.9240	  1.0000	  1.0013
