 32.0000	 32.0000	-15.6279	 -0.5479	  1.0000	  0.0000
 64.0000	 32.0000	-15.6807	 -0.4387	  0.0000	  1.0088
 96.0000	 32.0000	-15.7737	  0.0079	  1.0000	  1.0332
128.0000	 32.0000	-15.8248	  0.4293	  0.0000	  1.0158
160.0000	 32.0000	-15.9113	  0.5742	  0.0000	  1.0354
192.0000	 32.0000	-15.9124	  0.3464	  1.0000	  1.0007
224.0000	 32.0000	-15.9327	  0.1139	  1.0000	  1.0049
256.0000	 32.0000	-16.0672	 -0.0228	  1.0000	  1.0080
288.0000	 32.0000	-16.3474	 -0.0765	  1.0000	  1.0094
320.0000	 32.0000	-16.6878	 -0.0811	  0.0000	  1.0271
352.0000	 32.0000	-16.7785	 -0.0472	  0.0000	  1.0140
384.0000	 32.0000	-16.6076	 -0.0454	  1.0000	  0.0000
416.0000	 32.0000	-16.3963	 -0.0446	  1.0000	  1.0000
448.0000	 32.0000	-16.2048	 -0.0406	  1.0000	  1.0102
480.0000	 32.0000	-16.0617	 -0.0321	  1.0000	  0.0000
512.0000	 32.0000	-15.9748	 -0.0137	  1.0000	  0.0000
544.0000	 32.0000	-15.9397	  0.0109	  1.0000	  1.0003
576.0000	 32.0000	-15.9331	  0.0278	  1.0000	  1.0008
608.0000	 32.0000	-15.9150	 -0.0201	  1.0000	  1.0004
640.0000	 32.0000	-15.8994	 -0.1661	  1.0000	  0.0000
672.0000	 32.0000	-15.8790	 -0.3288	  1.0000	  1.0010
704.0000	 32.0000	-15.8404	 -0.4143	  1.0000	  0.0000
736.0000	 32.0000	-15.7837	 -0.3913	  1.0000	  1.0118
768.0000	 32.0000	-15.7354	 -0.3015	  0.0000	  1.0344
800.0000	 32.0000	-15.7285	 -0.2315	  0.0000	  1.0370
832.0000	 32.0000	-15.7827	 -0.1698	  0.0000	  1.0269
864.0000	 32.0000	-15.8797	 -0.1716	  0.0000	  1.0261
896.0000	 32.0000	-15.9430	 -0.2868	  0.0000	  1.0208
928.0000	 32.0000	-15.9498	 -0.4023	  0.0000	  1.0247
960.0000	 32.0000	-15.9320	 -0.2973	  1.0000	  1.0051
992.0000	 32.0000	-15.9068	 -0.1870	  1.0000	  1.0065
1024.0000	 32.0000	-15.8980	 -0.1134	  1.0000	  1.0113
 32.0000	 64.0000	-15.7303	 -0.3549	  1.0000	  1.0099
 64.0000	 64.0000	-15.7770	 -0.2378	  0.0000	  1.0069
 96.0000	 64.0000	-15.8698	  0.0402	  1.0000	  1.0132
128.0000	 64.0000	-15.9417	  0.2951	  0.0000	  1.0182
160.0000	 64.0000	-15.9844	  0.3657	  0.0000	  1.0428
192.0000	 64.0000	-15.9181	  0.1864	  1.0000	  1.0000
224.0000	 64.0000	-15.8725	 -0.0229	  1.0000	  0.0000
256.0000	 64.0000	-15.9551	 -0.1537	  1.0000	  0.0000
288.0000	 64.0000	-16.1886	 -0.1629	  1.0000	  0.0000
320.0000	 64.0000	-16.4462	 -0.1319	  1.0000	  1.0204
352.0000	 64.0000	-16.5477	 -0.0837	  1.0000	  1.0098
384.0000	 64.0000	-16.4679	 -0.0613	  1.0000	  0.0000
416.0000	 64.0000	-16.3112	 -0.0505	  1.0000	  1.0051
448.0000	 64.0000	-16.1424	 -0.0385	  1.0000	  1.0005
480.0000	 64.0000	-16.0040	 -0.0266	  1.0000	  1.0000
512.0000	 64.0000	-15.9162	 -0.0129	  1.0000	  1.0001
544.0000	 64.0000	-15.8895	 -0.0022	  0.0000	  1.0406
576.0000	 64.0000	-15.8978	  0.0279	  0.0000	  1.0235
608.0000	 64.0000	-15.8792	  0.0012	  0.0000	  1.0372
640.0000	 64.0000	-15.8774	 -0.1549	  1.0000	  1.0024
672.0000	 64.0000	-15.8709	 -0.3172	  1.0000	  0.0000
704.0000	 64.0000	-15.8378	 -0.4186	  1.0000	  1.0009
736.0000	 64.0000	-15.7705	 -0.4326	  0.0000	  1.0425
768.0000	 64.0000	-15.6792	 -0.3780	  0.0000	  1.0277
800.0000	 64.0000	-15.6332	 -0.3230	  0.0000	  1.0348
832.0000	 64.0000	-15.6839	 -0.2589	  0.0000	  1.0292
864.0000	 64.0000	-15.8040	 -0.2174	  0.0000	  1.0237
896.0000	 64.0000	-15.8769	 -0.2589	  0.0000	  1.0165
928.0000	 64.0000	-15.8889	 -0.2901	  0.0000	  1.0329
960.0000	 64.0000	-15.8966	 -0.2148	  0.0000	  1.0333
992.0000	 64.0000	-15.8802	 -0.1351	  1.0000	  1.0034
1024.0000	 64.0000	-15.8792	 -0.0763	  1.0000	  0.0000
 32.0000	 96.0000	-15.8872	 -0.1393	  0.0000	  1.2330
 64.0000	 96.0000	-15.9256	 -0.0669	  0.0000	  1.0523
 96.0000	 96.0000	-15.9845	  0.0715	  0.0000	  1.1137
128.0000	 96.0000	-16.0334	  0.1909	  0.0000	  1.0322
160.0000	 96.0000	-16.0301	  0.1822	  0.0000	  1.0405
192.0000	 96.0000	-15.9234	 -0.0044	  0.0000	  1.0352
224.0000	 96.0000	-15.8048	 -0.2114	  0.0000	  1.0129
256.0000	 96.0000	-15.8284	 -0.3386	  0.0000	  1.0356
288.0000	 96.0000	-16.0379	 -0.2636	  1.0000	  1.0024
320.0000	 96.0000	-16.2432	 -0.1766	  1.0000	  1.0115
352.0000	 96.0000	-16.3413	 -0.1040	  1.0000	  1.0039
384.0000	 96.0000	-16.3106	 -0.0671	  1.0000	  1.0006
416.0000	 96.0000	-16.1955	 -0.0523	  1.0000	  1.0026
448.0000	 96.0000	-16.0470	 -0.0332	  1.0000	  1.0106
480.0000	 96.0000	-15.9087	 -0.0139	  1.0000	  0.0000
512.0000	 96.0000	-15.8071	 -0.0068	  1.0000	  1.0142
544.0000	 96.0000	-15.7777	 -0.0563	  0.0000	  1.0650
576.0000	 96.0000	-15.7763	 -0.0736	  0.0000	  1.0447
608.0000	 96.0000	-15.7908	 -0.0917	  0.0000	  1.0492
640.0000	 96.0000	-15.8376	 -0.1749	  1.0000	  0.0000
672.0000	 96.0000	-15.8633	 -0.2996	  1.0000	  1.0002
704.0000	 96.0000	-15.8423	 -0.4187	  1.0000	  1.0142
736.0000	 96.0000	-15.7642	 -0.5087	  0.0000	  1.0117
768.0000	 96.0000	-15.6482	 -0.4950	  0.0000	  1.0281
800.0000	 96.0000	-15.5572	 -0.4481	  0.0000	  1.0104
832.0000	 96.0000	-15.5826	 -0.3774	  0.0000	  1.0139
864.0000	 96.0000	-15.7088	 -0.2909	  1.0000	  1.0080
896.0000	 96.0000	-15.7759	 -0.2632	  0.0000	  1.0585
928.0000	 96.0000	-15.7702	 -0.2160	  0.0000	  1.0398
960.0000	 96.0000	-15.8091	 -0.1331	  0.0000	  1.0634
992.0000	 96.0000	-15.8384	 -0.0654	  1.0000	  1.0094
1024.0000	 96.0000	-15.8575	 -0.0186	  1.0000	  1.0007
 32.0000	128.0000	-15.9942	 -0.0090	  0.0000	  1.2154
 64.0000	128.0000	-16.0378	  0.0192	  0.0000	  1.0526
 96.0000	128.0000	-16.0641	  0.0744	  0.0000	  1.1233
128.0000	128.0000	-16.0507	  0.1153	  0.0000	  1.0456
160.0000	128.0000	-16.0183	  0.0891	  0.0000	  1.0429
192.0000	128.0000	-15.9407	 -0.0487	  0.0000	  1.0297
224.0000	128.0000	-15.8743	 -0.2162	  1.0000	  1.0094
256.0000	128.0000	-15.8748	 -0.3527	  0.0000	  1.0215
288.0000	128.0000	-16.0023	 -0.2707	  1.0000	  1.0152
320.0000	128.0000	-16.1346	 -0.1665	  1.0000	  1.0009
352.0000	128.0000	-16.1992	 -0.0851	  1.0000	  1.0024
384.0000	128.0000	-16.1743	 -0.0473	  1.0000	  1.0000
416.0000	128.0000	-16.0767	 -0.0366	  1.0000	  0.0000
448.0000	128.0000	-15.9435	 -0.0093	  1.0000	  1.0095
480.0000	128.0000	-15.8063	  0.0287	  1.0000	  1.0178
512.0000	128.0000	-15.6817	  0.0610	  0.0000	  1.0490
544.0000	128.0000	-15.6525	 -0.0332	  0.0000	  1.0477
576.0000	128.0000	-15.6584	 -0.0939	  0.0000	  1.0471
608.0000	128.0000	-15.7131	 -0.1104	  0.0000	  1.1202
640.0000	128.0000	-15.8121	 -0.1497	  1.0000	  1.0016
672.0000	128.0000	-15.8732	 -0.2325	  1.0000	  1.0019
704.0000	128.0000	-15.8698	 -0.3363	  1.0000	  1.0042
736.0000	128.0000	-15.8008	 -0.4316	  0.0000	  1.0304
768.0000	128.0000	-15.7119	 -0.4431	  0.0000	  1.0297
800.0000	128.0000	-15.6464	 -0.3974	  1.0000	  1.0023
832.0000	128.0000	-15.6566	 -0.3331	  1.0000	  1.0029
864.0000	128.0000	-15.7234	 -0.2681	  1.0000	  1.0029
896.0000	128.0000	-15.7608	 -0.2369	  0.0000	  1.0491
928.0000	128.0000	-15.7355	 -0.1481	  0.0000	  1.0360
960.0000	128.0000	-15.7859	 -0.0606	  0.0000	  1.0726
992.0000	128.0000	-15.8330	  0.0091	  1.0000	  1.0026
1024.0000	128.0000	-15.8615	  0.0491	  1.0000	  1.0069
 32.0000	160.0000	-16.0281	  0.0855	  1.0000	  0.0000
 64.0000	160.0000	-16.1020	  0.0588	  0.0000	  1.0135
 96.0000	160.0000	-16.1209	  0.0584	  0.0000	  1.0484
128.0000	160.0000	-16.0468	  0.0866	  0.0000	  1.0241
160.0000	160.0000	-16.0217	  0.1150	  0.0000	  1.0311
192.0000	160.0000	-16.0039	  0.0750	  0.0000	  1.0231
224.0000	160.0000	-16.0120	 -0.0793	  1.0000	  1.0048
256.0000	160.0000	-16.0273	 -0.1834	  1.0000	  1.0058
288.0000	160.0000	-16.0683	 -0.1677	  1.0000	  0.0000
320.0000	160.0000	-16.1118	 -0.0988	  1.0000	  0.0000
352.0000	160.0000	-16.1185	 -0.0314	  1.0000	  1.0059
384.0000	160.0000	-16.0702	 -0.0145	  1.0000	  1.0037
416.0000	160.0000	-15.9679	 -0.0271	  1.0000	  0.0000
448.0000	160.0000	-15.8536	  0.0098	  1.0000	  0.0000
480.0000	160.0000	-15.7517	  0.0568	  1.0000	  1.0522
512.0000	160.0000	-15.6601	  0.0798	  0.0000	  1.0434
544.0000	160.0000	-15.6630	  0.0216	  0.0000	  1.0441
576.0000	160.0000	-15.6695	 -0.0268	  0.0000	  1.0479
608.0000	160.0000	-15.7402	 -0.0357	  0.0000	  1.0995
640.0000	160.0000	-15.8830	 -0.0680	  1.0000	  1.0000
672.0000	160.0000	-15.9632	 -0.1228	  1.0000	  1.0001
704.0000	160.0000	-15.9549	 -0.1965	  1.0000	  1.0015
736.0000	160.0000	-15.8777	 -0.2687	  1.0000	  1.0014
768.0000	160.0000	-15.7886	 -0.2977	  1.0000	  1.0008
800.0000	160.0000	-15.7315	 -0.2779	  1.0000	  0.0000
832.0000	160.0000	-15.7368	 -0.2254	  1.0000	  0.0000
864.0000	160.0000	-15.7844	 -0.1612	  1.0000	  1.0005
896.0000	160.0000	-15.8240	 -0.1080	  1.0000	  1.0015
928.0000	160.0000	-15.8310	 -0.0364	  1.0000	  1.0004
960.0000	160.0000	-15.8586	  0.0256	  1.0000	  1.0017
992.0000	160.0000	-15.8884	  0.0736	  1.0000	  0.0000
1024.0000	160.0000	-15.9111	  0.0994	  1.0000	  0.0000
 32.0000	192.0000	-15.9603	  0.1283	  0.0000	  1.0287
 64.0000	192.0000	-16.0550	  0.0506	  1.0000	  1.0502
 96.0000	192.0000	-16.1325	 -0.0013	  0.0000	  1.0130
128.0000	192.0000	-16.0832	  0.0517	  1.0000	  1.0304
160.0000	192.0000	-16.0820	  0.1336	  0.0000	  1.0464
192.0000	192.0000	-16.1239	  0.1163	  0.0000	  1.0206
224.0000	192.0000	-16.2089	  0.0345	  0.0000	  1.0211
256.0000	192.0000	-16.2244	 -0.0250	  0.0000	  1.0511
288.0000	192.0000	-16.1743	 -0.0614	  1.0000	  0.0000
320.0000	192.0000	-16.1195	 -0.0394	  1.0000	  1.0038
352.0000	192.0000	-16.0494	  0.0107	  0.0000	  1.0345
384.0000	192.0000	-15.9578	 -0.0199	  0.0000	  1.0160
416.0000	192.0000	-15.8347	 -0.0931	  0.0000	  1.0125
448.0000	192.0000	-15.7613	 -0.0259	  0.0000	  1.0406
480.0000	192.0000	-15.7572	  0.0652	  0.0000	  1.0610
512.0000	192.0000	-15.7903	  0.1278	  0.0000	  1.0410
544.0000	192.0000	-15.8933	  0.1094	  0.0000	  1.0327
576.0000	192.0000	-15.9147	  0.0824	  0.0000	  1.0374
608.0000	192.0000	-16.0128	  0.0816	  0.0000	  1.0366
640.0000	192.0000	-16.1822	  0.0582	  1.0000	  1.0004
672.0000	192.0000	-16.2291	  0.0340	  1.0000	  1.0004
704.0000	192.0000	-16.1467	 -0.0103	  1.0000	  1.0141
736.0000	192.0000	-16.0006	 -0.0697	  1.0000	  0.0000
768.0000	192.0000	-15.8696	 -0.1205	  1.0000	  1.0028
800.0000	192.0000	-15.7890	 -0.1346	  1.0000	  1.0031
832.0000	192.0000	-15.7874	 -0.0918	  1.0000	  1.0024
864.0000	192.0000	-15.8458	 -0.0219	  1.0000	  0.0000
896.0000	192.0000	-15.9054	  0.0338	  1.0000	  0.0000
928.0000	192.0000	-15.9323	  0.0848	  1.0000	  1.0100
960.0000	192.0000	-15.9605	  0.1184	  1.0000	  1.0046
992.0000	192.0000	-15.9849	  0.1420	  1.0000	  1.0061
1024.0000	192.0000	-16.0027	  0.1526	  1.0000	  1.0018
 32.0000	224.0000	-15.9334	  0.0812	  0.0000	  1.0449
 64.0000	224.0000	-15.9867	  0.0148	  0.0000	  1.0639
 96.0000	224.0000	-16.0604	 -0.0402	  0.0000	  1.0289
128.0000	224.0000	-16.0765	  0.0076	  0.0000	  1.0314
160.0000	224.0000	-16.1356	  0.0892	  0.0000	  1.0445
192.0000	224.0000	-16.2544	  0.1258	  0.0000	  1.0376
224.0000	224.0000	-16.4096	  0.1198	  0.0000	  1.0243
256.0000	224.0000	-16.3781	  0.0650	  0.0000	  1.0386
288.0000	224.0000	-16.2336	 -0.0302	  0.0000	  1.0320
320.0000	224.0000	-16.0773	 -0.0878	  0.0000	  1.0572
352.0000	224.0000	-15.9073	 -0.0975	  0.0000	  1.0352
384.0000	224.0000	-15.7317	 -0.1892	  0.0000	  1.0418
416.0000	224.0000	-15.6088	 -0.3303	  1.0000	  1.0177
448.0000	224.0000	-15.6279	 -0.2117	  0.0000	  1.0446
480.0000	224.0000	-15.7978	  0.0427	  0.0000	  1.0197
512.0000	224.0000	-15.9854	  0.2305	  0.0000	  1.0218
544.0000	224.0000	-16.2436	  0.2269	  1.0000	  1.0245
576.0000	224.0000	-16.4282	  0.2064	  0.0000	  1.0238
608.0000	224.0000	-16.6867	  0.2149	  1.0000	  1.0069
640.0000	224.0000	-16.8171	  0.2318	  1.0000	  1.0092
672.0000	224.0000	-16.7465	  0.2576	  1.0000	  1.0018
704.0000	224.0000	-16.5102	  0.2514	  1.0000	  1.0016
736.0000	224.0000	-16.2230	  0.1964	  1.0000	  1.0010
768.0000	224.0000	-16.0084	  0.0995	  1.0000	  1.0008
800.0000	224.0000	-15.8731	  0.0254	  1.0000	  1.0073
832.0000	224.0000	-15.8356	  0.0620	  1.0000	  0.0000
864.0000	224.0000	-15.8928	  0.1349	  0.0000	  1.0143
896.0000	224.0000	-15.9756	  0.1706	  0.0000	  1.0311
928.0000	224.0000	-16.0151	  0.2005	  1.0000	  1.0283
960.0000	224.0000	-16.0625	  0.2031	  1.0000	  1.0054
992.0000	224.0000	-16.0990	  0.2031	  1.0000	  1.0012
1024.0000	224.0000	-16.1174	  0.2016	  1.0000	  1.0059
 32.0000	256.0000	-15.9248	  0.0100	  0.0000	  1.0470
 64.0000	256.0000	-15.9583	 -0.0201	  0.0000	  1.0456
 96.0000	256.0000	-16.0394	 -0.0223	  0.0000	  1.0179
128.0000	256.0000	-16.0938	  0.0259	  0.0000	  1.0441
160.0000	256.0000	-16.1916	  0.0738	  0.0000	  1.0409
192.0000	256.0000	-16.3467	  0.1255	  0.0000	  1.0413
224.0000	256.0000	-16.5053	  0.1699	  0.0000	  1.0472
256.0000	256.0000	-16.4168	  0.1069	  0.0000	  1.0460
288.0000	256.0000	-16.1707	 -0.0695	  0.0000	  1.0284
320.0000	256.0000	-15.8923	 -0.2550	  0.0000	  1.0530
352.0000	256.0000	-15.6029	 -0.4049	  0.0000	  1.0302
384.0000	256.0000	-15.3525	 -0.6177	  0.0000	  1.0415
416.0000	256.0000	-15.2324	 -0.8247	  1.0000	  1.0022
448.0000	256.0000	-15.3612	 -0.6523	  1.0000	  0.0000
480.0000	256.0000	-15.7351	 -0.2155	  1.0000	  1.0032
512.0000	256.0000	-16.2025	  0.1608	  0.0000	  1.0118
544.0000	256.0000	-16.7648	  0.2864	  1.0000	  1.0066
576.0000	256.0000	-17.2393	  0.3504	  1.0000	  1.0070
608.0000	256.0000	-17.6170	  0.4133	  1.0000	  1.0007
640.0000	256.0000	-17.7133	  0.5076	  1.0000	  1.0201
672.0000	256.0000	-17.5040	  0.6170	  1.0000	  0.0000
704.0000	256.0000	-17.0684	  0.6748	  1.0000	  1.0000
736.0000	256.0000	-16.5782	  0.6316	  0.0000	  1.0038
768.0000	256.0000	-16.2481	  0.4546	  1.0000	  1.0071
800.0000	256.0000	-16.0220	  0.2655	  0.0000	  1.0073
832.0000	256.0000	-15.8799	  0.2786	  1.0000	  1.0006
864.0000	256.0000	-15.8544	  0.3045	  0.0000	  1.0196
896.0000	256.0000	-15.9361	  0.2895	  0.0000	  1.0323
928.0000	256.0000	-16.0363	  0.2936	  0.0000	  1.0273
960.0000	256.0000	-16.1390	  0.2597	  1.0000	  1.0007
992.0000	256.0000	-16.2070	  0.2424	  1.0000	  0.0000
1024.0000	256.0000	-16.2312	  0.2345	  1.0000	  0.0000
 32.0000	288.0000	-15.8787	 -0.0648	  1.0000	  1.0105
 64.0000	288.0000	-15.9332	 -0.0442	  1.0000	  1.0077
 96.0000	288.0000	-16.0358	  0.0006	  0.0000	  1.0161
128.0000	288.0000	-16.0990	  0.0418	  0.0000	  1.0425
160.0000	288.0000	-16.1971	  0.0550	  0.0000	  1.0397
192.0000	288.0000	-16.3203	  0.1024	  0.0000	  1.0416
224.0000	288.0000	-16.4187	  0.1656	  0.0000	  1.0261
256.0000	288.0000	-16.3201	  0.1154	  0.0000	  1.0514
288.0000	288.0000	-15.9698	 -0.1530	  0.0000	  1.0044
320.0000	288.0000	-15.5303	 -0.4804	  0.0000	  1.0125
352.0000	288.0000	-15.0969	 -0.7927	  0.0000	  1.0181
384.0000	288.0000	-14.8004	 -1.0866	  1.0000	  1.0105
416.0000	288.0000	-14.7248	 -1.1653	  1.0000	  1.0003
448.0000	288.0000	-14.9748	 -0.8477	  1.0000	  0.0000
480.0000	288.0000	-15.5708	 -0.3137	  1.0000	  0.0000
512.0000	288.0000	-16.4191	  0.1297	  1.0000	  0.0000
544.0000	288.0000	-17.3177	  0.3945	  1.0000	  0.0000
576.0000	288.0000	-18.0445	  0.5894	  1.0000	  0.0000
608.0000	288.0000	-18.5221	  0.7737	  1.0000	  1.0017
640.0000	288.0000	-18.6411	  0.9813	  1.0000	  1.0025
672.0000	288.0000	-18.3671	  1.2026	  1.0000	  1.0017
704.0000	288.0000	-17.7999	  1.3458	  1.0000	  1.0070
736.0000	288.0000	-17.1563	  1.3226	  1.0000	  1.0048
768.0000	288.0000	-16.6098	  1.0761	  0.0000	  1.0090
800.0000	288.0000	-16.2640	  0.7964	  0.0000	  1.0154
832.0000	288.0000	-15.9820	  0.6780	  1.0000	  1.0123
864.0000	288.0000	-15.8790	  0.5360	  1.0000	  1.0138
896.0000	288.0000	-15.9094	  0.3865	  1.0000	  1.0003
928.0000	288.0000	-16.0380	  0.3116	  1.0000	  1.0066
960.0000	288.0000	-16.1840	  0.2655	  1.0000	  1.0220
992.0000	288.0000	-16.2817	  0.2480	  1.0000	  0.0000
1024.0000	288.0000	-16.3176	  0.2409	  1.0000	  1.0188
 32.0000	320.0000	-15.8252	 -0.1127	  1.0000	  1.0021
 64.0000	320.0000	-15.8684	 -0.0847	  0.0000	  1.0134
 96.0000	320.0000	-15.9487	 -0.0481	  0.0000	  1.0421
128.0000	320.0000	-16.0125	 -0.0358	  0.0000	  1.0381
160.0000	320.0000	-16.0947	 -0.0216	  0.0000	  1.0374
192.0000	320.0000	-16.1753	  0.0365	  0.0000	  1.0671
224.0000	320.0000	-16.2211	  0.0974	  0.0000	  1.0512
256.0000	320.0000	-16.1234	  0.0465	  0.0000	  1.0350
288.0000	320.0000	-15.6925	 -0.2133	  0.0000	  1.0331
320.0000	320.0000	-15.0671	 -0.5917	  0.0000	  1.0036
352.0000	320.0000	-14.4968	 -0.9583	  1.0000	  1.0024
384.0000	320.0000	-14.1404	 -1.0648	  1.0000	  1.0019
416.0000	320.0000	-14.0778	 -0.9701	  1.0000	  0.0000
448.0000	320.0000	-14.4112	 -0.4785	  0.0000	  1.0272
480.0000	320.0000	-15.1557	  0.0600	  0.0000	  1.0276
512.0000	320.0000	-16.3657	  0.5021	  1.0000	  1.0005
544.0000	320.0000	-17.5872	  0.8322	  1.0000	  1.0011
576.0000	320.0000	-18.5260	  1.1376	  1.0000	  1.0027
608.0000	320.0000	-19.1444	  1.4325	  1.0000	  1.0054
640.0000	320.0000	-19.3699	  1.7491	  1.0000	  1.0075
672.0000	320.0000	-19.1326	  2.0904	  1.0000	  1.0047
704.0000	320.0000	-18.5167	  2.3387	  1.0000	  1.0015
736.0000	320.0000	-17.7625	  2.3811	  1.0000	  1.0031
768.0000	320.0000	-17.0580	  2.1612	  1.0000	  1.0014
800.0000	320.0000	-16.5105	  1.7759	  1.0000	  1.0053
832.0000	320.0000	-16.1294	  1.3554	  1.0000	  1.0012
864.0000	320.0000	-15.9489	  0.9158	  1.0000	  1.0024
896.0000	320.0000	-15.9110	  0.5224	  0.0000	  1.0172
928.0000	320.0000	-16.0514	  0.3429	  1.0000	  1.0002
960.0000	320.0000	-16.2071	  0.2596	  1.0000	  1.0011
992.0000	320.0000	-16.3158	  0.2325	  1.0000	  1.0055
1024.0000	320.0000	-16.3610	  0.2231	  0.0000	  1.0188
 32.0000	352.0000	-15.7930	 -0.1173	  1.0000	  1.0007
 64.0000	352.0000	-15.8223	 -0.1007	  0.0000	  1.0493
 96.0000	352.0000	-15.8488	 -0.0942	  0.0000	  1.0344
128.0000	352.0000	-15.8762	 -0.1002	  0.0000	  1.0317
160.0000	352.0000	-15.9280	 -0.0917	  0.0000	  1.0489
192.0000	352.0000	-15.9687	 -0.0313	  0.0000	  1.0754
224.0000	352.0000	-15.9094	  0.0411	  0.0000	  1.0792
256.0000	352.0000	-15.6237	  0.0507	  0.0000	  1.0115
288.0000	352.0000	-15.0813	 -0.0592	  1.0000	  1.0445
320.0000	352.0000	-14.3739	 -0.3312	  1.0000	  1.0054
352.0000	352.0000	-13.7215	 -0.4857	  1.0000	  1.0021
384.0000	352.0000	-13.3000	 -0.3820	  1.0000	  0.0000
416.0000	352.0000	-13.2474	 -0.0566	  1.0000	  1.0025
448.0000	352.0000	-13.6717	  0.5022	  0.0000	  1.0269
480.0000	352.0000	-14.5552	  1.0444	  0.0000	  1.0300
512.0000	352.0000	-15.9863	  1.4807	  1.0000	  1.0044
544.0000	352.0000	-17.4763	  1.7654	  1.0000	  1.0041
576.0000	352.0000	-18.7025	  2.0213	  1.0000	  1.0103
608.0000	352.0000	-19.4911	  2.3511	  1.0000	  1.0008
640.0000	352.0000	-19.7594	  2.7829	  1.0000	  1.0107
672.0000	352.0000	-19.6304	  3.2282	  1.0000	  1.0058
704.0000	352.0000	-19.0638	  3.5642	  1.0000	  1.0034
736.0000	352.0000	-18.2856	  3.6574	  1.0000	  1.0076
768.0000	352.0000	-17.5029	  3.4315	  1.0000	  1.0028
800.0000	352.0000	-16.8324	  2.9101	  1.0000	  1.0010
832.0000	352.0000	-16.3566	  2.1975	  1.0000	  1.0005
864.0000	352.0000	-16.0992	  1.4433	  1.0000	  1.0042
896.0000	352.0000	-16.0005	  0.7677	  0.0000	  1.0249
928.0000	352.0000	-16.0962	  0.4309	  0.0000	  1.0105
960.0000	352.0000	-16.2137	  0.2771	  1.0000	  1.0012
992.0000	352.0000	-16.3049	  0.2150	  1.0000	  1.0069
1024.0000	352.0000	-16.3421	  0.1923	  1.0000	  1.0169
 32.0000	384.0000	-15.7775	 -0.0715	  1.0000	  1.0057
 64.0000	384.0000	-15.7791	 -0.0976	  0.0000	  1.0370
 96.0000	384.0000	-15.7570	 -0.1361	  0.0000	  1.0292
128.0000	384.0000	-15.7451	 -0.1360	  0.0000	  1.0204
160.0000	384.0000	-15.7670	 -0.1001	  0.0000	  1.0440
192.0000	384.0000	-15.7591	  0.0032	  0.0000	  1.0390
224.0000	384.0000	-15.5804	  0.1657	  0.0000	  1.0648
256.0000	384.0000	-15.1362	  0.3687	  0.0000	  1.0228
288.0000	384.0000	-14.4181	  0.5827	  1.0000	  1.0294
320.0000	384.0000	-13.5619	  0.7052	  1.0000	  1.0023
352.0000	384.0000	-12.7791	  0.9543	  1.0000	  1.0055
384.0000	384.0000	-12.2541	  1.3754	  1.0000	  1.0046
416.0000	384.0000	-12.1609	  1.9080	  1.0000	  1.0042
448.0000	384.0000	-12.6221	  2.4853	  1.0000	  0.0000
480.0000	384.0000	-13.6438	  2.9834	  1.0000	  1.0088
512.0000	384.0000	-15.1475	  3.2561	  1.0000	  1.0049
544.0000	384.0000	-16.7891	  3.3439	  1.0000	  1.0089
576.0000	384.0000	-18.2400	  3.4092	  1.0000	  0.0000
608.0000	384.0000	-19.2546	  3.6087	  1.0000	  1.0010
640.0000	384.0000	-19.7364	  3.9775	  1.0000	  1.0012
672.0000	384.0000	-19.7280	  4.4334	  1.0000	  1.0021
704.0000	384.0000	-19.2747	  4.7862	  1.0000	  1.0016
736.0000	384.0000	-18.5647	  4.8802	  1.0000	  1.0075
768.0000	384.0000	-17.8131	  4.6374	  1.0000	  1.0043
800.0000	384.0000	-17.1209	  4.0096	  1.0000	  1.0065
832.0000	384.0000	-16.5944	  3.0865	  1.0000	  1.0117
864.0000	384.0000	-16.2722	  2.0796	  1.0000	  1.0054
896.0000	384.0000	-16.1254	  1.1648	  0.0000	  1.0007
928.0000	384.0000	-16.1258	  0.6508	  1.0000	  1.0036
960.0000	384.0000	-16.1974	  0.3625	  1.0000	  1.0004
992.0000	384.0000	-16.2612	  0.2191	  1.0000	  1.0035
1024.0000	384.0000	-16.2872	  0.1592	  1.0000	  1.0002
 32.0000	416.0000	-15.7589	  0.0275	  1.0000	  1.0130
 64.0000	416.0000	-15.7360	 -0.0229	  1.0000	  1.0006
 96.0000	416.0000	-15.6916	 -0.1204	  0.0000	  1.0149
128.0000	416.0000	-15.6624	 -0.1157	  1.0000	  0.0000
160.0000	416.0000	-15.6081	 -0.0225	  1.0000	  1.0055
192.0000	416.0000	-15.4916	  0.2065	  1.0000	  1.0178
224.0000	416.0000	-15.1820	  0.5890	  1.0000	  1.0138
256.0000	416.0000	-14.5647	  1.1298	  1.0000	  1.0007
288.0000	416.0000	-13.6612	  1.8020	  1.0000	  1.0052
320.0000	416.0000	-12.6215	  2.5317	  1.0000	  1.0055
352.0000	416.0000	-11.6586	  3.3335	  1.0000	  1.0029
384.0000	416.0000	-10.9875	  4.1599	  1.0000	  1.0053
416.0000	416.0000	-10.8048	  4.9114	  1.0000	  1.0001
448.0000	416.0000	-11.2351	  5.4784	  1.0000	  1.0003
480.0000	416.0000	-12.2736	  5.7738	  1.0000	  1.0033
512.0000	416.0000	-13.7875	  5.7541	  1.0000	  1.0112
544.0000	416.0000	-15.4946	  5.5114	  1.0000	  1.0007
576.0000	416.0000	-17.0928	  5.2371	  1.0000	  0.0000
608.0000	416.0000	-18.3159	  5.1260	  1.0000	  1.0004
640.0000	416.0000	-19.0409	  5.2462	  1.0000	  1.0041
672.0000	416.0000	-19.2605	  5.5397	  1.0000	  1.0017
704.0000	416.0000	-19.0301	  5.7920	  1.0000	  1.0087
736.0000	416.0000	-18.4950	  5.8180	  1.0000	  1.0031
768.0000	416.0000	-17.8977	  5.5833	  1.0000	  1.0030
800.0000	416.0000	-17.2942	  4.9246	  1.0000	  1.0033
832.0000	416.0000	-16.7942	  3.9148	  1.0000	  1.0010
864.0000	416.0000	-16.4445	  2.7848	  1.0000	  1.0025
896.0000	416.0000	-16.2441	  1.7412	  1.0000	  1.0017
928.0000	416.0000	-16.1721	  0.9982	  1.0000	  0.0000
960.0000	416.0000	-16.1831	  0.5231	  1.0000	  0.0000
992.0000	416.0000	-16.2055	  0.2559	  1.0000	  0.0000
1024.0000	416.0000	-16.2178	  0.1340	  1.0000	  0.0000
 32.0000	448.0000	-15.7267	  0.1518	  0.0000	  1.0155
 64.0000	448.0000	-15.6849	  0.1149	  0.0000	  1.0089
 96.0000	448.0000	-15.6169	 -0.0012	  1.0000	  0.0000
128.0000	448.0000	-15.5610	 -0.0699	  1.0000	  1.0005
160.0000	448.0000	-15.4492	  0.0501	  1.0000	  1.0127
192.0000	448.0000	-15.2549	  0.4409	  1.0000	  1.0016
224.0000	448.0000	-14.7940	  1.1250	  1.0000	  1.0030
256.0000	448.0000	-13.9792	  2.0972	  1.0000	  0.0000
288.0000	448.0000	-12.8453	  3.3248	  1.0000	  0.0000
320.0000	448.0000	-11.5576	  4.7107	  1.0000	  0.0000
352.0000	448.0000	-10.3579	  6.1133	  1.0000	  1.0021
384.0000	448.0000	 -9.5034	  7.3867	  1.0000	  1.0037
416.0000	448.0000	 -9.1969	  8.3852	  1.0000	  1.0125
448.0000	448.0000	 -9.5580	  8.9712	  1.0000	  1.0073
480.0000	448.0000	-10.5752	  9.0654	  1.0000	  1.0028
512.0000	448.0000	-12.0904	  8.6996	  1.0000	  1.0018
544.0000	448.0000	-13.8329	  8.0257	  1.0000	  1.0070
576.0000	448.0000	-15.5182	  7.2756	  1.0000	  1.0054
608.0000	448.0000	-16.9009	  6.6834	  1.0000	  1.0018
640.0000	448.0000	-17.8450	  6.3761	  1.0000	  1.0008
672.0000	448.0000	-18.3176	  6.3498	  1.0000	  1.0023
704.0000	448.0000	-18.3667	  6.4205	  1.0000	  1.0029
736.0000	448.0000	-18.1135	  6.3978	  1.0000	  1.0124
768.0000	448.0000	-17.7261	  6.1416	  1.0000	  1.0032
800.0000	448.0000	-17.2963	  5.5209	  1.0000	  1.0037
832.0000	448.0000	-16.9074	  4.5503	  1.0000	  1.0051
864.0000	448.0000	-16.5997	  3.4124	  1.0000	  1.0109
896.0000	448.0000	-16.3870	  2.2965	  1.0000	  1.0000
928.0000	448.0000	-16.2655	  1.3896	  1.0000	  1.0088
960.0000	448.0000	-16.2088	  0.7389	  1.0000	  1.0053
992.0000	448.0000	-16.1787	  0.3322	  1.0000	  1.0082
1024.0000	448.0000	-16.1658	  0.1326	  1.0000	  1.0012
 32.0000	480.0000	-15.6233	  0.2221	  0.0000	  1.0392
 64.0000	480.0000	-15.5625	  0.1866	  0.0000	  1.0290
 96.0000	480.0000	-15.4885	  0.0878	  0.0000	  1.0176
128.0000	480.0000	-15.4289	 -0.0534	  0.0000	  1.0267
160.0000	480.0000	-15.2578	  0.1141	  0.0000	  1.0141
192.0000	480.0000	-15.0339	  0.6898	  0.0000	  1.0362
224.0000	480.0000	-14.4351	  1.7062	  1.0000	  1.0012
256.0000	480.0000	-13.4190	  3.1274	  1.0000	  1.0002
288.0000	480.0000	-12.0399	  4.9104	  1.0000	  1.0059
320.0000	480.0000	-10.4771	  6.9153	  1.0000	  1.0018
352.0000	480.0000	 -9.0214	  8.8805	  1.0000	  1.0042
384.0000	480.0000	 -7.9805	 10.5759	  1.0000	  0.0000
416.0000	480.0000	 -7.5382	 11.8344	  1.0000	  0.0000
448.0000	480.0000	 -7.8116	 12.4868	  1.0000	  1.0093
480.0000	480.0000	 -8.7998	 12.4099	  1.0000	  1.0052
512.0000	480.0000	-10.3168	 11.6853	  1.0000	  1.0001
544.0000	480.0000	-12.0746	 10.5248	  1.0000	  1.0007
576.0000	480.0000	-13.8063	  9.2036	  1.0000	  0.0000
608.0000	480.0000	-15.2891	  8.0074	  1.0000	  1.0028
640.0000	480.0000	-16.3948	  7.1420	  1.0000	  1.0017
672.0000	480.0000	-17.0814	  6.6755	  1.0000	  1.0021
704.0000	480.0000	-17.3882	  6.4866	  1.0000	  1.0016
736.0000	480.0000	-17.4127	  6.3901	  1.0000	  1.0001
768.0000	480.0000	-17.2776	  6.1834	  1.0000	  1.0005
800.0000	480.0000	-17.0762	  5.7159	  1.0000	  1.0002
832.0000	480.0000	-16.8707	  4.9342	  1.0000	  0.0000
864.0000	480.0000	-16.6791	  3.9236	  1.0000	  1.0075
896.0000	480.0000	-16.5123	  2.8279	  1.0000	  0.0000
928.0000	480.0000	-16.3818	  1.8347	  1.0000	  0.0000
960.0000	480.0000	-16.2816	  1.0420	  1.0000	  1.0001
992.0000	480.0000	-16.2022	  0.4916	  1.0000	  1.0024
1024.0000	480.0000	-16.1571	  0.2009	  1.0000	  1.0015
 32.0000	512.0000	-15.4502	  0.2646	  0.0000	  1.0252
 64.0000	512.0000	-15.3941	  0.2018	  0.0000	  1.0208
 96.0000	512.0000	-15.3670	  0.0871	  0.0000	  1.0219
128.0000	512.0000	-15.3604	  0.0040	  0.0000	  1.0154
160.0000	512.0000	-15.1866	  0.2237	  0.0000	  1.0046
192.0000	512.0000	-14.8969	  0.9139	  0.0000	  1.0175
224.0000	512.0000	-14.1249	  2.2536	  1.0000	  1.0216
256.0000	512.0000	-12.9197	  4.0720	  1.0000	  1.0190
288.0000	512.0000	-11.3231	  6.3182	  1.0000	  1.0021
320.0000	512.0000	 -9.5299	  8.8126	  1.0000	  1.0026
352.0000	512.0000	 -7.8807	 11.2060	  1.0000	  0.0000
384.0000	512.0000	 -6.7157	 13.2113	  1.0000	  1.0065
416.0000	512.0000	 -6.1535	 14.7141	  1.0000	  1.0067
448.0000	512.0000	 -6.3192	 15.5012	  1.0000	  1.0032
480.0000	512.0000	 -7.2580	 15.3215	  1.0000	  1.0051
512.0000	512.0000	 -8.7597	 14.2805	  1.0000	  1.0031
544.0000	512.0000	-10.5059	 12.6572	  1.0000	  1.0091
576.0000	512.0000	-12.2420	 10.7564	  1.0000	  1.0011
608.0000	512.0000	-13.7616	  8.9239	  1.0000	  1.0051
640.0000	512.0000	-14.9568	  7.4619	  1.0000	  1.0014
672.0000	512.0000	-15.7844	  6.5058	  1.0000	  1.0028
704.0000	512.0000	-16.2822	  6.0252	  1.0000	  1.0003
736.0000	512.0000	-16.5347	  5.8614	  1.0000	  1.0009
768.0000	512.0000	-16.6436	  5.7756	  1.0000	  1.0029
800.0000	512.0000	-16.6908	  5.5738	  1.0000	  1.0119
832.0000	512.0000	-16.7174	  5.1292	  1.0000	  0.0000
864.0000	512.0000	-16.7016	  4.3863	  1.0000	  1.0122
896.0000	512.0000	-16.6344	  3.4178	  1.0000	  1.0021
928.0000	512.0000	-16.5371	  2.4138	  1.0000	  1.0019
960.0000	512.0000	-16.4199	  1.5124	  1.0000	  1.0012
992.0000	512.0000	-16.2970	  0.8161	  1.0000	  0.0000
1024.0000	512.0000	-16.2165	  0.4202	  1.0000	  1.0070
 32.0000	544.0000	-15.2637	  0.2438	  1.0000	  0.0000
 64.0000	544.0000	-15.2468	  0.1995	  0.0000	  1.0222
 96.0000	544.0000	-15.3304	  0.1454	  1.0000	  1.0223
128.0000	544.0000	-15.3655	  0.1658	  1.0000	  1.0258
160.0000	544.0000	-15.2280	  0.4473	  1.0000	  1.0143
192.0000	544.0000	-14.8506	  1.1695	  0.0000	  1.0047
224.0000	544.0000	-13.9591	  2.7041	  1.0000	  1.0280
256.0000	544.0000	-12.5642	  4.8262	  1.0000	  1.0166
288.0000	544.0000	-10.7816	  7.4080	  1.0000	  1.0085
320.0000	544.0000	 -8.8100	 10.2464	  1.0000	  1.0009
352.0000	544.0000	 -7.0367	 12.9172	  1.0000	  1.0060
384.0000	544.0000	 -5.8369	 15.0750	  1.0000	  1.0097
416.0000	544.0000	 -5.1743	 16.7807	  1.0000	  1.0007
448.0000	544.0000	 -5.2135	 17.7355	  1.0000	  0.0000
480.0000	544.0000	 -6.1075	 17.4801	  1.0000	  1.0107
512.0000	544.0000	 -7.5990	 16.1616	  1.0000	  0.0000
544.0000	544.0000	 -9.3136	 14.1657	  1.0000	  1.0014
576.0000	544.0000	-11.0247	 11.7718	  1.0000	  1.0026
608.0000	544.0000	-12.5382	  9.3942	  1.0000	  1.0178
640.0000	544.0000	-13.7656	  7.4249	  1.0000	  1.0108
672.0000	544.0000	-14.6625	  6.0444	  1.0000	  1.0006
704.0000	544.0000	-15.2685	  5.2942	  1.0000	  1.0087
736.0000	544.0000	-15.6718	  5.0860	  1.0000	  0.0000
768.0000	544.0000	-15.9743	  5.1596	  1.0000	  1.0138
800.0000	544.0000	-16.2454	  5.2737	  1.0000	  1.0094
832.0000	544.0000	-16.5082	  5.2358	  1.0000	  1.0007
864.0000	544.0000	-16.6930	  4.8546	  1.0000	  1.0075
896.0000	544.0000	-16.7571	  4.0995	  1.0000	  1.0154
928.0000	544.0000	-16.7248	  3.1526	  1.0000	  1.0118
960.0000	544.0000	-16.6152	  2.1828	  1.0000	  1.0037
992.0000	544.0000	-16.4602	  1.3554	  1.0000	  1.0044
1024.0000	544.0000	-16.3484	  0.8611	  1.0000	  1.0129
 32.0000	576.0000	-15.2133	  0.2198	  1.0000	  1.0040
 64.0000	576.0000	-15.2854	  0.2040	  1.0000	  1.0059
 96.0000	576.0000	-15.4076	  0.2012	  1.0000	  1.0024
128.0000	576.0000	-15.4646	  0.2967	  1.0000	  1.0071
160.0000	576.0000	-15.3357	  0.6621	  1.0000	  1.0014
192.0000	576.0000	-14.8867	  1.5105	  1.0000	  1.0001
224.0000	576.0000	-13.9044	  3.0822	  1.0000	  1.0009
256.0000	576.0000	-12.3841	  5.3318	  1.0000	  1.0023
288.0000	576.0000	-10.4456	  8.1282	  1.0000	  1.0046
320.0000	576.0000	 -8.3216	 11.2066	  1.0000	  1.0019
352.0000	576.0000	 -6.4145	 14.1082	  1.0000	  0.0000
384.0000	576.0000	 -5.1084	 16.4719	  1.0000	  1.0033
416.0000	576.0000	 -4.3432	 18.3680	  1.0000	  1.0084
448.0000	576.0000	 -4.4185	 19.2804	  1.0000	  1.0019
480.0000	576.0000	 -5.3537	 18.8777	  1.0000	  1.0010
512.0000	576.0000	 -6.8792	 17.2965	  1.0000	  1.0013
544.0000	576.0000	 -8.5570	 15.0722	  1.0000	  1.0098
576.0000	576.0000	-10.2349	 12.3531	  1.0000	  1.0002
608.0000	576.0000	-11.7303	  9.6198	  1.0000	  1.0017
640.0000	576.0000	-12.9684	  7.3370	  1.0000	  1.0058
672.0000	576.0000	-13.8881	  5.6608	  1.0000	  1.0046
704.0000	576.0000	-14.5307	  4.6677	  1.0000	  0.0000
736.0000	576.0000	-15.0111	  4.3984	  1.0000	  1.0018
768.0000	576.0000	-15.4377	  4.5909	  1.0000	  0.0000
800.0000	576.0000	-15.8699	  4.9600	  1.0000	  1.0109
832.0000	576.0000	-16.3145	  5.2557	  1.0000	  1.0005
864.0000	576.0000	-16.6632	  5.1849	  1.0000	  1.0023
896.0000	576.0000	-16.8438	  4.6342	  1.0000	  1.0040
928.0000	576.0000	-16.8788	  3.7718	  1.0000	  1.0036
960.0000	576.0000	-16.7920	  2.7905	  1.0000	  1.0028
992.0000	576.0000	-16.6317	  1.9210	  1.0000	  1.0025
1024.0000	576.0000	-16.5246	  1.4519	  1.0000	  1.0081
 32.0000	608.0000	-15.2087	  0.2092	  1.0000	  1.0294
 64.0000	608.0000	-15.3251	  0.2128	  1.0000	  1.0166
 96.0000	608.0000	-15.4733	  0.2413	  1.0000	  1.0047
128.0000	608.0000	-15.5430	  0.3823	  1.0000	  0.0000
160.0000	608.0000	-15.4132	  0.8096	  1.0000	  1.0015
192.0000	608.0000	-14.9308	  1.7250	  1.0000	  1.0012
224.0000	608.0000	-13.8964	  3.3186	  1.0000	  1.0015
256.0000	608.0000	-12.3029	  5.6228	  1.0000	  0.0000
288.0000	608.0000	-10.2739	  8.5230	  1.0000	  0.0000
320.0000	608.0000	 -8.0479	 11.7347	  1.0000	  1.0053
352.0000	608.0000	 -6.0225	 14.8053	  1.0000	  1.0100
384.0000	608.0000	 -4.5873	 17.3684	  1.0000	  1.0089
416.0000	608.0000	 -3.8400	 19.2721	  1.0000	  0.0000
448.0000	608.0000	 -3.9715	 20.1251	  1.0000	  1.0003
480.0000	608.0000	 -4.9421	 19.6471	  1.0000	  1.0007
512.0000	608.0000	 -6.4674	 17.9893	  1.0000	  1.0034
544.0000	608.0000	 -8.1612	 15.5587	  1.0000	  1.0034
576.0000	608.0000	 -9.8354	 12.6359	  1.0000	  1.0058
608.0000	608.0000	-11.3272	  9.7338	  1.0000	  1.0049
640.0000	608.0000	-12.5851	  7.3616	  1.0000	  1.0051
672.0000	608.0000	-13.5080	  5.5402	  1.0000	  1.0033
704.0000	608.0000	-14.1344	  4.3257	  1.0000	  0.0000
736.0000	608.0000	-14.6354	  3.9840	  1.0000	  1.0048
768.0000	608.0000	-15.1209	  4.2349	  1.0000	  1.0013
800.0000	608.0000	-15.6409	  4.7533	  1.0000	  0.0000
832.0000	608.0000	-16.1916	  5.2521	  1.0000	  1.0073
864.0000	608.0000	-16.6401	  5.3768	  1.0000	  1.0021
896.0000	608.0000	-16.8949	  4.9620	  1.0000	  1.0032
928.0000	608.0000	-16.9764	  4.1659	  1.0000	  1.0002
960.0000	608.0000	-16.9092	  3.1902	  1.0000	  0.0000
992.0000	608.0000	-16.7473	  2.2978	  1.0000	  1.0036
1024.0000	608.0000	-16.6391	  1.8304	  1.0000	  1.0083
