 32.0000	 32.0000	  4.0609	-18.0728	  1.0000	  1.0055
 64.0000	 32.0000	  4.2053	-17.7466	  1.0000	  1.0065
 96.0000	 32.0000	  4.4688	-16.8184	  1.0000	  0.0000
128.0000	 32.0000	  4.8106	-15.0444	  1.0000	  1.0099
160.0000	 32.0000	  5.1495	-12.3284	  1.0000	  0.0000
192.0000	 32.0000	  5.4096	 -8.8261	  1.0000	  1.0002
224.0000	 32.0000	  5.5372	 -5.0516	  1.0000	  1.0072
256.0000	 32.0000	  5.5215	 -1.8343	  1.0000	  1.0038
288.0000	 32.0000	  5.4331	  0.2025	  1.0000	  1.0010
320.0000	 32.0000	  5.3949	  0.6061	  1.0000	  1.0018
352.0000	 32.0000	  5.4870	 -0.6324	  1.0000	  1.0015
384.0000	 32.0000	  5.6622	 -2.5575	  1.0000	  1.0014
416.0000	 32.0000	  5.9824	 -5.1753	  1.0000	  1.0006
448.0000	 32.0000	  6.3849	 -8.0092	  1.0000	  1.0067
480.0000	 32.0000	  6.7779	-10.5449	  1.0000	  1.0006
512.0000	 32.0000	  7.1092	-12.5157	  1.0000	  1.0043
544.0000	 32.0000	  7.3507	-13.8601	  1.0000	  1.0035
576.0000	 32.0000	  7.4597	-14.6181	  1.0000	  1.0020
608.0000	 32.0000	  7.3214	-14.7783	  1.0000	  1.0010
640.0000	 32.0000	  6.7111	-14.1834	  1.0000	  1.0018
672.0000	 32.0000	  5.4232	-12.6666	  1.0000	  0.0000
704.0000	 32.0000	  3.7416	-10.6464	  1.0000	  1.0022
736.0000	 32.0000	  2.0461	 -8.6173	  1.0000	  1.0032
768.0000	 32.0000	  0.7361	 -7.0661	  1.0000	  1.0010
800.0000	 32.0000	  0.1300	 -6.3696	  1.0000	  1.0066
832.0000	 32.0000	 -0.0360	 -6.2079	  1.0000	  1.0017
864.0000	 32.0000	 -0.0292	 -6.2513	  1.0000	  1.0017
896.0000	 32.0000	  0.0103	 -6.3240	  1.0000	  1.0026
928.0000	 32.0000	  0.0376	 -6.3696	  1.0000	  1.0040
960.0000	 32.0000	  0.0493	 -6.3874	  1.0000	  1.0029
992.0000	 32.0000	  0.0523	 -6.3904	  1.0000	  1.0065
1024.0000	 32.0000	  0.0526	 -6.3894	  1.0000	  1.0012
 32.0000	 64.0000	  4.5026	-18.0831	  1.0000	  0.0000
 64.0000	 64.0000	  4.6909	-17.7827	  1.0000	  0.0000
 96.0000	 64.0000	  5.0268	-16.9208	  1.0000	  1.0037
128.0000	 64.0000	  5.4564	-15.2576	  1.0000	  1.0070
160.0000	 64.0000	  5.8730	-12.6909	  1.0000	  1.0007
192.0000	 64.0000	  6.1673	 -9.3687	  1.0000	  1.0005
224.0000	 64.0000	  6.2660	 -5.7948	  1.0000	  1.0013
256.0000	 64.0000	  6.1544	 -2.7591	  1.0000	  0.0000
288.0000	 64.0000	  5.9073	 -0.7765	  1.0000	  1.0026
320.0000	 64.0000	  5.6727	 -0.2467	  1.0000	  1.0003
352.0000	 64.0000	  5.5783	 -1.2852	  1.0000	  1.0009
384.0000	 64.0000	  5.6368	 -3.2323	  1.0000	  1.0060
416.0000	 64.0000	  5.8825	 -5.8103	  1.0000	  1.0074
448.0000	 64.0000	  6.2373	 -8.5414	  1.0000	  1.0016
480.0000	 64.0000	  6.5984	-10.9522	  1.0000	  1.0069
512.0000	 64.0000	  6.9068	-12.8073	  1.0000	  1.0000
544.0000	 64.0000	  7.1203	-14.0557	  1.0000	  1.0022
576.0000	 64.0000	  7.1861	-14.7350	  1.0000	  1.0020
608.0000	 64.0000	  6.9955	-14.8336	  1.0000	  1.0033
640.0000	 64.0000	  6.3463	-14.1939	  1.0000	  1.0003
672.0000	 64.0000	  5.1177	-12.6912	  1.0000	  1.0014
704.0000	 64.0000	  3.5242	-10.6859	  1.0000	  1.0026
736.0000	 64.0000	  1.9175	 -8.6593	  1.0000	  1.0111
768.0000	 64.0000	  0.6810	 -7.0987	  1.0000	  1.0066
800.0000	 64.0000	  0.1186	 -6.3860	  1.0000	  1.0054
832.0000	 64.0000	 -0.0294	 -6.2114	  1.0000	  1.0024
864.0000	 64.0000	 -0.0200	 -6.2490	  1.0000	  1.0008
896.0000	 64.0000	  0.0165	 -6.3209	  1.0000	  1.0031
928.0000	 64.0000	  0.0403	 -6.3679	  1.0000	  1.0018
960.0000	 64.0000	  0.0497	 -6.3869	  1.0000	  1.0013
992.0000	 64.0000	  0.0519	 -6.3907	  1.0000	  1.0018
1024.0000	 64.0000	  0.0518	 -6.3900	  1.0000	  1.0049
 32.0000	 96.0000	  5.3688	-18.1021	  1.0000	  1.0158
 64.0000	 96.0000	  5.6352	-17.8477	  1.0000	  1.0099
 96.0000	 96.0000	  6.0935	-17.1061	  1.0000	  0.0000
128.0000	 96.0000	  6.6710	-15.6443	  1.0000	  1.0014
160.0000	 96.0000	  7.2220	-13.3500	  1.0000	  1.0001
192.0000	 96.0000	  7.5688	-10.3521	  1.0000	  1.0069
224.0000	 96.0000	  7.6024	 -7.1318	  1.0000	  1.0044
256.0000	 96.0000	  7.3072	 -4.4391	  1.0000	  1.0008
288.0000	 96.0000	  6.7678	 -2.5974	  1.0000	  1.0010
320.0000	 96.0000	  6.1760	 -1.9359	  1.0000	  1.0026
352.0000	 96.0000	  5.7588	 -2.8459	  1.0000	  1.0048
384.0000	 96.0000	  5.5607	 -4.6079	  1.0000	  1.0015
416.0000	 96.0000	  5.6382	 -6.9937	  1.0000	  1.0019
448.0000	 96.0000	  5.8907	 -9.4911	  1.0000	  1.0012
480.0000	 96.0000	  6.1844	-11.6569	  1.0000	  1.0007
512.0000	 96.0000	  6.4496	-13.3044	  1.0000	  1.0001
544.0000	 96.0000	  6.6115	-14.3870	  1.0000	  1.0082
576.0000	 96.0000	  6.6034	-14.9404	  1.0000	  1.0039
608.0000	 96.0000	  6.3138	-14.9407	  1.0000	  1.0059
640.0000	 96.0000	  5.5661	-14.2175	  1.0000	  1.0007
672.0000	 96.0000	  4.4525	-12.7598	  1.0000	  1.0004
704.0000	 96.0000	  3.0253	-10.7868	  1.0000	  1.0026
736.0000	 96.0000	  1.6002	 -8.7696	  1.0000	  1.0095
768.0000	 96.0000	  0.5266	 -7.1915	  1.0000	  1.0030
800.0000	 96.0000	  0.0717	 -6.4364	  1.0000	  1.0064
832.0000	 96.0000	 -0.0266	 -6.2262	  1.0000	  1.0040
864.0000	 96.0000	 -0.0051	 -6.2470	  1.0000	  1.0142
896.0000	 96.0000	  0.0280	 -6.3154	  1.0000	  1.0085
928.0000	 96.0000	  0.0456	 -6.3642	  0.0000	  1.0026
960.0000	 96.0000	  0.0508	 -6.3859	  1.0000	  1.0016
992.0000	 96.0000	  0.0509	 -6.3913	  1.0000	  0.0000
1024.0000	 96.0000	  0.0502	 -6.3913	  1.0000	  1.0013
 32.0000	128.0000	  6.7304	-18.1382	  1.0000	  1.0018
 64.0000	128.0000	  7.0925	-17.9426	  1.0000	  1.0081
 96.0000	128.0000	  7.6911	-17.3688	  1.0000	  1.0004
128.0000	128.0000	  8.4420	-16.1879	  1.0000	  1.0034
160.0000	128.0000	  9.1427	-14.2720	  1.0000	  1.0009
192.0000	128.0000	  9.5365	-11.7051	  1.0000	  1.0053
224.0000	128.0000	  9.4430	 -8.8798	  1.0000	  1.0008
256.0000	128.0000	  8.8295	 -6.4128	  1.0000	  1.0161
288.0000	128.0000	  7.8607	 -4.7220	  1.0000	  1.0012
320.0000	128.0000	  6.8050	 -4.1566	  1.0000	  1.0039
352.0000	128.0000	  5.9219	 -4.9012	  1.0000	  1.0122
384.0000	128.0000	  5.3650	 -6.5335	  1.0000	  1.0006
416.0000	128.0000	  5.1936	 -8.6600	  1.0000	  1.0035
448.0000	128.0000	  5.2907	-10.8098	  1.0000	  1.0029
480.0000	128.0000	  5.4748	-12.6131	  1.0000	  1.0019
512.0000	128.0000	  5.6718	-13.9704	  1.0000	  1.0066
544.0000	128.0000	  5.7514	-14.8252	  1.0000	  1.0028
576.0000	128.0000	  5.6445	-15.2227	  1.0000	  1.0009
608.0000	128.0000	  5.2599	-15.1451	  1.0000	  1.0044
640.0000	128.0000	  4.4784	-14.4267	  1.0000	  1.0003
672.0000	128.0000	  3.3889	-12.9430	  1.0000	  1.0026
704.0000	128.0000	  2.1555	-10.9861	  1.0000	  1.0118
736.0000	128.0000	  1.0090	 -8.9865	  1.0000	  1.0032
768.0000	128.0000	  0.2133	 -7.3857	  1.0000	  1.0059
800.0000	128.0000	 -0.0412	 -6.5445	  1.0000	  1.0012
832.0000	128.0000	 -0.0398	 -6.2619	  1.0000	  1.0010
864.0000	128.0000	  0.0118	 -6.2477	  1.0000	  1.0033
896.0000	128.0000	  0.0444	 -6.3071	  1.0000	  1.0114
928.0000	128.0000	  0.0542	 -6.3579	  1.0000	  1.0025
960.0000	128.0000	  0.0531	 -6.3835	  1.0000	  1.0011
992.0000	128.0000	  0.0499	 -6.3918	  1.0000	  1.0013
1024.0000	128.0000	  0.0480	 -6.3931	  1.0000	  1.0001
 32.0000	160.0000	  8.3571	-18.1967	  1.0000	  1.0079
 64.0000	160.0000	  8.8231	-18.0586	  1.0000	  1.0082
 96.0000	160.0000	  9.5454	-17.6753	  1.0000	  1.0064
128.0000	160.0000	 10.4596	-16.8160	  1.0000	  0.0000
160.0000	160.0000	 11.3073	-15.3504	  1.0000	  1.0014
192.0000	160.0000	 11.7451	-13.3162	  1.0000	  1.0039
224.0000	160.0000	 11.4987	-11.0069	  1.0000	  1.0033
256.0000	160.0000	 10.5211	 -8.9115	  1.0000	  1.0041
288.0000	160.0000	  9.0748	 -7.4494	  1.0000	  1.0028
320.0000	160.0000	  7.4694	 -6.9585	  1.0000	  1.0000
352.0000	160.0000	  6.0294	 -7.5331	  1.0000	  1.0045
384.0000	160.0000	  5.0159	 -8.8872	  1.0000	  1.0028
416.0000	160.0000	  4.5270	-10.6252	  1.0000	  1.0003
448.0000	160.0000	  4.4388	-12.3371	  1.0000	  1.0018
480.0000	160.0000	  4.5103	-13.7263	  1.0000	  1.0096
512.0000	160.0000	  4.5837	-14.7050	  1.0000	  1.0052
544.0000	160.0000	  4.5388	-15.2776	  1.0000	  1.0001
576.0000	160.0000	  4.3033	-15.4883	  1.0000	  1.0029
608.0000	160.0000	  3.8013	-15.3143	  1.0000	  1.0002
640.0000	160.0000	  2.9659	-14.5832	  1.0000	  1.0016
672.0000	160.0000	  1.9664	-13.1293	  1.0000	  1.0008
704.0000	160.0000	  0.9997	-11.2283	  1.0000	  1.0020
736.0000	160.0000	  0.2152	 -9.2722	  1.0000	  1.0017
768.0000	160.0000	 -0.2207	 -7.6540	  1.0000	  1.0010
800.0000	160.0000	 -0.2118	 -6.7037	  1.0000	  1.0002
832.0000	160.0000	 -0.0688	 -6.3169	  1.0000	  1.0022
864.0000	160.0000	  0.0310	 -6.2493	  1.0000	  1.0001
896.0000	160.0000	  0.0673	 -6.2935	  1.0000	  1.0002
928.0000	160.0000	  0.0680	 -6.3463	  1.0000	  0.0000
960.0000	160.0000	  0.0584	 -6.3779	  1.0000	  1.0008
992.0000	160.0000	  0.0503	 -6.3907	  1.0000	  1.0040
1024.0000	160.0000	  0.0464	 -6.3942	  1.0000	  1.0002
 32.0000	192.0000	  9.8708	-18.2967	  1.0000	  1.0446
 64.0000	192.0000	 10.4063	-18.2300	  1.0000	  1.0211
 96.0000	192.0000	 11.2454	-17.9988	  1.0000	  1.0059
128.0000	192.0000	 12.2972	-17.4419	  1.0000	  1.0011
160.0000	192.0000	 13.2830	-16.4407	  1.0000	  1.0010
192.0000	192.0000	 13.7765	-14.9888	  1.0000	  1.0041
224.0000	192.0000	 13.3915	-13.2793	  1.0000	  1.0021
256.0000	192.0000	 12.0629	-11.6674	  1.0000	  1.0060
288.0000	192.0000	 10.1851	-10.4932	  1.0000	  1.0025
320.0000	192.0000	  8.0274	-10.0542	  1.0000	  0.0000
352.0000	192.0000	  6.0058	-10.4161	  1.0000	  1.0053
384.0000	192.0000	  4.4939	-11.3767	  1.0000	  1.0159
416.0000	192.0000	  3.6467	-12.6197	  1.0000	  0.0000
448.0000	192.0000	  3.3441	-13.8181	  1.0000	  1.0108
480.0000	192.0000	  3.2758	-14.7442	  1.0000	  1.0118
512.0000	192.0000	  3.2154	-15.3391	  1.0000	  1.0061
544.0000	192.0000	  3.0357	-15.6277	  1.0000	  0.0000
576.0000	192.0000	  2.6700	-15.6483	  1.0000	  0.0000
608.0000	192.0000	  2.0613	-15.3744	  1.0000	  1.0022
640.0000	192.0000	  1.2025	-14.6372	  1.0000	  1.0012
672.0000	192.0000	  0.3511	-13.2706	  1.0000	  1.0018
704.0000	192.0000	 -0.3008	-11.4795	  1.0000	  1.0036
736.0000	192.0000	 -0.6854	 -9.6032	  1.0000	  1.0016
768.0000	192.0000	 -0.7286	 -7.9807	  1.0000	  1.0012
800.0000	192.0000	 -0.4266	 -6.9097	  1.0000	  1.0012
832.0000	192.0000	 -0.1111	 -6.3893	  1.0000	  1.0020
864.0000	192.0000	  0.0541	 -6.2488	  1.0000	  1.0002
896.0000	192.0000	  0.0995	 -6.2704	  1.0000	  1.0029
928.0000	192.0000	  0.0905	 -6.3250	  1.0000	  0.0000
960.0000	192.0000	  0.0700	 -6.3649	  1.0000	  1.0025
992.0000	192.0000	  0.0549	 -6.3846	  1.0000	  1.0011
1024.0000	192.0000	  0.0479	 -6.3916	  1.0000	  1.0029
 32.0000	224.0000	 10.8454	-18.3988	  1.0000	  0.0000
 64.0000	224.0000	 11.4033	-18.3808	  1.0000	  1.0087
 96.0000	224.0000	 12.2848	-18.2709	  1.0000	  1.0053
128.0000	224.0000	 13.4041	-17.9643	  1.0000	  1.0012
160.0000	224.0000	 14.5163	-17.3775	  1.0000	  1.0016
192.0000	224.0000	 15.1099	-16.4654	  1.0000	  0.0000
224.0000	224.0000	 14.7184	-15.3299	  1.0000	  1.0015
256.0000	224.0000	 13.2485	-14.1984	  1.0000	  1.0061
288.0000	224.0000	 10.9669	-13.3224	  1.0000	  1.0073
320.0000	224.0000	  8.3160	-12.9230	  1.0000	  1.0059
352.0000	224.0000	  5.7754	-13.0549	  1.0000	  1.0002
384.0000	224.0000	  3.8014	-13.5895	  1.0000	  1.0014
416.0000	224.0000	  2.6018	-14.3112	  1.0000	  0.0000
448.0000	224.0000	  2.0765	-14.9909	  1.0000	  1.0128
480.0000	224.0000	  1.8563	-15.4679	  1.0000	  1.0224
512.0000	224.0000	  1.6645	-15.7267	  1.0000	  1.0012
544.0000	224.0000	  1.3626	-15.7751	  1.0000	  1.0006
576.0000	224.0000	  0.8944	-15.6411	  1.0000	  1.0010
608.0000	224.0000	  0.2228	-15.2935	  1.0000	  1.0117
640.0000	224.0000	 -0.6026	-14.5844	  1.0000	  1.0014
672.0000	224.0000	 -1.2761	-13.3639	  1.0000	  1.0005
704.0000	224.0000	 -1.6168	-11.7439	  1.0000	  1.0003
736.0000	224.0000	 -1.6223	 -9.9920	  1.0000	  1.0003
768.0000	224.0000	 -1.2902	 -8.3825	  1.0000	  1.0006
800.0000	224.0000	 -0.6901	 -7.1789	  1.0000	  1.0000
832.0000	224.0000	 -0.1740	 -6.4886	  1.0000	  1.0000
864.0000	224.0000	  0.0777	 -6.2486	  1.0000	  1.0082
896.0000	224.0000	  0.1417	 -6.2359	  1.0000	  1.0029
928.0000	224.0000	  0.1249	 -6.2899	  1.0000	  1.0041
960.0000	224.0000	  0.0921	 -6.3397	  1.0000	  1.0004
992.0000	224.0000	  0.0681	 -6.3686	  1.0000	  0.0000
1024.0000	224.0000	  0.0568	 -6.3804	  1.0000	  1.0004
 32.0000	256.0000	 10.9012	-18.4840	  1.0000	  1.0020
 64.0000	256.0000	 11.4431	-18.4937	  1.0000	  0.0000
 96.0000	256.0000	 12.3039	-18.4646	  1.0000	  1.0005
128.0000	256.0000	 13.4113	-18.3320	  1.0000	  1.0078
160.0000	256.0000	 14.6360	-18.0669	  1.0000	  1.0030
192.0000	256.0000	 15.3531	-17.5824	  1.0000	  1.0010
224.0000	256.0000	 15.0425	-16.9117	  1.0000	  1.0014
256.0000	256.0000	 13.5637	-16.1814	  1.0000	  1.0072
288.0000	256.0000	 11.1137	-15.5623	  1.0000	  1.0170
320.0000	256.0000	  8.1838	-15.1904	  1.0000	  1.0012
352.0000	256.0000	  5.2971	-15.1090	  1.0000	  1.0009
384.0000	256.0000	  2.9747	-15.2561	  1.0000	  1.0093
416.0000	256.0000	  1.4797	-15.5127	  1.0000	  1.0014
448.0000	256.0000	  0.7494	-15.7384	  1.0000	  1.0028
480.0000	256.0000	  0.3829	-15.8282	  1.0000	  1.0049
512.0000	256.0000	  0.0756	-15.8310	  1.0000	  1.0094
544.0000	256.0000	 -0.3183	-15.7006	  1.0000	  1.0052
576.0000	256.0000	 -0.8442	-15.4582	  1.0000	  1.0093
608.0000	256.0000	 -1.5171	-15.0786	  1.0000	  1.0044
640.0000	256.0000	 -2.2516	-14.4437	  1.0000	  1.0004
672.0000	256.0000	 -2.7487	-13.4255	  1.0000	  1.0047
704.0000	256.0000	 -2.8395	-12.0459	  1.0000	  1.0017
736.0000	256.0000	 -2.5509	-10.4739	  1.0000	  1.0398
768.0000	256.0000	 -1.9121	 -8.9019	  1.0000	  1.0048
800.0000	256.0000	 -1.0315	 -7.5539	  1.0000	  1.0131
832.0000	256.0000	 -0.2842	 -6.6451	  1.0000	  1.0002
864.0000	256.0000	  0.0829	 -6.2686	  1.0000	  1.0142
896.0000	256.0000	  0.1834	 -6.2008	  1.0000	  1.0075
928.0000	256.0000	  0.1671	 -6.2452	  1.0000	  0.0000
960.0000	256.0000	  0.1249	 -6.3020	  1.0000	  0.0000
992.0000	256.0000	  0.0923	 -6.3398	  1.0000	  1.0024
1024.0000	256.0000	  0.0765	 -6.3568	  1.0000	  1.0017
 32.0000	288.0000	  9.7629	-18.5419	  1.0000	  1.0266
 64.0000	288.0000	 10.2908	-18.5660	  1.0000	  0.0000
 96.0000	288.0000	 11.1518	-18.5886	  1.0000	  1.0111
128.0000	288.0000	 12.3096	-18.5759	  1.0000	  1.0012
160.0000	288.0000	 13.5445	-18.4924	  1.0000	  1.0048
192.0000	288.0000	 14.3580	-18.2735	  1.0000	  1.0038
224.0000	288.0000	 14.1849	-17.9006	  1.0000	  1.0031
256.0000	288.0000	 12.8301	-17.4312	  1.0000	  1.0296
288.0000	288.0000	 10.4970	-17.0020	  1.0000	  1.0057
320.0000	288.0000	  7.5733	-16.6463	  1.0000	  1.0130
352.0000	288.0000	  4.5774	-16.3944	  1.0000	  1.0045
384.0000	288.0000	  2.0688	-16.2402	  1.0000	  1.0098
416.0000	288.0000	  0.3665	-16.1453	  1.0000	  0.0000
448.0000	288.0000	 -0.5302	-16.0483	  1.0000	  1.0015
480.0000	288.0000	 -1.0195	-15.8932	  1.0000	  1.0032
512.0000	288.0000	 -1.4123	-15.6916	  1.0000	  1.0001
544.0000	288.0000	 -1.8502	-15.4359	  1.0000	  1.0005
576.0000	288.0000	 -2.3714	-15.1365	  1.0000	  1.0007
608.0000	288.0000	 -2.9771	-14.7716	  1.0000	  1.0003
640.0000	288.0000	 -3.5756	-14.2517	  1.0000	  1.0031
672.0000	288.0000	 -3.9215	-13.4660	  1.0000	  1.0069
704.0000	288.0000	 -3.8593	-12.3692	  1.0000	  1.0032
736.0000	288.0000	 -3.4079	-11.0294	  1.0000	  1.0413
768.0000	288.0000	 -2.5840	 -9.5441	  1.0000	  1.0031
800.0000	288.0000	 -1.4880	 -8.0799	  1.0000	  1.0020
832.0000	288.0000	 -0.4976	 -6.9217	  1.0000	  0.0000
864.0000	288.0000	  0.0165	 -6.3686	  1.0000	  1.0000
896.0000	288.0000	  0.1833	 -6.2118	  1.0000	  1.0004
928.0000	288.0000	  0.1897	 -6.2221	  1.0000	  0.0000
960.0000	288.0000	  0.1522	 -6.2703	  1.0000	  0.0000
992.0000	288.0000	  0.1190	 -6.3081	  1.0000	  1.0010
1024.0000	288.0000	  0.1023	 -6.3262	  1.0000	  1.0018
 32.0000	320.0000	  7.5288	-18.5664	  1.0000	  1.0003
 64.0000	320.0000	  8.0449	-18.5918	  1.0000	  1.0026
 96.0000	320.0000	  8.9006	-18.6305	  1.0000	  1.0066
128.0000	320.0000	 10.0738	-18.6623	  1.0000	  1.0034
160.0000	320.0000	 11.3389	-18.6513	  1.0000	  1.0071
192.0000	320.0000	 12.2731	-18.5416	  1.0000	  1.0026
224.0000	320.0000	 12.2970	-18.2858	  1.0000	  1.0086
256.0000	320.0000	 11.1543	-17.8991	  1.0000	  1.0080
288.0000	320.0000	  9.2109	-17.5795	  1.0000	  1.0057
320.0000	320.0000	  6.5540	-17.2205	  1.0000	  1.0023
352.0000	320.0000	  3.6791	-16.8520	  1.0000	  0.0000
384.0000	320.0000	  1.1563	-16.5081	  1.0000	  1.0053
416.0000	320.0000	 -0.6511	-16.2017	  1.0000	  0.0000
448.0000	320.0000	 -1.6670	-15.9211	  1.0000	  1.0078
480.0000	320.0000	 -2.2529	-15.6330	  1.0000	  1.0054
512.0000	320.0000	 -2.6974	-15.3344	  1.0000	  1.0035
544.0000	320.0000	 -3.1336	-15.0315	  1.0000	  1.0004
576.0000	320.0000	 -3.6022	-14.7321	  1.0000	  1.0001
608.0000	320.0000	 -4.0996	-14.4222	  1.0000	  1.0003
640.0000	320.0000	 -4.5524	-14.0411	  1.0000	  1.0005
672.0000	320.0000	 -4.7905	-13.4988	  1.0000	  1.0004
704.0000	320.0000	 -4.6828	-12.7154	  1.0000	  1.0004
736.0000	320.0000	 -4.2179	-11.6734	  1.0000	  1.0022
768.0000	320.0000	 -3.3635	-10.3663	  1.0000	  1.0035
800.0000	320.0000	 -2.1567	 -8.8629	  1.0000	  1.0083
832.0000	320.0000	 -0.9348	 -7.4540	  1.0000	  1.0032
864.0000	320.0000	 -0.2407	 -6.6845	  1.0000	  1.0009
896.0000	320.0000	  0.0428	 -6.3820	  1.0000	  1.0130
928.0000	320.0000	  0.1198	 -6.3046	  1.0000	  1.0083
960.0000	320.0000	  0.1244	 -6.3018	  1.0000	  1.0002
992.0000	320.0000	  0.1151	 -6.3118	  1.0000	  0.0000
1024.0000	320.0000	  0.1098	 -6.3168	  1.0000	  1.0043
 32.0000	352.0000	  4.6039	-18.5525	  1.0000	  1.0020
 64.0000	352.0000	  5.1195	-18.5673	  1.0000	  1.0122
 96.0000	352.0000	  5.9784	-18.5924	  1.0000	  1.0121
128.0000	352.0000	  7.1524	-18.6093	  1.0000	  1.0004
160.0000	352.0000	  8.4691	-18.5778	  1.0000	  1.0030
192.0000	352.0000	  9.5621	-18.4487	  1.0000	  1.0016
224.0000	352.0000	  9.8932	-18.1768	  1.0000	  1.0079
256.0000	352.0000	  9.1591	-17.7729	  1.0000	  1.0037
288.0000	352.0000	  7.6132	-17.4012	  1.0000	  0.0000
320.0000	352.0000	  5.3195	-16.9807	  1.0000	  1.0059
352.0000	352.0000	  2.7170	-16.5423	  1.0000	  1.0006
384.0000	352.0000	  0.3260	-16.1262	  1.0000	  1.0012
416.0000	352.0000	 -1.4847	-15.7570	  1.0000	  1.0030
448.0000	352.0000	 -2.5743	-15.4368	  1.0000	  1.0007
480.0000	352.0000	 -3.2342	-15.1344	  1.0000	  1.0046
512.0000	352.0000	 -3.7083	-14.8408	  1.0000	  1.0003
544.0000	352.0000	 -4.1158	-14.5654	  1.0000	  1.0025
576.0000	352.0000	 -4.5158	-14.3144	  1.0000	  1.0016
608.0000	352.0000	 -4.8989	-14.0837	  1.0000	  1.0000
640.0000	352.0000	 -5.2242	-13.8416	  1.0000	  1.0006
672.0000	352.0000	 -5.4000	-13.5288	  1.0000	  1.0011
704.0000	352.0000	 -5.3363	-13.0673	  1.0000	  1.0005
736.0000	352.0000	 -4.9936	-12.3855	  1.0000	  1.0031
768.0000	352.0000	 -4.2815	-11.3858	  1.0000	  1.0003
800.0000	352.0000	 -3.1318	-10.0036	  1.0000	  1.0030
832.0000	352.0000	 -1.7574	 -8.4258	  1.0000	  1.0017
864.0000	352.0000	 -0.8667	 -7.4207	  1.0000	  1.0013
896.0000	352.0000	 -0.3943	 -6.8916	  1.0000	  1.0107
928.0000	352.0000	 -0.1651	 -6.6339	  1.0000	  0.0000
960.0000	352.0000	 -0.0479	 -6.4998	  1.0000	  1.0010
992.0000	352.0000	  0.0155	 -6.4258	  1.0000	  1.0034
1024.0000	352.0000	  0.0474	 -6.3882	  1.0000	  1.0042
 32.0000	384.0000	  1.5396	-18.5020	  1.0000	  1.0043
 64.0000	384.0000	  2.1179	-18.4981	  1.0000	  1.0078
 96.0000	384.0000	  3.0223	-18.4888	  1.0000	  1.0024
128.0000	384.0000	  4.2136	-18.4515	  1.0000	  1.0001
160.0000	384.0000	  5.6071	-18.3347	  1.0000	  1.0045
192.0000	384.0000	  6.8621	-18.0987	  1.0000	  1.0091
224.0000	384.0000	  7.4999	-17.7188	  1.0000	  1.0017
256.0000	384.0000	  7.2208	-17.2208	  1.0000	  1.0076
288.0000	384.0000	  6.0126	-16.7027	  1.0000	  1.0214
320.0000	384.0000	  4.0942	-16.1883	  1.0000	  1.0010
352.0000	384.0000	  1.8376	-15.7162	  1.0000	  1.0004
384.0000	384.0000	 -0.3263	-15.3160	  1.0000	  1.0012
416.0000	384.0000	 -2.0611	-14.9981	  1.0000	  1.0017
448.0000	384.0000	 -3.1884	-14.7480	  1.0000	  0.0000
480.0000	384.0000	 -3.9138	-14.5238	  1.0000	  1.0010
512.0000	384.0000	 -4.4175	-14.3108	  1.0000	  0.0000
544.0000	384.0000	 -4.7940	-14.1172	  1.0000	  1.0039
576.0000	384.0000	 -5.1406	-13.9405	  1.0000	  1.0014
608.0000	384.0000	 -5.4262	-13.7939	  1.0000	  1.0005
640.0000	384.0000	 -5.6484	-13.6685	  1.0000	  1.0001
672.0000	384.0000	 -5.7860	-13.5373	  1.0000	  1.0012
704.0000	384.0000	 -5.7996	-13.3514	  1.0000	  1.0005
736.0000	384.0000	 -5.6423	-13.0263	  1.0000	  1.0013
768.0000	384.0000	 -5.1958	-12.4233	  1.0000	  1.0025
800.0000	384.0000	 -4.3064	-11.3738	  1.0000	  0.0000
832.0000	384.0000	 -2.9933	 -9.8680	  1.0000	  1.0006
864.0000	384.0000	 -1.9464	 -8.6751	  1.0000	  1.0026
896.0000	384.0000	 -1.2256	 -7.8534	  1.0000	  1.0070
928.0000	384.0000	 -0.7584	 -7.3181	  1.0000	  1.0078
960.0000	384.0000	 -0.4443	 -6.9561	  1.0000	  1.0024
992.0000	384.0000	 -0.2469	 -6.7277	  1.0000	  1.0001
1024.0000	384.0000	 -0.1426	 -6.6068	  1.0000	  1.0011
 32.0000	416.0000	 -1.1545	-18.4220	  1.0000	  1.0074
 64.0000	416.0000	 -0.5820	-18.4026	  1.0000	  1.0005
 96.0000	416.0000	  0.4230	-18.3465	  1.0000	  1.0068
128.0000	416.0000	  1.7932	-18.2173	  1.0000	  1.0105
160.0000	416.0000	  3.3235	-17.9678	  1.0000	  1.0045
192.0000	416.0000	  4.6961	-17.5656	  1.0000	  1.0023
224.0000	416.0000	  5.5054	-17.0084	  1.0000	  1.0026
256.0000	416.0000	  5.5004	-16.3452	  1.0000	  1.0008
288.0000	416.0000	  4.6022	-15.6772	  1.0000	  1.0000
320.0000	416.0000	  3.0521	-15.0834	  1.0000	  1.0027
352.0000	416.0000	  1.1652	-14.6155	  1.0000	  1.0013
384.0000	416.0000	 -0.7170	-14.2907	  1.0000	  1.0055
416.0000	416.0000	 -2.3171	-14.0953	  1.0000	  1.0001
448.0000	416.0000	 -3.4546	-13.9832	  1.0000	  1.0013
480.0000	416.0000	 -4.2522	-13.8960	  1.0000	  1.0027
512.0000	416.0000	 -4.8220	-13.8082	  1.0000	  0.0000
544.0000	416.0000	 -5.2295	-13.7212	  1.0000	  1.0018
576.0000	416.0000	 -5.5313	-13.6389	  1.0000	  1.0023
608.0000	416.0000	 -5.7415	-13.5719	  1.0000	  1.0030
640.0000	416.0000	 -5.8824	-13.5266	  1.0000	  1.0000
672.0000	416.0000	 -5.9773	-13.4991	  1.0000	  1.0027
704.0000	416.0000	 -6.0218	-13.4652	  1.0000	  1.0001
736.0000	416.0000	 -5.9759	-13.3538	  1.0000	  1.0002
768.0000	416.0000	 -5.7219	-13.0254	  1.0000	  0.0000
800.0000	416.0000	 -5.0811	-12.2796	  1.0000	  1.0022
832.0000	416.0000	 -3.9836	-11.0215	  1.0000	  1.0026
864.0000	416.0000	 -2.9557	 -9.8449	  1.0000	  1.0004
896.0000	416.0000	 -2.1122	 -8.8772	  1.0000	  1.0002
928.0000	416.0000	 -1.4624	 -8.1296	  1.0000	  1.0012
960.0000	416.0000	 -0.9643	 -7.5550	  1.0000	  1.0001
992.0000	416.0000	 -0.6284	 -7.1671	  1.0000	  0.0000
1024.0000	416.0000	 -0.4452	 -6.9554	  1.0000	  0.0000
 32.0000	448.0000	 -2.8249	-18.3056	  1.0000	  1.0008
 64.0000	448.0000	 -2.2511	-18.2664	  1.0000	  1.0046
 96.0000	448.0000	 -1.1128	-18.1536	  1.0000	  1.0020
128.0000	448.0000	  0.4476	-17.9192	  1.0000	  1.0056
160.0000	448.0000	  2.0897	-17.5166	  1.0000	  1.0017
192.0000	448.0000	  3.4764	-16.9234	  1.0000	  0.0000
224.0000	448.0000	  4.2717	-16.1647	  1.0000	  1.0014
256.0000	448.0000	  4.3236	-15.3226	  1.0000	  1.0009
288.0000	448.0000	  3.6068	-14.5279	  1.0000	  1.0009
320.0000	448.0000	  2.3444	-13.8866	  1.0000	  1.0005
352.0000	448.0000	  0.7929	-13.4553	  1.0000	  1.0001
384.0000	448.0000	 -0.7943	-13.2368	  1.0000	  1.0013
416.0000	448.0000	 -2.2214	-13.1915	  1.0000	  1.0016
448.0000	448.0000	 -3.3456	-13.2425	  1.0000	  1.0033
480.0000	448.0000	 -4.2224	-13.3159	  1.0000	  1.0018
512.0000	448.0000	 -4.8923	-13.3736	  1.0000	  1.0003
544.0000	448.0000	 -5.3778	-13.4077	  1.0000	  1.0016
576.0000	448.0000	 -5.7029	-13.4211	  1.0000	  0.0000
608.0000	448.0000	 -5.8941	-13.4221	  1.0000	  1.0038
640.0000	448.0000	 -5.9900	-13.4244	  1.0000	  0.0000
672.0000	448.0000	 -6.0461	-13.4404	  1.0000	  1.0014
704.0000	448.0000	 -6.0853	-13.4657	  1.0000	  1.0012
736.0000	448.0000	 -6.0837	-13.4515	  1.0000	  0.0000
768.0000	448.0000	 -5.9442	-13.2828	  1.0000	  0.0000
800.0000	448.0000	 -5.5071	-12.7801	  1.0000	  0.0000
832.0000	448.0000	 -4.6771	-11.8282	  1.0000	  1.0011
864.0000	448.0000	 -3.7896	-10.8096	  1.0000	  1.0010
896.0000	448.0000	 -2.9529	 -9.8471	  1.0000	  1.0007
928.0000	448.0000	 -2.2144	 -8.9961	  1.0000	  1.0023
960.0000	448.0000	 -1.5862	 -8.2714	  1.0000	  1.0001
992.0000	448.0000	 -1.1385	 -7.7548	  1.0000	  1.0003
1024.0000	448.0000	 -0.8862	 -7.4637	  1.0000	  0.0000
 32.0000	480.0000	 -3.2085	-18.1584	  1.0000	  1.0033
 64.0000	480.0000	 -2.6587	-18.0977	  1.0000	  1.0010
 96.0000	480.0000	 -1.3555	-17.9224	  1.0000	  1.0091
128.0000	480.0000	  0.3767	-17.5839	  1.0000	  1.0078
160.0000	480.0000	  2.0604	-17.0333	  1.0000	  1.0051
192.0000	480.0000	  3.3305	-16.2599	  1.0000	  1.0068
224.0000	480.0000	  3.9292	-15.3182	  1.0000	  1.0009
256.0000	480.0000	  3.8322	-14.3260	  1.0000	  1.0001
288.0000	480.0000	  3.1277	-13.4432	  1.0000	  0.0000
320.0000	480.0000	  2.0274	-12.7862	  1.0000	  1.0028
352.0000	480.0000	  0.7373	-12.4075	  1.0000	  1.0022
384.0000	480.0000	 -0.5731	-12.2944	  1.0000	  1.0019
416.0000	480.0000	 -1.8061	-12.3857	  1.0000	  1.0012
448.0000	480.0000	 -2.8918	-12.5836	  1.0000	  1.0100
480.0000	480.0000	 -3.8451	-12.8077	  1.0000	  1.0054
512.0000	480.0000	 -4.6428	-13.0067	  1.0000	  1.0020
544.0000	480.0000	 -5.2592	-13.1621	  1.0000	  1.0008
576.0000	480.0000	 -5.6831	-13.2693	  1.0000	  1.0026
608.0000	480.0000	 -5.9247	-13.3313	  1.0000	  1.0042
640.0000	480.0000	 -6.0220	-13.3622	  1.0000	  1.0005
672.0000	480.0000	 -6.0566	-13.3897	  1.0000	  1.0014
704.0000	480.0000	 -6.0787	-13.4257	  1.0000	  1.0016
736.0000	480.0000	 -6.0860	-13.4440	  1.0000	  1.0004
768.0000	480.0000	 -6.0101	-13.3618	  1.0000	  1.0020
800.0000	480.0000	 -5.7264	-13.0388	  1.0000	  1.0029
832.0000	480.0000	 -5.1405	-12.3666	  1.0000	  1.0003
864.0000	480.0000	 -4.4464	-11.5683	  1.0000	  1.0041
896.0000	480.0000	 -3.7142	-10.7249	  1.0000	  0.0000
928.0000	480.0000	 -2.9882	 -9.8877	  1.0000	  1.0001
960.0000	480.0000	 -2.3085	 -9.1038	  1.0000	  1.0009
992.0000	480.0000	 -1.7994	 -8.5165	  1.0000	  1.0004
1024.0000	480.0000	 -1.5025	 -8.1741	  1.0000	  1.0031
 32.0000	512.0000	 -2.7911	-18.0146	  1.0000	  1.0056
 64.0000	512.0000	 -1.9821	-17.9244	  1.0000	  1.0045
 96.0000	512.0000	 -0.4304	-17.6845	  1.0000	  1.0021
128.0000	512.0000	  1.3567	-17.2581	  1.0000	  1.0150
160.0000	512.0000	  2.9922	-16.5906	  1.0000	  1.0081
192.0000	512.0000	  4.0427	-15.6810	  1.0000	  1.0003
224.0000	512.0000	  4.3271	-14.6111	  1.0000	  0.0000
256.0000	512.0000	  3.9466	-13.5264	  1.0000	  0.0000
288.0000	512.0000	  3.1131	-12.6013	  1.0000	  1.0024
320.0000	512.0000	  2.0508	-11.9505	  1.0000	  1.0021
352.0000	512.0000	  0.9351	-11.6182	  1.0000	  1.0065
384.0000	512.0000	 -0.1399	-11.5763	  1.0000	  1.0024
416.0000	512.0000	 -1.1762	-11.7512	  1.0000	  1.0004
448.0000	512.0000	 -2.1929	-12.0420	  1.0000	  1.0004
480.0000	512.0000	 -3.2028	-12.3734	  1.0000	  1.0006
512.0000	512.0000	 -4.1362	-12.6860	  1.0000	  1.0002
544.0000	512.0000	 -4.9236	-12.9498	  1.0000	  1.0021
576.0000	512.0000	 -5.5118	-13.1482	  1.0000	  1.0023
608.0000	512.0000	 -5.8703	-13.2723	  1.0000	  1.0009
640.0000	512.0000	 -6.0121	-13.3284	  1.0000	  1.0021
672.0000	512.0000	 -6.0466	-13.3574	  1.0000	  0.0000
704.0000	512.0000	 -6.0547	-13.3865	  1.0000	  1.0003
736.0000	512.0000	 -6.0585	-13.4095	  1.0000	  1.0007
768.0000	512.0000	 -6.0188	-13.3743	  1.0000	  0.0000
800.0000	512.0000	 -5.8482	-13.1826	  1.0000	  1.0016
832.0000	512.0000	 -5.4683	-12.7466	  1.0000	  1.0008
864.0000	512.0000	 -4.9759	-12.1794	  1.0000	  1.0012
896.0000	512.0000	 -4.4012	-11.5168	  1.0000	  1.0003
928.0000	512.0000	 -3.7670	-10.7852	  1.0000	  1.0001
960.0000	512.0000	 -3.1163	-10.0348	  1.0000	  1.0023
992.0000	512.0000	 -2.6045	 -9.4446	  1.0000	  1.0068
1024.0000	512.0000	 -2.2953	 -9.0881	  1.0000	  1.0053
 32.0000	544.0000	 -1.3821	-17.8724	  1.0000	  1.0104
 64.0000	544.0000	 -0.5638	-17.7716	  1.0000	  0.0000
 96.0000	544.0000	  0.9842	-17.4964	  1.0000	  1.0105
128.0000	544.0000	  2.8189	-16.9905	  1.0000	  1.0161
160.0000	544.0000	  4.3898	-16.2423	  1.0000	  1.0178
192.0000	544.0000	  5.1726	-15.2479	  1.0000	  1.0055
224.0000	544.0000	  5.1123	-14.1082	  1.0000	  1.0073
256.0000	544.0000	  4.4056	-12.9847	  1.0000	  1.0109
288.0000	544.0000	  3.3684	-12.0516	  1.0000	  1.0024
320.0000	544.0000	  2.2581	-11.4158	  1.0000	  1.0011
352.0000	544.0000	  1.2496	-11.1159	  1.0000	  1.0005
384.0000	544.0000	  0.3665	-11.1065	  1.0000	  1.0019
416.0000	544.0000	 -0.4822	-11.3081	  1.0000	  1.0001
448.0000	544.0000	 -1.3999	-11.6311	  1.0000	  1.0042
480.0000	544.0000	 -2.4278	-12.0156	  1.0000	  1.0018
512.0000	544.0000	 -3.4773	-12.4027	  1.0000	  1.0003
544.0000	544.0000	 -4.4462	-12.7534	  1.0000	  1.0052
576.0000	544.0000	 -5.2374	-13.0375	  1.0000	  1.0021
608.0000	544.0000	 -5.7625	-13.2271	  1.0000	  1.0000
640.0000	544.0000	 -5.9802	-13.3105	  1.0000	  1.0023
672.0000	544.0000	 -6.0324	-13.3410	  1.0000	  1.0012
704.0000	544.0000	 -6.0343	-13.3607	  1.0000	  1.0001
736.0000	544.0000	 -6.0328	-13.3797	  1.0000	  1.0017
768.0000	544.0000	 -6.0144	-13.3708	  1.0000	  1.0008
800.0000	544.0000	 -5.9232	-13.2707	  1.0000	  1.0005
832.0000	544.0000	 -5.7002	-13.0149	  1.0000	  1.0009
864.0000	544.0000	 -5.3825	-12.6484	  1.0000	  1.0013
896.0000	544.0000	 -4.9700	-12.1724	  1.0000	  1.0005
928.0000	544.0000	 -4.4624	-11.5867	  1.0000	  1.0017
960.0000	544.0000	 -3.8933	-10.9305	  1.0000	  0.0000
992.0000	544.0000	 -3.4243	-10.3897	  1.0000	  1.0012
1024.0000	544.0000	 -3.1311	-10.0516	  1.0000	  1.0004
 32.0000	576.0000	 -0.1594	-17.7743	  1.0000	  1.0007
 64.0000	576.0000	  0.7218	-17.6548	  1.0000	  1.0045
 96.0000	576.0000	  2.3087	-17.3575	  1.0000	  1.0063
128.0000	576.0000	  4.2066	-16.8210	  1.0000	  1.0007
160.0000	576.0000	  5.5864	-16.0159	  1.0000	  1.0001
192.0000	576.0000	  6.1686	-14.9756	  1.0000	  1.0067
224.0000	576.0000	  5.8574	-13.8074	  1.0000	  1.0034
256.0000	576.0000	  4.8887	-12.6763	  1.0000	  1.0015
288.0000	576.0000	  3.6535	-11.7473	  1.0000	  1.0049
320.0000	576.0000	  2.4558	-11.1210	  1.0000	  1.0013
352.0000	576.0000	  1.5185	-10.8469	  1.0000	  1.0026
384.0000	576.0000	  0.7790	-10.8504	  1.0000	  1.0051
416.0000	576.0000	  0.0766	-11.0489	  1.0000	  1.0015
448.0000	576.0000	 -0.7517	-11.3702	  1.0000	  1.0008
480.0000	576.0000	 -1.7760	-11.7707	  1.0000	  1.0025
512.0000	576.0000	 -2.9048	-12.1964	  1.0000	  1.0004
544.0000	576.0000	 -4.0168	-12.6038	  1.0000	  1.0049
576.0000	576.0000	 -4.9803	-12.9516	  1.0000	  1.0021
608.0000	576.0000	 -5.6543	-13.1938	  1.0000	  1.0007
640.0000	576.0000	 -5.9464	-13.3008	  1.0000	  1.0003
672.0000	576.0000	 -6.0210	-13.3341	  1.0000	  1.0011
704.0000	576.0000	 -6.0222	-13.3471	  1.0000	  1.0040
736.0000	576.0000	 -6.0170	-13.3615	  1.0000	  1.0017
768.0000	576.0000	 -6.0107	-13.3671	  1.0000	  1.0029
800.0000	576.0000	 -5.9701	-13.3253	  1.0000	  1.0019
832.0000	576.0000	 -5.8520	-13.1901	  1.0000	  1.0004
864.0000	576.0000	 -5.6612	-12.9697	  1.0000	  1.0017
896.0000	576.0000	 -5.3795	-12.6442	  1.0000	  1.0036
928.0000	576.0000	 -4.9898	-12.1946	  1.0000	  1.0003
960.0000	576.0000	 -4.5141	-11.6460	  1.0000	  1.0002
992.0000	576.0000	 -4.1055	-11.1750	  1.0000	  1.0020
1024.0000	576.0000	 -3.8423	-10.8714	  1.0000	  1.0004
 32.0000	608.0000	  0.5060	-17.7274	  1.0000	  1.0081
 64.0000	608.0000	  1.4709	-17.5728	  1.0000	  1.0028
 96.0000	608.0000	  3.0752	-17.2576	  1.0000	  1.0041
128.0000	608.0000	  4.9800	-16.7174	  1.0000	  1.0021
160.0000	608.0000	  6.1352	-15.8878	  1.0000	  1.0039
192.0000	608.0000	  6.7087	-14.8354	  1.0000	  1.0024
224.0000	608.0000	  6.3025	-13.6614	  1.0000	  0.0000
256.0000	608.0000	  5.1876	-12.5314	  1.0000	  1.0017
288.0000	608.0000	  3.8139	-11.6012	  1.0000	  1.0017
320.0000	608.0000	  2.5190	-10.9648	  0.0000	  1.0005
352.0000	608.0000	  1.6531	-10.7192	  1.0000	  1.0008
384.0000	608.0000	  1.0129	-10.7319	  1.0000	  1.0053
416.0000	608.0000	  0.4041	-10.9221	  1.0000	  1.0013
448.0000	608.0000	 -0.3620	-11.2328	  1.0000	  1.0016
480.0000	608.0000	 -1.3732	-11.6332	  1.0000	  1.0066
512.0000	608.0000	 -2.5405	-12.0739	  1.0000	  1.0006
544.0000	608.0000	 -3.7358	-12.5111	  1.0000	  1.0000
576.0000	608.0000	 -4.8084	-12.8968	  1.0000	  0.0000
608.0000	608.0000	 -5.5821	-13.1730	  1.0000	  1.0012
640.0000	608.0000	 -5.9238	-13.2956	  1.0000	  1.0052
672.0000	608.0000	 -6.0146	-13.3317	  1.0000	  1.0001
704.0000	608.0000	 -6.0169	-13.3416	  1.0000	  1.0026
736.0000	608.0000	 -6.0101	-13.3536	  1.0000	  1.0008
768.0000	608.0000	 -6.0098	-13.3662	  1.0000	  1.0003
800.0000	608.0000	 -5.9951	-13.3542	  1.0000	  0.0000
832.0000	608.0000	 -5.9332	-13.2837	  1.0000	  1.0005
864.0000	608.0000	 -5.8144	-13.1463	  1.0000	  1.0016
896.0000	608.0000	 -5.6129	-12.9133	  1.0000	  1.0002
928.0000	608.0000	 -5.3035	-12.5562	  1.0000	  1.0001
960.0000	608.0000	 -4.9007	-12.0917	  1.0000	  1.0001
992.0000	608.0000	 -4.5432	-11.6796	  1.0000	  1.0007
1024.0000	608.0000	 -4.3086	-11.4091	  1.0000	  1.0001
