 32.0000	 32.0000	  0.1870	  0.6097	  1.0000	  0.0000
 64.0000	 32.0000	  0.0402	  0.5883	  1.0000	  1.0018
 96.0000	 32.0000	 -0.2180	  0.5426	  1.0000	  1.0020
128.0000	 32.0000	 -0.4947	  0.4694	  1.0000	  1.0031
160.0000	 32.0000	 -0.6245	  0.3933	  0.0000	  1.0002
192.0000	 32.0000	 -0.4120	  0.3389	  0.0000	  1.0185
224.0000	 32.0000	 -0.1750	  0.3710	  0.0000	  1.0243
256.0000	 32.0000	 -0.0302	  0.5094	  1.0000	  1.0048
288.0000	 32.0000	 -0.0947	  0.8312	  1.0000	  1.0032
320.0000	 32.0000	 -0.5591	  1.4947	  1.0000	  0.0000
352.0000	 32.0000	 -1.6532	  2.6784	  1.0000	  1.0018
384.0000	 32.0000	 -3.2421	  4.3020	  1.0000	  1.0014
416.0000	 32.0000	 -4.9948	  6.0868	  1.0000	  1.0002
448.0000	 32.0000	 -6.4597	  7.5804	  1.0000	  1.0007
480.0000	 32.0000	 -7.0870	  8.1929	  1.0000	  1.0006
512.0000	 32.0000	 -6.7119	  7.7380	  1.0000	  1.0012
544.0000	 32.0000	 -5.5242	  6.4131	  1.0000	  1.0002
576.0000	 32.0000	 -3.8902	  4.6079	  1.0000	  1.0005
608.0000	 32.0000	 -2.2507	  2.7974	  1.0000	  1.0002
640.0000	 32.0000	 -1.0648	  1.4764	  1.0000	  1.0014
672.0000	 32.0000	 -0.4256	  0.7346	  1.0000	  1.0009
704.0000	 32.0000	 -0.1610	  0.3827	  1.0000	  1.0016
736.0000	 32.0000	 -0.0497	  0.2360	  1.0000	  1.0003
768.0000	 32.0000	  0.0228	  0.2409	  1.0000	  1.0001
800.0000	 32.0000	  0.0932	  0.3515	  1.0000	  1.0018
832.0000	 32.0000	  0.1520	  0.4733	  0.0000	  1.0089
864.0000	 32.0000	  0.1649	  0.5241	  0.0000	  1.0137
896.0000	 32.0000	  0.1155	  0.4800	  0.0000	  1.0291
928.0000	 32.0000	  0.0540	  0.4016	  0.0000	  1.0220
960.0000	 32.0000	 -0.0448	  0.3892	  0.0000	  1.0076
992.0000	 32.0000	 -0.1875	  0.5184	  0.0000	  1.0037
1024.0000	 32.0000	 -0.2851	  0.6873	  0.0000	  1.0033
 32.0000	 64.0000	  0.2975	  0.5689	  1.0000	  1.0076
 64.0000	 64.0000	  0.1578	  0.5551	  1.0000	  1.0006
 96.0000	 64.0000	 -0.1109	  0.5142	  1.0000	  1.0014
128.0000	 64.0000	 -0.4213	  0.4375	  0.0000	  1.0158
160.0000	 64.0000	 -0.5513	  0.3615	  0.0000	  1.0077
192.0000	 64.0000	 -0.3594	  0.3040	  0.0000	  1.0182
224.0000	 64.0000	 -0.1416	  0.3388	  0.0000	  1.0261
256.0000	 64.0000	  0.0134	  0.4462	  0.0000	  1.0401
288.0000	 64.0000	 -0.0050	  0.7059	  1.0000	  1.0006
320.0000	 64.0000	 -0.4456	  1.3131	  1.0000	  1.0004
352.0000	 64.0000	 -1.4785	  2.4180	  1.0000	  1.0001
384.0000	 64.0000	 -2.9445	  3.9143	  1.0000	  1.0015
416.0000	 64.0000	 -4.5326	  5.5346	  1.0000	  1.0002
448.0000	 64.0000	 -5.8332	  6.8667	  1.0000	  1.0007
480.0000	 64.0000	 -6.3889	  7.4184	  1.0000	  1.0021
512.0000	 64.0000	 -6.0015	  6.9634	  1.0000	  1.0011
544.0000	 64.0000	 -4.8912	  5.7268	  1.0000	  1.0001
576.0000	 64.0000	 -3.3683	  4.0353	  1.0000	  0.0000
608.0000	 64.0000	 -1.8682	  2.3630	  1.0000	  1.0002
640.0000	 64.0000	 -0.8315	  1.1979	  0.0000	  1.0283
672.0000	 64.0000	 -0.3381	  0.6210	  0.0000	  1.0291
704.0000	 64.0000	 -0.1580	  0.3563	  1.0000	  1.0349
736.0000	 64.0000	 -0.0687	  0.2242	  1.0000	  1.0007
768.0000	 64.0000	  0.0069	  0.2242	  1.0000	  1.0013
800.0000	 64.0000	  0.0797	  0.3338	  0.0000	  1.0227
832.0000	 64.0000	  0.1250	  0.4151	  0.0000	  1.0380
864.0000	 64.0000	  0.1251	  0.4498	  0.0000	  1.0173
896.0000	 64.0000	  0.0866	  0.3947	  0.0000	  1.0276
928.0000	 64.0000	  0.0183	  0.3084	  0.0000	  1.0254
960.0000	 64.0000	 -0.0875	  0.2778	  0.0000	  1.0102
992.0000	 64.0000	 -0.2166	  0.3524	  0.0000	  1.0057
1024.0000	 64.0000	 -0.2998	  0.4570	  0.0000	  1.0199
 32.0000	 96.0000	  0.4660	  0.4698	  0.0000	  1.0540
 64.0000	 96.0000	  0.3605	  0.4744	  0.0000	  1.0272
 96.0000	 96.0000	  0.1139	  0.4471	  0.0000	  1.0368
128.0000	 96.0000	 -0.1579	  0.3706	  0.0000	  1.0369
160.0000	 96.0000	 -0.3019	  0.3082	  0.0000	  1.0303
192.0000	 96.0000	 -0.1758	  0.2693	  0.0000	  1.0416
224.0000	 96.0000	 -0.0283	  0.2740	  0.0000	  1.0302
256.0000	 96.0000	  0.0803	  0.3389	  0.0000	  1.0316
288.0000	 96.0000	  0.0803	  0.5319	  0.0000	  1.0272
320.0000	 96.0000	 -0.2795	  1.0193	  0.0000	  1.0323
352.0000	 96.0000	 -1.2001	  1.9875	  1.0000	  1.0014
384.0000	 96.0000	 -2.4550	  3.2676	  1.0000	  1.0002
416.0000	 96.0000	 -3.7710	  4.6180	  1.0000	  1.0017
448.0000	 96.0000	 -4.7971	  5.6825	  1.0000	  1.0017
480.0000	 96.0000	 -5.2510	  6.1551	  1.0000	  0.0000
512.0000	 96.0000	 -4.8339	  5.6927	  1.0000	  1.0004
544.0000	 96.0000	 -3.8539	  4.6060	  1.0000	  1.0005
576.0000	 96.0000	 -2.5057	  3.0866	  1.0000	  1.0023
608.0000	 96.0000	 -1.2696	  1.6584	  0.0000	  1.0260
640.0000	 96.0000	 -0.5746	  0.8199	  0.0000	  1.0382
672.0000	 96.0000	 -0.2931	  0.4742	  0.0000	  1.0347
704.0000	 96.0000	 -0.1990	  0.3368	  0.0000	  1.0275
736.0000	 96.0000	 -0.1187	  0.2141	  1.0000	  1.0001
768.0000	 96.0000	 -0.0295	  0.1806	  1.0000	  1.0000
800.0000	 96.0000	  0.0570	  0.2293	  1.0000	  1.0058
832.0000	 96.0000	  0.1118	  0.2718	  0.0000	  1.0121
864.0000	 96.0000	  0.0940	  0.3149	  0.0000	  1.0172
896.0000	 96.0000	  0.0596	  0.2857	  0.0000	  1.0216
928.0000	 96.0000	 -0.0202	  0.2271	  0.0000	  1.0122
960.0000	 96.0000	 -0.1365	  0.2042	  0.0000	  1.0129
992.0000	 96.0000	 -0.2473	  0.2507	  0.0000	  1.0240
1024.0000	 96.0000	 -0.3291	  0.3066	  0.0000	  1.0191
 32.0000	128.0000	  0.5964	  0.3046	  0.0000	  1.0418
 64.0000	128.0000	  0.5362	  0.3078	  0.0000	  1.0401
 96.0000	128.0000	  0.3239	  0.2760	  1.0000	  1.0204
128.0000	128.0000	  0.1050	  0.2123	  0.0000	  1.0262
160.0000	128.0000	 -0.0147	  0.1826	  0.0000	  1.0244
192.0000	128.0000	  0.0495	  0.2001	  0.0000	  1.0311
224.0000	128.0000	  0.1107	  0.2136	  0.0000	  1.0179
256.0000	128.0000	  0.1384	  0.2420	  0.0000	  1.0214
288.0000	128.0000	  0.1067	  0.3666	  0.0000	  1.0451
320.0000	128.0000	 -0.1847	  0.7254	  0.0000	  1.0307
352.0000	128.0000	 -0.9040	  1.4773	  1.0000	  1.0010
384.0000	128.0000	 -1.8688	  2.4702	  1.0000	  1.0005
416.0000	128.0000	 -2.8776	  3.5237	  1.0000	  1.0002
448.0000	128.0000	 -3.6708	  4.3771	  1.0000	  1.0011
480.0000	128.0000	 -3.9465	  4.7009	  1.0000	  1.0006
512.0000	128.0000	 -3.5456	  4.2936	  1.0000	  1.0029
544.0000	128.0000	 -2.6414	  3.3050	  1.0000	  0.0000
576.0000	128.0000	 -1.5001	  1.9785	  0.0000	  1.0382
608.0000	128.0000	 -0.7337	  0.9777	  0.0000	  1.0351
640.0000	128.0000	 -0.4013	  0.4762	  0.0000	  1.0165
672.0000	128.0000	 -0.3111	  0.3358	  0.0000	  1.0183
704.0000	128.0000	 -0.2760	  0.3005	  0.0000	  1.0192
736.0000	128.0000	 -0.1881	  0.1975	  1.0000	  1.0010
768.0000	128.0000	 -0.0760	  0.1456	  1.0000	  1.0002
800.0000	128.0000	  0.0364	  0.1550	  1.0000	  1.0052
832.0000	128.0000	  0.1229	  0.1738	  0.0000	  1.0124
864.0000	128.0000	  0.0884	  0.2158	  0.0000	  1.0204
896.0000	128.0000	  0.0418	  0.2388	  1.0000	  1.0002
928.0000	128.0000	 -0.0360	  0.2317	  1.0000	  1.0006
960.0000	128.0000	 -0.1375	  0.2324	  1.0000	  0.0000
992.0000	128.0000	 -0.2423	  0.2688	  0.0000	  1.0151
1024.0000	128.0000	 -0.3328	  0.2813	  0.0000	  1.0155
 32.0000	160.0000	  0.5878	  0.2436	  0.0000	  1.0290
 64.0000	160.0000	  0.5293	  0.2148	  0.0000	  1.0273
 96.0000	160.0000	  0.4239	  0.1598	  0.0000	  1.0149
128.0000	160.0000	  0.2795	  0.1081	  0.0000	  1.0222
160.0000	160.0000	  0.2190	  0.0943	  0.0000	  1.0210
192.0000	160.0000	  0.2210	  0.1501	  0.0000	  1.0353
224.0000	160.0000	  0.2046	  0.1706	  0.0000	  1.0264
256.0000	160.0000	  0.1628	  0.1748	  0.0000	  1.0364
288.0000	160.0000	  0.0887	  0.2508	  0.0000	  1.0343
320.0000	160.0000	 -0.1474	  0.4949	  1.0000	  1.0024
352.0000	160.0000	 -0.6309	  0.9870	  1.0000	  1.0001
384.0000	160.0000	 -1.2810	  1.6637	  1.0000	  1.0003
416.0000	160.0000	 -1.9587	  2.3922	  1.0000	  1.0000
448.0000	160.0000	 -2.4864	  2.9957	  1.0000	  1.0003
480.0000	160.0000	 -2.6136	  3.1988	  1.0000	  0.0000
512.0000	160.0000	 -2.2475	  2.8717	  1.0000	  1.0006
544.0000	160.0000	 -1.5106	  2.0889	  1.0000	  1.0044
576.0000	160.0000	 -0.7635	  1.1358	  0.0000	  1.0146
608.0000	160.0000	 -0.3969	  0.4850	  0.0000	  1.0176
640.0000	160.0000	 -0.3086	  0.2116	  0.0000	  1.0149
672.0000	160.0000	 -0.3388	  0.1924	  0.0000	  1.0233
704.0000	160.0000	 -0.3357	  0.2255	  0.0000	  1.0171
736.0000	160.0000	 -0.2393	  0.1734	  1.0000	  1.0003
768.0000	160.0000	 -0.1171	  0.1434	  1.0000	  1.0010
800.0000	160.0000	 -0.0036	  0.1536	  1.0000	  0.0000
832.0000	160.0000	  0.0723	  0.1892	  1.0000	  1.0010
864.0000	160.0000	  0.0706	  0.2416	  1.0000	  1.0013
896.0000	160.0000	  0.0332	  0.2854	  1.0000	  1.0000
928.0000	160.0000	 -0.0315	  0.2906	  1.0000	  0.0000
960.0000	160.0000	 -0.1109	  0.2806	  1.0000	  1.0000
992.0000	160.0000	 -0.1886	  0.2839	  1.0000	  1.0015
1024.0000	160.0000	 -0.2488	  0.2842	  1.0000	  1.0003
 32.0000	192.0000	  0.4975	  0.2252	  0.0000	  1.0238
 64.0000	192.0000	  0.4221	  0.1854	  0.0000	  1.0491
 96.0000	192.0000	  0.3157	  0.1598	  0.0000	  1.0237
128.0000	192.0000	  0.2910	  0.1351	  0.0000	  1.0250
160.0000	192.0000	  0.3117	  0.1067	  0.0000	  1.0115
192.0000	192.0000	  0.2876	  0.1850	  0.0000	  1.0195
224.0000	192.0000	  0.2140	  0.1987	  0.0000	  1.0535
256.0000	192.0000	  0.1318	  0.1640	  0.0000	  1.0306
288.0000	192.0000	  0.0499	  0.1734	  0.0000	  1.0171
320.0000	192.0000	 -0.1041	  0.2896	  0.0000	  1.0248
352.0000	192.0000	 -0.3837	  0.5539	  0.0000	  1.0183
384.0000	192.0000	 -0.7550	  0.9487	  1.0000	  1.0018
416.0000	192.0000	 -1.1180	  1.3598	  1.0000	  1.0004
448.0000	192.0000	 -1.3861	  1.7059	  1.0000	  1.0113
480.0000	192.0000	 -1.4135	  1.8207	  1.0000	  1.0121
512.0000	192.0000	 -1.1304	  1.6140	  1.0000	  1.0026
544.0000	192.0000	 -0.6104	  1.1085	  0.0000	  1.0182
576.0000	192.0000	 -0.2743	  0.5216	  0.0000	  1.0313
608.0000	192.0000	 -0.2093	  0.1415	  0.0000	  1.0258
640.0000	192.0000	 -0.2417	  0.0142	  0.0000	  1.0302
672.0000	192.0000	 -0.2925	  0.0419	  0.0000	  1.0298
704.0000	192.0000	 -0.2856	  0.1056	  0.0000	  1.0167
736.0000	192.0000	 -0.1938	  0.1407	  1.0000	  1.0003
768.0000	192.0000	 -0.0919	  0.1844	  1.0000	  0.0000
800.0000	192.0000	 -0.0062	  0.2500	  1.0000	  1.0008
832.0000	192.0000	  0.0459	  0.3318	  1.0000	  1.0024
864.0000	192.0000	  0.0526	  0.4063	  1.0000	  1.0003
896.0000	192.0000	  0.0244	  0.4454	  1.0000	  1.0004
928.0000	192.0000	 -0.0258	  0.4209	  1.0000	  1.0007
960.0000	192.0000	 -0.0850	  0.3664	  1.0000	  1.0010
992.0000	192.0000	 -0.1388	  0.3371	  1.0000	  0.0000
1024.0000	192.0000	 -0.1796	  0.3309	  1.0000	  1.0007
 32.0000	224.0000	  0.4611	  0.1740	  1.0000	  1.0014
 64.0000	224.0000	  0.4052	  0.1531	  0.0000	  1.0265
 96.0000	224.0000	  0.3338	  0.1848	  0.0000	  1.0326
128.0000	224.0000	  0.3079	  0.2343	  0.0000	  1.0350
160.0000	224.0000	  0.3059	  0.2749	  0.0000	  1.0409
192.0000	224.0000	  0.2897	  0.3042	  0.0000	  1.0196
224.0000	224.0000	  0.1965	  0.2716	  0.0000	  1.0353
256.0000	224.0000	  0.0731	  0.1956	  0.0000	  1.0156
288.0000	224.0000	 -0.0103	  0.1454	  0.0000	  1.0167
320.0000	224.0000	 -0.0861	  0.1771	  0.0000	  1.0283
352.0000	224.0000	 -0.1989	  0.2972	  0.0000	  1.0237
384.0000	224.0000	 -0.3468	  0.4471	  0.0000	  1.0148
416.0000	224.0000	 -0.4569	  0.5843	  0.0000	  1.0281
448.0000	224.0000	 -0.5462	  0.7280	  0.0000	  1.0292
480.0000	224.0000	 -0.5540	  0.7937	  0.0000	  1.0239
512.0000	224.0000	 -0.4215	  0.7078	  1.0000	  1.0000
544.0000	224.0000	 -0.1667	  0.4182	  1.0000	  1.0246
576.0000	224.0000	  0.0043	  0.0469	  0.0000	  1.0219
608.0000	224.0000	 -0.0512	 -0.1995	  0.0000	  1.0200
640.0000	224.0000	 -0.0747	 -0.2336	  0.0000	  1.0362
672.0000	224.0000	 -0.0153	 -0.1748	  0.0000	  1.0417
704.0000	224.0000	  0.0313	 -0.0732	  0.0000	  1.0291
736.0000	224.0000	  0.0840	  0.0519	  1.0000	  1.0012
768.0000	224.0000	  0.0990	  0.2096	  1.0000	  1.0000
800.0000	224.0000	  0.0914	  0.3851	  1.0000	  1.0003
832.0000	224.0000	  0.0710	  0.5560	  1.0000	  1.0010
864.0000	224.0000	  0.0439	  0.6814	  1.0000	  1.0011
896.0000	224.0000	  0.0001	  0.7215	  1.0000	  1.0010
928.0000	224.0000	 -0.0452	  0.6393	  1.0000	  1.0001
960.0000	224.0000	 -0.0897	  0.5094	  0.0000	  1.0209
992.0000	224.0000	 -0.1293	  0.4501	  0.0000	  1.0217
1024.0000	224.0000	 -0.1670	  0.4482	  1.0000	  1.0005
 32.0000	256.0000	  0.5000	  0.1575	  1.0000	  1.0000
 64.0000	256.0000	  0.4767	  0.1592	  0.0000	  1.0129
 96.0000	256.0000	  0.4410	  0.2141	  0.0000	  1.0304
128.0000	256.0000	  0.3692	  0.3061	  0.0000	  1.0349
160.0000	256.0000	  0.3006	  0.3972	  0.0000	  1.0294
192.0000	256.0000	  0.2738	  0.3594	  0.0000	  1.0241
224.0000	256.0000	  0.1939	  0.2775	  0.0000	  1.0217
256.0000	256.0000	  0.0663	  0.1665	  0.0000	  1.0133
288.0000	256.0000	 -0.0268	  0.0854	  0.0000	  1.0085
320.0000	256.0000	 -0.0459	  0.0816	  0.0000	  1.0188
352.0000	256.0000	 -0.0469	  0.1477	  0.0000	  1.0363
384.0000	256.0000	 -0.0511	  0.2199	  0.0000	  1.0141
416.0000	256.0000	 -0.0526	  0.2458	  0.0000	  1.0347
448.0000	256.0000	 -0.0861	  0.2699	  0.0000	  1.0393
480.0000	256.0000	 -0.0849	  0.2577	  0.0000	  1.0552
512.0000	256.0000	 -0.0061	  0.1759	  1.0000	  1.0007
544.0000	256.0000	  0.1501	 -0.0375	  1.0000	  1.0017
576.0000	256.0000	  0.3083	 -0.3117	  1.0000	  1.0009
608.0000	256.0000	  0.3787	 -0.5190	  0.0000	  1.0183
640.0000	256.0000	  0.5185	 -0.5933	  0.0000	  1.0359
672.0000	256.0000	  0.7574	 -0.5950	  1.0000	  1.0103
704.0000	256.0000	  0.8323	 -0.4589	  1.0000	  1.0019
736.0000	256.0000	  0.7488	 -0.2067	  1.0000	  1.0003
768.0000	256.0000	  0.5668	  0.1147	  1.0000	  1.0006
800.0000	256.0000	  0.3585	  0.4541	  1.0000	  1.0005
832.0000	256.0000	  0.1775	  0.7617	  0.0000	  1.0222
864.0000	256.0000	  0.0556	  0.9853	  0.0000	  1.0267
896.0000	256.0000	 -0.0491	  1.0704	  0.0000	  1.0051
928.0000	256.0000	 -0.1104	  0.9364	  1.0000	  1.0003
960.0000	256.0000	 -0.1512	  0.7609	  0.0000	  1.0243
992.0000	256.0000	 -0.1948	  0.6800	  0.0000	  1.0230
1024.0000	256.0000	 -0.2407	  0.6791	  1.0000	  1.0002
 32.0000	288.0000	  0.5883	  0.1650	  1.0000	  1.0001
 64.0000	288.0000	  0.5801	  0.1813	  1.0000	  1.0000
 96.0000	288.0000	  0.5651	  0.2301	  0.0000	  1.0017
128.0000	288.0000	  0.4613	  0.3015	  0.0000	  1.0141
160.0000	288.0000	  0.3410	  0.3554	  0.0000	  1.0144
192.0000	288.0000	  0.2677	  0.3309	  0.0000	  1.0215
224.0000	288.0000	  0.2026	  0.2386	  0.0000	  1.0129
256.0000	288.0000	  0.1097	  0.1323	  0.0000	  1.0147
288.0000	288.0000	  0.0361	  0.0741	  0.0000	  1.0116
320.0000	288.0000	  0.0565	  0.0850	  0.0000	  1.0078
352.0000	288.0000	  0.1147	  0.1461	  0.0000	  1.0103
384.0000	288.0000	  0.2244	  0.1991	  0.0000	  1.0293
416.0000	288.0000	  0.2402	  0.2064	  0.0000	  1.0209
448.0000	288.0000	  0.1808	  0.1959	  0.0000	  1.0059
480.0000	288.0000	  0.2086	  0.0928	  1.0000	  1.0118
512.0000	288.0000	  0.3128	 -0.0863	  1.0000	  1.0002
544.0000	288.0000	  0.5409	 -0.3722	  1.0000	  1.0009
576.0000	288.0000	  0.9263	 -0.7230	  1.0000	  1.0008
608.0000	288.0000	  1.4022	 -1.0532	  1.0000	  1.0012
640.0000	288.0000	  1.8568	 -1.2639	  1.0000	  1.0006
672.0000	288.0000	  2.1984	 -1.3145	  1.0000	  1.0011
704.0000	288.0000	  2.2212	 -1.1269	  1.0000	  1.0010
736.0000	288.0000	  1.9125	 -0.7217	  1.0000	  1.0000
768.0000	288.0000	  1.4130	 -0.2007	  1.0000	  1.0018
800.0000	288.0000	  0.8669	  0.3424	  1.0000	  1.0009
832.0000	288.0000	  0.3932	  0.8258	  1.0000	  1.0166
864.0000	288.0000	  0.0778	  1.1746	  0.0000	  1.0107
896.0000	288.0000	 -0.1202	  1.3155	  0.0000	  1.0053
928.0000	288.0000	 -0.2256	  1.1745	  1.0000	  1.0007
960.0000	288.0000	 -0.2948	  1.0302	  1.0000	  1.0008
992.0000	288.0000	 -0.3558	  0.9718	  1.0000	  1.0004
1024.0000	288.0000	 -0.4036	  0.9805	  1.0000	  1.0003
 32.0000	320.0000	  0.6692	  0.1802	  1.0000	  1.0002
 64.0000	320.0000	  0.6484	  0.1962	  1.0000	  1.0002
 96.0000	320.0000	  0.6138	  0.2281	  1.0000	  1.0007
128.0000	320.0000	  0.5288	  0.2661	  1.0000	  1.0006
160.0000	320.0000	  0.4139	  0.2848	  0.0000	  1.0299
192.0000	320.0000	  0.3133	  0.2524	  0.0000	  1.0328
224.0000	320.0000	  0.2385	  0.1789	  0.0000	  1.0196
256.0000	320.0000	  0.1879	  0.1139	  0.0000	  1.0150
288.0000	320.0000	  0.1612	  0.1060	  0.0000	  1.0342
320.0000	320.0000	  0.1955	  0.1746	  0.0000	  1.0441
352.0000	320.0000	  0.2414	  0.2793	  0.0000	  1.0119
384.0000	320.0000	  0.3586	  0.3246	  0.0000	  1.0401
416.0000	320.0000	  0.4438	  0.2865	  0.0000	  1.0241
448.0000	320.0000	  0.4467	  0.2366	  1.0000	  1.0004
480.0000	320.0000	  0.5360	  0.0514	  1.0000	  1.0012
512.0000	320.0000	  0.7534	 -0.2666	  1.0000	  1.0012
544.0000	320.0000	  1.1711	 -0.7152	  0.0000	  1.0173
576.0000	320.0000	  1.9376	 -1.2646	  0.0000	  1.0179
608.0000	320.0000	  2.9394	 -1.8218	  1.0000	  1.0015
640.0000	320.0000	  3.7749	 -2.2155	  1.0000	  1.0014
672.0000	320.0000	  4.2833	 -2.3514	  1.0000	  1.0004
704.0000	320.0000	  4.2490	 -2.1311	  1.0000	  1.0003
736.0000	320.0000	  3.6523	 -1.5810	  1.0000	  1.0002
768.0000	320.0000	  2.7279	 -0.8724	  1.0000	  1.0001
800.0000	320.0000	  1.7072	 -0.1419	  1.0000	  1.0000
832.0000	320.0000	  0.7977	  0.4862	  1.0000	  1.0014
864.0000	320.0000	  0.1674	  0.8967	  1.0000	  1.0008
896.0000	320.0000	 -0.1623	  1.0478	  1.0000	  1.0011
928.0000	320.0000	 -0.3234	  1.0159	  1.0000	  1.0003
960.0000	320.0000	 -0.4240	  0.9844	  1.0000	  1.0000
992.0000	320.0000	 -0.5137	  1.0340	  0.0000	  1.0209
1024.0000	320.0000	 -0.5783	  1.1234	  0.0000	  1.0224
 32.0000	352.0000	  0.7209	  0.1982	  0.0000	  1.0281
 64.0000	352.0000	  0.6838	  0.2065	  1.0000	  1.0000
 96.0000	352.0000	  0.6462	  0.2147	  1.0000	  1.0000
128.0000	352.0000	  0.5940	  0.2253	  1.0000	  1.0005
160.0000	352.0000	  0.5130	  0.2330	  0.0000	  1.0289
192.0000	352.0000	  0.4019	  0.2156	  0.0000	  1.0229
224.0000	352.0000	  0.3262	  0.1687	  0.0000	  1.0149
256.0000	352.0000	  0.3121	  0.1416	  0.0000	  1.0210
288.0000	352.0000	  0.3187	  0.1767	  0.0000	  1.0283
320.0000	352.0000	  0.3453	  0.2919	  0.0000	  1.0271
352.0000	352.0000	  0.3852	  0.4471	  0.0000	  1.0219
384.0000	352.0000	  0.4734	  0.5611	  0.0000	  1.0074
416.0000	352.0000	  0.6070	  0.4874	  1.0000	  1.0037
448.0000	352.0000	  0.7502	  0.3335	  1.0000	  1.0007
480.0000	352.0000	  1.0135	  0.0145	  1.0000	  1.0004
512.0000	352.0000	  1.4874	 -0.4856	  1.0000	  1.0006
544.0000	352.0000	  2.2637	 -1.1463	  0.0000	  1.0151
576.0000	352.0000	  3.5654	 -1.9993	  1.0000	  1.0181
608.0000	352.0000	  4.9796	 -2.8085	  1.0000	  1.0002
640.0000	352.0000	  6.1697	 -3.4032	  1.0000	  0.0000
672.0000	352.0000	  6.8793	 -3.6573	  1.0000	  1.0001
704.0000	352.0000	  6.8177	 -3.4526	  1.0000	  1.0014
736.0000	352.0000	  5.9213	 -2.8256	  1.0000	  1.0001
768.0000	352.0000	  4.5202	 -2.0337	  1.0000	  1.0010
800.0000	352.0000	  2.9374	 -1.2197	  1.0000	  1.0005
832.0000	352.0000	  1.4895	 -0.5289	  1.0000	  1.0006
864.0000	352.0000	  0.4597	 -0.0967	  1.0000	  1.0000
896.0000	352.0000	 -0.0528	  0.0630	  1.0000	  1.0001
928.0000	352.0000	 -0.2828	  0.1352	  1.0000	  1.0002
960.0000	352.0000	 -0.4093	  0.2444	  1.0000	  1.0005
992.0000	352.0000	 -0.5239	  0.4714	  0.0000	  1.0173
1024.0000	352.0000	 -0.6104	  0.6992	  0.0000	  1.0158
 32.0000	384.0000	  0.6979	  0.2322	  0.0000	  1.0280
 64.0000	384.0000	  0.6635	  0.2280	  1.0000	  1.0010
 96.0000	384.0000	  0.6351	  0.2012	  1.0000	  1.0001
128.0000	384.0000	  0.6084	  0.1745	  1.0000	  1.0025
160.0000	384.0000	  0.5728	  0.1543	  0.0000	  1.0205
192.0000	384.0000	  0.4899	  0.1642	  0.0000	  1.0280
224.0000	384.0000	  0.4607	  0.1715	  0.0000	  1.0195
256.0000	384.0000	  0.4817	  0.2060	  0.0000	  1.0317
288.0000	384.0000	  0.4933	  0.2772	  1.0000	  1.0021
320.0000	384.0000	  0.5135	  0.3995	  0.0000	  1.0309
352.0000	384.0000	  0.5696	  0.5404	  0.0000	  1.0270
384.0000	384.0000	  0.6722	  0.6375	  0.0000	  1.0338
416.0000	384.0000	  0.8748	  0.5827	  1.0000	  1.0000
448.0000	384.0000	  1.1755	  0.3662	  1.0000	  1.0012
480.0000	384.0000	  1.6961	 -0.1052	  1.0000	  1.0011
512.0000	384.0000	  2.5591	 -0.8412	  1.0000	  1.0029
544.0000	384.0000	  3.8393	 -1.7963	  1.0000	  0.0000
576.0000	384.0000	  5.5344	 -2.8992	  1.0000	  1.0018
608.0000	384.0000	  7.2689	 -3.9166	  1.0000	  1.0001
640.0000	384.0000	  8.7268	 -4.6753	  1.0000	  1.0009
672.0000	384.0000	  9.6214	 -5.0558	  1.0000	  1.0014
704.0000	384.0000	  9.5773	 -4.9354	  1.0000	  0.0000
736.0000	384.0000	  8.4606	 -4.3779	  1.0000	  1.0003
768.0000	384.0000	  6.6269	 -3.7090	  1.0000	  1.0002
800.0000	384.0000	  4.4850	 -3.0079	  1.0000	  1.0004
832.0000	384.0000	  2.4719	 -2.4055	  1.0000	  1.0000
864.0000	384.0000	  1.0031	 -2.0317	  1.0000	  1.0005
896.0000	384.0000	  0.2843	 -1.8821	  1.0000	  0.0000
928.0000	384.0000	 -0.0192	 -1.7078	  1.0000	  1.0005
960.0000	384.0000	 -0.1519	 -1.4989	  1.0000	  1.0003
992.0000	384.0000	 -0.2494	 -1.2188	  1.0000	  1.0014
1024.0000	384.0000	 -0.3649	 -0.8396	  0.0000	  1.0013
 32.0000	416.0000	  0.5990	  0.3108	  1.0000	  1.0010
 64.0000	416.0000	  0.5908	  0.2778	  1.0000	  1.0011
 96.0000	416.0000	  0.5728	  0.1911	  1.0000	  1.0009
128.0000	416.0000	  0.5343	  0.1281	  1.0000	  1.0025
160.0000	416.0000	  0.5028	  0.1043	  1.0000	  1.0017
192.0000	416.0000	  0.4928	  0.1292	  1.0000	  1.0053
224.0000	416.0000	  0.5409	  0.1876	  0.0000	  1.0225
256.0000	416.0000	  0.6259	  0.2788	  0.0000	  1.0171
288.0000	416.0000	  0.6503	  0.3529	  1.0000	  1.0012
320.0000	416.0000	  0.7061	  0.4624	  1.0000	  1.0001
352.0000	416.0000	  0.7954	  0.5925	  1.0000	  1.0013
384.0000	416.0000	  0.9392	  0.6782	  1.0000	  1.0004
416.0000	416.0000	  1.2068	  0.6299	  1.0000	  1.0007
448.0000	416.0000	  1.6975	  0.3312	  1.0000	  1.0000
480.0000	416.0000	  2.5366	 -0.3119	  1.0000	  1.0002
512.0000	416.0000	  3.8305	 -1.2967	  1.0000	  1.0017
544.0000	416.0000	  5.5764	 -2.5315	  1.0000	  1.0010
576.0000	416.0000	  7.6315	 -3.8699	  1.0000	  0.0000
608.0000	416.0000	  9.6140	 -5.0566	  1.0000	  1.0013
640.0000	416.0000	 11.2189	 -5.9177	  1.0000	  1.0003
672.0000	416.0000	 12.2249	 -6.4009	  1.0000	  0.0000
704.0000	416.0000	 12.1922	 -6.4041	  1.0000	  1.0006
736.0000	416.0000	 10.9269	 -6.0449	  1.0000	  1.0007
768.0000	416.0000	  8.7520	 -5.6845	  1.0000	  1.0015
800.0000	416.0000	  6.1338	 -5.3021	  1.0000	  1.0006
832.0000	416.0000	  3.6178	 -4.9684	  1.0000	  1.0005
864.0000	416.0000	  1.7451	 -4.7668	  1.0000	  1.0009
896.0000	416.0000	  0.8367	 -4.6648	  1.0000	  1.0005
928.0000	416.0000	  0.4720	 -4.4131	  1.0000	  1.0014
960.0000	416.0000	  0.3435	 -4.1327	  1.0000	  0.0000
992.0000	416.0000	  0.2790	 -3.8596	  1.0000	  1.0002
1024.0000	416.0000	  0.2189	 -3.6111	  1.0000	  1.0011
 32.0000	448.0000	  0.4942	  0.4240	  1.0000	  1.0001
 64.0000	448.0000	  0.5141	  0.3587	  0.0000	  1.0077
 96.0000	448.0000	  0.4987	  0.1706	  0.0000	  1.0116
128.0000	448.0000	  0.4097	  0.0664	  0.0000	  1.0215
160.0000	448.0000	  0.3626	  0.0384	  0.0000	  1.0247
192.0000	448.0000	  0.4060	  0.0686	  1.0000	  1.0011
224.0000	448.0000	  0.4955	  0.1548	  1.0000	  1.0002
256.0000	448.0000	  0.6119	  0.2535	  0.0000	  1.0036
288.0000	448.0000	  0.6886	  0.3579	  1.0000	  0.0000
320.0000	448.0000	  0.7955	  0.4557	  1.0000	  1.0015
352.0000	448.0000	  0.9421	  0.5702	  1.0000	  1.0011
384.0000	448.0000	  1.1578	  0.6428	  1.0000	  1.0004
416.0000	448.0000	  1.5406	  0.5894	  1.0000	  1.0003
448.0000	448.0000	  2.2585	  0.2120	  1.0000	  1.0002
480.0000	448.0000	  3.4509	 -0.5974	  1.0000	  1.0015
512.0000	448.0000	  5.1748	 -1.8125	  1.0000	  1.0000
544.0000	448.0000	  7.3321	 -3.2916	  1.0000	  1.0016
576.0000	448.0000	  9.6905	 -4.8354	  1.0000	  0.0000
608.0000	448.0000	 11.8453	 -6.1538	  1.0000	  0.0000
640.0000	448.0000	 13.5062	 -7.0737	  1.0000	  1.0011
672.0000	448.0000	 14.4583	 -7.5757	  1.0000	  1.0013
704.0000	448.0000	 14.3648	 -7.6989	  1.0000	  1.0010
736.0000	448.0000	 12.9760	 -7.6305	  1.0000	  1.0001
768.0000	448.0000	 10.5763	 -7.7205	  1.0000	  1.0005
800.0000	448.0000	  7.6256	 -7.8395	  1.0000	  1.0008
832.0000	448.0000	  4.7493	 -7.9535	  1.0000	  1.0001
864.0000	448.0000	  2.5802	 -8.0391	  1.0000	  1.0003
896.0000	448.0000	  1.5390	 -8.0181	  1.0000	  1.0002
928.0000	448.0000	  1.1431	 -7.7227	  1.0000	  1.0006
960.0000	448.0000	  1.0305	 -7.3954	  1.0000	  1.0012
992.0000	448.0000	  1.0006	 -7.1363	  1.0000	  0.0000
1024.0000	448.0000	  0.9803	 -6.9652	  1.0000	  1.0004
 32.0000	480.0000	  0.4313	  0.5043	  0.0000	  1.0113
 64.0000	480.0000	  0.4684	  0.3680	  0.0000	  1.0251
 96.0000	480.0000	  0.4355	  0.1010	  0.0000	  1.0136
128.0000	480.0000	  0.3252	 -0.0209	  0.0000	  1.0204
160.0000	480.0000	  0.2588	 -0.0542	  0.0000	  1.0269
192.0000	480.0000	  0.2807	 -0.0269	  0.0000	  1.0171
224.0000	480.0000	  0.3553	  0.0971	  0.0000	  1.0315
256.0000	480.0000	  0.4552	  0.2279	  0.0000	  1.0514
288.0000	480.0000	  0.5983	  0.3287	  0.0000	  1.0310
320.0000	480.0000	  0.7469	  0.3928	  1.0000	  1.0028
352.0000	480.0000	  0.9631	  0.4936	  1.0000	  1.0001
384.0000	480.0000	  1.2658	  0.5687	  1.0000	  1.0010
416.0000	480.0000	  1.7798	  0.4992	  1.0000	  1.0008
448.0000	480.0000	  2.7143	  0.0626	  1.0000	  1.0003
480.0000	480.0000	  4.2221	 -0.8701	  1.0000	  0.0000
512.0000	480.0000	  6.3058	 -2.2502	  1.0000	  1.0015
544.0000	480.0000	  8.7915	 -3.9115	  1.0000	  1.0010
576.0000	480.0000	 11.3731	 -5.6124	  1.0000	  0.0000
608.0000	480.0000	 13.6170	 -7.0176	  1.0000	  1.0009
640.0000	480.0000	 15.2273	 -7.9348	  1.0000	  1.0001
672.0000	480.0000	 16.0654	 -8.4235	  1.0000	  1.0007
704.0000	480.0000	 15.8805	 -8.6666	  1.0000	  0.0000
736.0000	480.0000	 14.3530	 -8.9473	  1.0000	  1.0041
768.0000	480.0000	 11.8242	 -9.5622	  1.0000	  1.0004
800.0000	480.0000	  8.6876	-10.2966	  1.0000	  1.0025
832.0000	480.0000	  5.6454	-10.9861	  1.0000	  1.0018
864.0000	480.0000	  3.3532	-11.4273	  1.0000	  1.0014
896.0000	480.0000	  2.2718	-11.4933	  1.0000	  1.0013
928.0000	480.0000	  1.8884	-11.1817	  1.0000	  1.0002
960.0000	480.0000	  1.8052	-10.8302	  1.0000	  1.0010
992.0000	480.0000	  1.8076	-10.5844	  1.0000	  0.0000
1024.0000	480.0000	  1.8127	-10.4496	  1.0000	  0.0000
 32.0000	512.0000	  0.5811	  0.5346	  0.0000	  1.0230
 64.0000	512.0000	  0.5506	  0.3784	  0.0000	  1.0221
 96.0000	512.0000	  0.4592	  0.0985	  0.0000	  1.0259
128.0000	512.0000	  0.3400	 -0.0673	  0.0000	  1.0185
160.0000	512.0000	  0.2537	 -0.1355	  0.0000	  1.0299
192.0000	512.0000	  0.2276	 -0.1308	  0.0000	  1.0329
224.0000	512.0000	  0.2586	 -0.0230	  0.0000	  1.0393
256.0000	512.0000	  0.3169	  0.1155	  0.0000	  1.0369
288.0000	512.0000	  0.4221	  0.2055	  0.0000	  1.0431
320.0000	512.0000	  0.5711	  0.2657	  0.0000	  1.0180
352.0000	512.0000	  0.8508	  0.3821	  1.0000	  0.0000
384.0000	512.0000	  1.2216	  0.4705	  1.0000	  1.0002
416.0000	512.0000	  1.8349	  0.4068	  1.0000	  0.0000
448.0000	512.0000	  2.9184	 -0.0378	  1.0000	  1.0016
480.0000	512.0000	  4.6396	 -1.0132	  1.0000	  1.0026
512.0000	512.0000	  6.9835	 -2.4784	  1.0000	  1.0014
544.0000	512.0000	  9.7273	 -4.2632	  1.0000	  0.0000
576.0000	512.0000	 12.4865	 -6.0892	  1.0000	  0.0000
608.0000	512.0000	 14.8001	 -7.5712	  1.0000	  0.0000
640.0000	512.0000	 16.3301	 -8.4621	  1.0000	  1.0004
672.0000	512.0000	 17.0549	 -8.9111	  1.0000	  1.0016
704.0000	512.0000	 16.8432	 -9.2374	  1.0000	  1.0002
736.0000	512.0000	 15.3454	 -9.8254	  1.0000	  1.0005
768.0000	512.0000	 12.4529	-10.9704	  1.0000	  1.0005
800.0000	512.0000	  9.1365	-12.3098	  1.0000	  1.0005
832.0000	512.0000	  6.1010	-13.5708	  1.0000	  1.0004
864.0000	512.0000	  3.8876	-14.3271	  1.0000	  1.0004
896.0000	512.0000	  2.8734	-14.4599	  1.0000	  1.0010
928.0000	512.0000	  2.5476	-14.1615	  1.0000	  1.0004
960.0000	512.0000	  2.5050	-13.8153	  1.0000	  1.0004
992.0000	512.0000	  2.5389	-13.6044	  1.0000	  1.0010
1024.0000	512.0000	  2.5624	-13.5010	  1.0000	  1.0003
 32.0000	544.0000	  0.7849	  0.2984	  0.0000	  1.0237
 64.0000	544.0000	  0.6907	  0.2089	  0.0000	  1.0120
 96.0000	544.0000	  0.5388	  0.0478	  1.0000	  1.0006
128.0000	544.0000	  0.4119	 -0.1020	  0.0000	  1.0186
160.0000	544.0000	  0.3162	 -0.1938	  0.0000	  1.0205
192.0000	544.0000	  0.2418	 -0.2256	  0.0000	  1.0226
224.0000	544.0000	  0.2310	 -0.1766	  0.0000	  1.0396
256.0000	544.0000	  0.2501	 -0.0410	  0.0000	  1.0517
288.0000	544.0000	  0.3066	  0.0726	  0.0000	  1.0582
320.0000	544.0000	  0.4334	  0.1578	  0.0000	  1.0209
352.0000	544.0000	  0.6930	  0.2802	  1.0000	  1.0005
384.0000	544.0000	  1.0697	  0.3756	  1.0000	  1.0024
416.0000	544.0000	  1.7284	  0.3253	  1.0000	  1.0002
448.0000	544.0000	  2.9042	 -0.1022	  1.0000	  1.0001
480.0000	544.0000	  4.7853	 -1.0815	  1.0000	  1.0009
512.0000	544.0000	  7.3512	 -2.5943	  1.0000	  1.0016
544.0000	544.0000	 10.3458	 -4.4787	  1.0000	  1.0003
576.0000	544.0000	 13.2807	 -6.4146	  1.0000	  1.0006
608.0000	544.0000	 15.6536	 -7.9599	  1.0000	  1.0005
640.0000	544.0000	 17.0781	 -8.8057	  1.0000	  1.0010
672.0000	544.0000	 17.6527	 -9.1866	  1.0000	  1.0003
704.0000	544.0000	 17.3482	 -9.5446	  1.0000	  1.0007
736.0000	544.0000	 15.7852	-10.3750	  1.0000	  1.0027
768.0000	544.0000	 12.6701	-12.0176	  1.0000	  1.0003
800.0000	544.0000	  9.1723	-13.8392	  1.0000	  1.0006
832.0000	544.0000	  6.1713	-15.3754	  1.0000	  1.0002
864.0000	544.0000	  4.1382	-16.2992	  1.0000	  1.0005
896.0000	544.0000	  3.2642	-16.5185	  1.0000	  1.0007
928.0000	544.0000	  3.0309	-16.3043	  1.0000	  1.0005
960.0000	544.0000	  3.0367	-16.0084	  1.0000	  1.0004
992.0000	544.0000	  3.1041	-15.8729	  1.0000	  1.0027
1024.0000	544.0000	  3.1430	-15.8107	  1.0000	  1.0003
 32.0000	576.0000	  0.8994	  0.1657	  1.0000	  1.0026
 64.0000	576.0000	  0.7625	  0.1147	  1.0000	  0.0000
 96.0000	576.0000	  0.5637	  0.0242	  1.0000	  1.0014
128.0000	576.0000	  0.4228	 -0.0821	  1.0000	  1.0002
160.0000	576.0000	  0.3493	 -0.1758	  1.0000	  0.0000
192.0000	576.0000	  0.2793	 -0.2187	  1.0000	  1.0009
224.0000	576.0000	  0.2441	 -0.1956	  1.0000	  0.0000
256.0000	576.0000	  0.2372	 -0.1091	  1.0000	  1.0011
288.0000	576.0000	  0.2750	 -0.0092	  1.0000	  1.0000
320.0000	576.0000	  0.3772	  0.0912	  1.0000	  1.0003
352.0000	576.0000	  0.5793	  0.2088	  1.0000	  1.0005
384.0000	576.0000	  0.9288	  0.3046	  1.0000	  0.0000
416.0000	576.0000	  1.5976	  0.2668	  1.0000	  0.0000
448.0000	576.0000	  2.8163	 -0.1356	  1.0000	  1.0000
480.0000	576.0000	  4.7887	 -1.0976	  1.0000	  1.0004
512.0000	576.0000	  7.5041	 -2.6242	  1.0000	  0.0000
544.0000	576.0000	 10.6969	 -4.5757	  1.0000	  1.0000
576.0000	576.0000	 13.7930	 -6.6083	  1.0000	  1.0000
608.0000	576.0000	 16.2384	 -8.2221	  1.0000	  1.0004
640.0000	576.0000	 17.5638	 -9.0249	  1.0000	  0.0000
672.0000	576.0000	 17.9881	 -9.3338	  1.0000	  1.0008
704.0000	576.0000	 17.5594	 -9.6844	  1.0000	  0.0000
736.0000	576.0000	 15.8792	-10.6497	  1.0000	  1.0002
768.0000	576.0000	 12.5765	-12.5953	  1.0000	  1.0008
800.0000	576.0000	  8.9569	-14.7331	  1.0000	  1.0001
832.0000	576.0000	  6.0362	-16.4369	  1.0000	  1.0003
864.0000	576.0000	  4.1991	-17.4495	  1.0000	  1.0004
896.0000	576.0000	  3.4749	-17.7512	  1.0000	  1.0003
928.0000	576.0000	  3.3381	-17.6544	  1.0000	  1.0005
960.0000	576.0000	  3.3993	-17.4702	  1.0000	  1.0016
992.0000	576.0000	  3.4844	-17.3678	  1.0000	  1.0002
1024.0000	576.0000	  3.5303	-17.3247	  1.0000	  0.0000
 32.0000	608.0000	  0.9507	  0.0893	  1.0000	  1.0343
 64.0000	608.0000	  0.7712	  0.0623	  1.0000	  0.0000
 96.0000	608.0000	  0.4973	  0.0142	  0.0000	  1.0067
128.0000	608.0000	  0.3518	 -0.0569	  0.0000	  1.0182
160.0000	608.0000	  0.3391	 -0.1539	  1.0000	  1.0269
192.0000	608.0000	  0.2951	 -0.2062	  1.0000	  1.0004
224.0000	608.0000	  0.2575	 -0.1984	  1.0000	  1.0001
256.0000	608.0000	  0.2394	 -0.1375	  1.0000	  1.0003
288.0000	608.0000	  0.2649	 -0.0495	  1.0000	  1.0023
320.0000	608.0000	  0.3464	  0.0538	  1.0000	  1.0009
352.0000	608.0000	  0.5124	  0.1688	  1.0000	  0.0000
384.0000	608.0000	  0.8364	  0.2639	  1.0000	  1.0014
416.0000	608.0000	  1.4955	  0.2350	  1.0000	  1.0013
448.0000	608.0000	  2.7102	 -0.1401	  1.0000	  1.0011
480.0000	608.0000	  4.6911	 -1.0663	  1.0000	  1.0003
512.0000	608.0000	  7.4507	 -2.5700	  1.0000	  1.0004
544.0000	608.0000	 10.7455	 -4.5437	  1.0000	  1.0007
576.0000	608.0000	 13.9508	 -6.6410	  1.0000	  1.0003
608.0000	608.0000	 16.4825	 -8.3255	  1.0000	  1.0007
640.0000	608.0000	 17.7662	 -9.1123	  1.0000	  1.0023
672.0000	608.0000	 18.1147	 -9.3844	  1.0000	  1.0003
704.0000	608.0000	 17.6152	 -9.7251	  1.0000	  1.0008
736.0000	608.0000	 15.8613	-10.7446	  1.0000	  1.0005
768.0000	608.0000	 12.4529	-12.8251	  1.0000	  1.0012
800.0000	608.0000	  8.7229	-15.1617	  1.0000	  1.0000
832.0000	608.0000	  5.8710	-16.9509	  1.0000	  1.0003
864.0000	608.0000	  4.1832	-17.9925	  1.0000	  1.0003
896.0000	608.0000	  3.5632	-18.3396	  1.0000	  1.0007
928.0000	608.0000	  3.4896	-18.3189	  1.0000	  1.0003
960.0000	608.0000	  3.5845	-18.2046	  1.0000	  1.0002
992.0000	608.0000	  3.6811	-18.1294	  1.0000	  0.0000
1024.0000	608.0000	  3.7308	-18.0984	  1.0000	  1.0000
