 32.0000	 32.0000	  0.1094	 -0.1762	  1.0000	  1.0039
 64.0000	 32.0000	  0.1186	 -0.1562	  1.0000	  0.0000
 96.0000	 32.0000	  0.1164	 -0.1187	  1.0000	  1.0039
128.0000	 32.0000	  0.0754	 -0.0623	  1.0000	  1.0021
160.0000	 32.0000	 -0.0452	  0.0058	  1.0000	  1.0030
192.0000	 32.0000	 -0.2106	  0.0731	  0.0000	  1.0621
224.0000	 32.0000	 -0.3554	  0.1079	  0.0000	  1.0748
256.0000	 32.0000	 -0.4452	  0.1209	  0.0000	  1.0482
288.0000	 32.0000	 -0.5155	  0.1553	  1.0000	  1.0072
320.0000	 32.0000	 -0.5822	  0.1792	  1.0000	  1.0024
352.0000	 32.0000	 -0.6533	  0.1834	  1.0000	  1.0183
384.0000	 32.0000	 -0.7715	  0.1539	  0.0000	  1.0103
416.0000	 32.0000	 -1.1260	  0.1573	  1.0000	  1.0234
448.0000	 32.0000	 -1.3414	  0.1359	  0.0000	  1.0176
480.0000	 32.0000	 -1.2131	  0.1061	  1.0000	  1.0009
512.0000	 32.0000	 -0.9631	  0.0702	  1.0000	  1.0067
544.0000	 32.0000	 -0.6830	  0.0280	  1.0000	  1.0107
576.0000	 32.0000	 -0.4336	 -0.0240	  1.0000	  0.0000
608.0000	 32.0000	 -0.2441	 -0.0816	  1.0000	  1.0041
640.0000	 32.0000	 -0.1401	 -0.1363	  1.0000	  1.0128
672.0000	 32.0000	 -0.0963	 -0.1827	  1.0000	  1.0044
704.0000	 32.0000	 -0.0963	 -0.2168	  1.0000	  1.0073
736.0000	 32.0000	 -0.1180	 -0.2202	  1.0000	  1.0032
768.0000	 32.0000	 -0.1420	 -0.2107	  1.0000	  1.0016
800.0000	 32.0000	 -0.1498	 -0.1807	  1.0000	  0.0000
832.0000	 32.0000	 -0.1300	 -0.1299	  0.0000	  1.0250
864.0000	 32.0000	 -0.0812	 -0.0666	  0.0000	  1.1329
896.0000	 32.0000	 -0.0297	 -0.0615	  0.0000	  1.1611
928.0000	 32.0000	  0.0170	 -0.0994	  0.0000	  1.1225
960.0000	 32.0000	  0.0040	 -0.1206	  0.0000	  1.1027
992.0000	 32.0000	 -0.0752	 -0.1060	  0.0000	  1.1037
1024.0000	 32.0000	 -0.1578	 -0.0836	  0.0000	  1.0820
 32.0000	 64.0000	  0.0655	 -0.1849	  1.0000	  1.0077
 64.0000	 64.0000	  0.0838	 -0.1653	  1.0000	  1.0117
 96.0000	 64.0000	  0.0966	 -0.1270	  1.0000	  1.0014
128.0000	 64.0000	  0.0776	 -0.0694	  0.0000	  1.0348
160.0000	 64.0000	 -0.0370	  0.0015	  0.0000	  1.0373
192.0000	 64.0000	 -0.1887	  0.0788	  0.0000	  1.0612
224.0000	 64.0000	 -0.3144	  0.1177	  0.0000	  1.0561
256.0000	 64.0000	 -0.4010	  0.1352	  0.0000	  1.0907
288.0000	 64.0000	 -0.4948	  0.1762	  1.0000	  1.0050
320.0000	 64.0000	 -0.5881	  0.2188	  1.0000	  1.0041
352.0000	 64.0000	 -0.6930	  0.2393	  1.0000	  1.0004
384.0000	 64.0000	 -0.8547	  0.2233	  1.0000	  1.0067
416.0000	 64.0000	 -1.1403	  0.1998	  0.0000	  1.0092
448.0000	 64.0000	 -1.2480	  0.1551	  0.0000	  1.0166
480.0000	 64.0000	 -1.1024	  0.1201	  1.0000	  1.0085
512.0000	 64.0000	 -0.8750	  0.0854	  1.0000	  1.0012
544.0000	 64.0000	 -0.6284	  0.0459	  1.0000	  1.0028
576.0000	 64.0000	 -0.4120	 -0.0054	  1.0000	  0.0000
608.0000	 64.0000	 -0.2436	 -0.0626	  1.0000	  1.0022
640.0000	 64.0000	 -0.1453	 -0.1161	  1.0000	  1.0725
672.0000	 64.0000	 -0.0977	 -0.1637	  0.0000	  1.0901
704.0000	 64.0000	 -0.0969	 -0.2054	  0.0000	  1.0665
736.0000	 64.0000	 -0.1211	 -0.2097	  1.0000	  1.0032
768.0000	 64.0000	 -0.1499	 -0.2137	  1.0000	  1.0037
800.0000	 64.0000	 -0.1664	 -0.2051	  1.0000	  0.0000
832.0000	 64.0000	 -0.1551	 -0.1745	  0.0000	  1.0779
864.0000	 64.0000	 -0.0949	 -0.1293	  0.0000	  1.1650
896.0000	 64.0000	 -0.0163	 -0.1230	  0.0000	  1.1643
928.0000	 64.0000	  0.0527	 -0.1508	  0.0000	  1.0909
960.0000	 64.0000	  0.0434	 -0.1561	  0.0000	  1.1087
992.0000	 64.0000	 -0.0461	 -0.1392	  0.0000	  1.1344
1024.0000	 64.0000	 -0.1381	 -0.1181	  0.0000	  1.1148
 32.0000	 96.0000	 -0.0340	 -0.1920	  0.0000	  1.0582
 64.0000	 96.0000	 -0.0043	 -0.1744	  0.0000	  1.0925
 96.0000	 96.0000	  0.0159	 -0.1327	  0.0000	  1.0696
128.0000	 96.0000	 -0.0148	 -0.0639	  0.0000	  1.3989
160.0000	 96.0000	 -0.0905	  0.0084	  0.0000	  1.1725
192.0000	 96.0000	 -0.1832	  0.0771	  0.0000	  1.1857
224.0000	 96.0000	 -0.2570	  0.1089	  0.0000	  1.1159
256.0000	 96.0000	 -0.3329	  0.1362	  0.0000	  1.1346
288.0000	 96.0000	 -0.4434	  0.1938	  0.0000	  1.0733
320.0000	 96.0000	 -0.5560	  0.2678	  0.0000	  1.0807
352.0000	 96.0000	 -0.6616	  0.3087	  0.0000	  1.0562
384.0000	 96.0000	 -0.7870	  0.2815	  1.0000	  1.0025
416.0000	 96.0000	 -0.9414	  0.2358	  1.0000	  1.0028
448.0000	 96.0000	 -0.9878	  0.1807	  1.0000	  0.0000
480.0000	 96.0000	 -0.8907	  0.1410	  1.0000	  0.0000
512.0000	 96.0000	 -0.7240	  0.1115	  1.0000	  1.0049
544.0000	 96.0000	 -0.5380	  0.0804	  1.0000	  1.0018
576.0000	 96.0000	 -0.3804	  0.0300	  1.0000	  1.0024
608.0000	 96.0000	 -0.2443	 -0.0295	  1.0000	  1.0077
640.0000	 96.0000	 -0.1551	 -0.0767	  0.0000	  1.1453
672.0000	 96.0000	 -0.1091	 -0.1080	  0.0000	  1.1367
704.0000	 96.0000	 -0.1007	 -0.1424	  0.0000	  1.1062
736.0000	 96.0000	 -0.1198	 -0.1773	  1.0000	  1.0007
768.0000	 96.0000	 -0.1531	 -0.2158	  1.0000	  1.0027
800.0000	 96.0000	 -0.1835	 -0.2493	  1.0000	  1.0001
832.0000	 96.0000	 -0.1900	 -0.2723	  0.0000	  1.0524
864.0000	 96.0000	 -0.1212	 -0.2357	  0.0000	  1.1203
896.0000	 96.0000	 -0.0144	 -0.2180	  0.0000	  1.1331
928.0000	 96.0000	  0.0798	 -0.2304	  0.0000	  1.0366
960.0000	 96.0000	  0.0640	 -0.2063	  0.0000	  1.0590
992.0000	 96.0000	 -0.0488	 -0.1744	  0.0000	  1.1817
1024.0000	 96.0000	 -0.1518	 -0.1512	  0.0000	  1.1517
 32.0000	128.0000	 -0.1983	 -0.1800	  0.0000	  1.0586
 64.0000	128.0000	 -0.1737	 -0.1678	  0.0000	  1.0660
 96.0000	128.0000	 -0.1455	 -0.1277	  0.0000	  1.0323
128.0000	128.0000	 -0.1360	 -0.0662	  0.0000	  1.3886
160.0000	128.0000	 -0.1713	 -0.0120	  0.0000	  1.1706
192.0000	128.0000	 -0.2221	  0.0366	  0.0000	  1.1799
224.0000	128.0000	 -0.2587	  0.0666	  0.0000	  1.1279
256.0000	128.0000	 -0.2998	  0.1050	  0.0000	  1.1346
288.0000	128.0000	 -0.3738	  0.1750	  0.0000	  1.0990
320.0000	128.0000	 -0.4487	  0.2731	  0.0000	  1.0519
352.0000	128.0000	 -0.5520	  0.3310	  0.0000	  1.0436
384.0000	128.0000	 -0.6517	  0.3041	  1.0000	  1.0046
416.0000	128.0000	 -0.7282	  0.2513	  1.0000	  1.0019
448.0000	128.0000	 -0.7321	  0.1939	  1.0000	  0.0000
480.0000	128.0000	 -0.6606	  0.1560	  1.0000	  0.0000
512.0000	128.0000	 -0.5489	  0.1394	  1.0000	  0.0000
544.0000	128.0000	 -0.4267	  0.1272	  0.0000	  1.0050
576.0000	128.0000	 -0.3437	  0.0776	  0.0000	  1.0968
608.0000	128.0000	 -0.2383	  0.0056	  0.0000	  1.1783
640.0000	128.0000	 -0.1541	 -0.0368	  0.0000	  1.1497
672.0000	128.0000	 -0.1041	 -0.0509	  0.0000	  1.1389
704.0000	128.0000	 -0.0797	 -0.0792	  0.0000	  1.1562
736.0000	128.0000	 -0.0916	 -0.1463	  1.0000	  1.0007
768.0000	128.0000	 -0.1313	 -0.2107	  1.0000	  0.0000
800.0000	128.0000	 -0.1749	 -0.2654	  1.0000	  1.0030
832.0000	128.0000	 -0.1936	 -0.3063	  0.0000	  1.0851
864.0000	128.0000	 -0.1367	 -0.2973	  0.0000	  1.0878
896.0000	128.0000	 -0.0363	 -0.2735	  1.0000	  1.0016
928.0000	128.0000	  0.0425	 -0.2581	  1.0000	  0.0000
960.0000	128.0000	  0.0389	 -0.2312	  1.0000	  1.0085
992.0000	128.0000	 -0.0441	 -0.2043	  0.0000	  1.1418
1024.0000	128.0000	 -0.1293	 -0.1905	  0.0000	  1.1254
 32.0000	160.0000	 -0.3568	 -0.1485	  0.0000	  1.0760
 64.0000	160.0000	 -0.3384	 -0.1359	  0.0000	  1.0754
 96.0000	160.0000	 -0.2995	 -0.1003	  0.0000	  1.0156
128.0000	160.0000	 -0.2292	 -0.0654	  0.0000	  1.0616
160.0000	160.0000	 -0.2402	 -0.0482	  0.0000	  1.0917
192.0000	160.0000	 -0.2715	 -0.0296	  0.0000	  1.1154
224.0000	160.0000	 -0.2833	 -0.0057	  0.0000	  1.1018
256.0000	160.0000	 -0.2765	  0.0296	  0.0000	  1.1241
288.0000	160.0000	 -0.2701	  0.1010	  0.0000	  1.0718
320.0000	160.0000	 -0.2691	  0.2091	  0.0000	  1.0038
352.0000	160.0000	 -0.4065	  0.2866	  0.0000	  1.0028
384.0000	160.0000	 -0.5123	  0.2989	  1.0000	  0.0000
416.0000	160.0000	 -0.5479	  0.2523	  1.0000	  1.0051
448.0000	160.0000	 -0.5201	  0.1871	  1.0000	  1.0064
480.0000	160.0000	 -0.4612	  0.1480	  1.0000	  1.0031
512.0000	160.0000	 -0.3974	  0.1451	  1.0000	  0.0000
544.0000	160.0000	 -0.3396	  0.1520	  0.0000	  1.0063
576.0000	160.0000	 -0.2950	  0.1226	  0.0000	  1.1329
608.0000	160.0000	 -0.2158	  0.0306	  0.0000	  1.1518
640.0000	160.0000	 -0.1236	 -0.0442	  0.0000	  1.1484
672.0000	160.0000	 -0.0472	 -0.0689	  0.0000	  1.1466
704.0000	160.0000	  0.0022	 -0.0938	  0.0000	  1.1537
736.0000	160.0000	 -0.0108	 -0.1512	  1.0000	  1.0022
768.0000	160.0000	 -0.0641	 -0.2052	  1.0000	  1.0099
800.0000	160.0000	 -0.1216	 -0.2531	  1.0000	  1.0003
832.0000	160.0000	 -0.1456	 -0.2892	  1.0000	  1.0017
864.0000	160.0000	 -0.1056	 -0.2969	  1.0000	  0.0000
896.0000	160.0000	 -0.0259	 -0.2838	  1.0000	  1.0088
928.0000	160.0000	  0.0441	 -0.2649	  1.0000	  1.0086
960.0000	160.0000	  0.0650	 -0.2477	  1.0000	  1.0073
992.0000	160.0000	  0.0365	 -0.2417	  1.0000	  1.0006
1024.0000	160.0000	 -0.0024	 -0.2430	  1.0000	  1.0078
 32.0000	192.0000	 -0.3706	 -0.1280	  0.0000	  1.0589
 64.0000	192.0000	 -0.3387	 -0.1089	  0.0000	  1.0561
 96.0000	192.0000	 -0.2755	 -0.0747	  0.0000	  1.0569
128.0000	192.0000	 -0.2251	 -0.0674	  0.0000	  1.0741
160.0000	192.0000	 -0.2509	 -0.0804	  0.0000	  1.0720
192.0000	192.0000	 -0.2744	 -0.0840	  0.0000	  1.1137
224.0000	192.0000	 -0.2537	 -0.0716	  1.0000	  1.0075
256.0000	192.0000	 -0.2311	 -0.0385	  0.0000	  1.1275
288.0000	192.0000	 -0.2148	  0.0404	  0.0000	  1.1445
320.0000	192.0000	 -0.2374	  0.1581	  0.0000	  1.1236
352.0000	192.0000	 -0.3468	  0.2631	  0.0000	  1.0779
384.0000	192.0000	 -0.4473	  0.3081	  1.0000	  0.0000
416.0000	192.0000	 -0.4409	  0.2502	  1.0000	  1.0001
448.0000	192.0000	 -0.3800	  0.1554	  0.0000	  1.1144
480.0000	192.0000	 -0.3238	  0.1029	  0.0000	  1.1275
512.0000	192.0000	 -0.2757	  0.1109	  0.0000	  1.0017
544.0000	192.0000	 -0.2262	  0.1397	  0.0000	  1.0472
576.0000	192.0000	 -0.1931	  0.0942	  0.0000	  1.1360
608.0000	192.0000	 -0.1434	 -0.0304	  0.0000	  1.1160
640.0000	192.0000	 -0.0480	 -0.1628	  0.0000	  1.0869
672.0000	192.0000	  0.0719	 -0.2074	  0.0000	  1.1017
704.0000	192.0000	  0.1501	 -0.2095	  0.0000	  1.0685
736.0000	192.0000	  0.1163	 -0.1900	  1.0000	  1.0024
768.0000	192.0000	  0.0411	 -0.1871	  1.0000	  0.0000
800.0000	192.0000	 -0.0336	 -0.2032	  1.0000	  0.0000
832.0000	192.0000	 -0.0724	 -0.2295	  1.0000	  1.0019
864.0000	192.0000	 -0.0459	 -0.2490	  1.0000	  1.0081
896.0000	192.0000	  0.0210	 -0.2518	  1.0000	  1.0018
928.0000	192.0000	  0.0884	 -0.2450	  1.0000	  0.0000
960.0000	192.0000	  0.1261	 -0.2483	  1.0000	  1.0044
992.0000	192.0000	  0.1294	 -0.2777	  1.0000	  0.0000
1024.0000	192.0000	  0.1196	 -0.3081	  1.0000	  1.0013
 32.0000	224.0000	 -0.3073	 -0.1179	  1.0000	  1.0012
 64.0000	224.0000	 -0.2824	 -0.1081	  1.0000	  1.0009
 96.0000	224.0000	 -0.2459	 -0.0936	  0.0000	  1.1295
128.0000	224.0000	 -0.2137	 -0.1180	  0.0000	  1.1535
160.0000	224.0000	 -0.2194	 -0.1580	  0.0000	  1.1242
192.0000	224.0000	 -0.2272	 -0.1649	  0.0000	  1.0822
224.0000	224.0000	 -0.1943	 -0.1321	  0.0000	  1.1083
256.0000	224.0000	 -0.1774	 -0.0744	  0.0000	  1.1345
288.0000	224.0000	 -0.1806	  0.0112	  0.0000	  1.1321
320.0000	224.0000	 -0.2188	  0.1267	  0.0000	  1.1069
352.0000	224.0000	 -0.3193	  0.2491	  0.0000	  1.0674
384.0000	224.0000	 -0.4494	  0.3317	  0.0000	  1.0411
416.0000	224.0000	 -0.4093	  0.2425	  0.0000	  1.1014
448.0000	224.0000	 -0.3674	  0.1074	  0.0000	  1.1329
480.0000	224.0000	 -0.3256	  0.0217	  0.0000	  1.1033
512.0000	224.0000	 -0.2444	  0.0073	  1.0000	  1.0101
544.0000	224.0000	 -0.1436	  0.0094	  0.0000	  1.0417
576.0000	224.0000	 -0.0765	 -0.0673	  0.0000	  1.0350
608.0000	224.0000	 -0.0503	 -0.2304	  1.0000	  1.0147
640.0000	224.0000	  0.0145	 -0.3716	  0.0000	  1.0197
672.0000	224.0000	  0.1596	 -0.3693	  0.0000	  1.0443
704.0000	224.0000	  0.2588	 -0.3024	  0.0000	  1.0440
736.0000	224.0000	  0.2168	 -0.1994	  1.0000	  1.0008
768.0000	224.0000	  0.1513	 -0.1206	  1.0000	  1.0020
800.0000	224.0000	  0.0820	 -0.0895	  1.0000	  1.0039
832.0000	224.0000	  0.0284	 -0.1153	  1.0000	  1.0011
864.0000	224.0000	  0.0513	 -0.1625	  1.0000	  0.0000
896.0000	224.0000	  0.1131	 -0.1846	  1.0000	  1.0044
928.0000	224.0000	  0.1664	 -0.1955	  1.0000	  1.0001
960.0000	224.0000	  0.1957	 -0.2295	  0.0000	  1.0539
992.0000	224.0000	  0.1984	 -0.3107	  0.0000	  1.0771
1024.0000	224.0000	  0.1954	 -0.3820	  0.0000	  1.0443
 32.0000	256.0000	 -0.2020	 -0.1425	  1.0000	  0.0000
 64.0000	256.0000	 -0.1883	 -0.1510	  1.0000	  1.0118
 96.0000	256.0000	 -0.1696	 -0.1728	  0.0000	  1.1280
128.0000	256.0000	 -0.1361	 -0.2385	  0.0000	  1.1492
160.0000	256.0000	 -0.1256	 -0.2916	  0.0000	  1.0875
192.0000	256.0000	 -0.1612	 -0.2635	  0.0000	  1.0875
224.0000	256.0000	 -0.1625	 -0.1819	  0.0000	  1.1243
256.0000	256.0000	 -0.1604	 -0.0986	  0.0000	  1.1310
288.0000	256.0000	 -0.1609	 -0.0173	  0.0000	  1.1181
320.0000	256.0000	 -0.1694	  0.0686	  0.0000	  1.1108
352.0000	256.0000	 -0.2324	  0.1591	  0.0000	  1.1164
384.0000	256.0000	 -0.3673	  0.2431	  0.0000	  1.0343
416.0000	256.0000	 -0.3734	  0.1574	  0.0000	  1.1163
448.0000	256.0000	 -0.4132	  0.0092	  0.0000	  1.1326
480.0000	256.0000	 -0.4072	 -0.0965	  0.0000	  1.0942
512.0000	256.0000	 -0.2829	 -0.1441	  1.0000	  1.0003
544.0000	256.0000	 -0.1652	 -0.1927	  1.0000	  1.0005
576.0000	256.0000	 -0.1154	 -0.2863	  1.0000	  1.0060
608.0000	256.0000	 -0.1255	 -0.4216	  0.0000	  1.0280
640.0000	256.0000	 -0.1301	 -0.4780	  0.0000	  1.0348
672.0000	256.0000	 -0.0347	 -0.4261	  0.0000	  1.0308
704.0000	256.0000	  0.0529	 -0.3088	  1.0000	  1.0015
736.0000	256.0000	  0.1206	 -0.1235	  1.0000	  1.0046
768.0000	256.0000	  0.1827	  0.0491	  1.0000	  1.0012
800.0000	256.0000	  0.2096	  0.1523	  1.0000	  1.0089
832.0000	256.0000	  0.1696	  0.1206	  0.0000	  1.0357
864.0000	256.0000	  0.2044	  0.0107	  0.0000	  1.0870
896.0000	256.0000	  0.2597	 -0.0390	  1.0000	  1.0692
928.0000	256.0000	  0.2645	 -0.0768	  1.0000	  1.0009
960.0000	256.0000	  0.2308	 -0.1781	  0.0000	  1.0542
992.0000	256.0000	  0.1866	 -0.3092	  0.0000	  1.0710
1024.0000	256.0000	  0.1521	 -0.4097	  0.0000	  1.0752
 32.0000	288.0000	 -0.0865	 -0.1868	  1.0000	  1.0067
 64.0000	288.0000	 -0.0766	 -0.2136	  1.0000	  0.0000
 96.0000	288.0000	 -0.0503	 -0.2773	  1.0000	  1.0022
128.0000	288.0000	 -0.0021	 -0.3892	  0.0000	  1.0187
160.0000	288.0000	  0.0032	 -0.4457	  0.0000	  1.0291
192.0000	288.0000	 -0.1058	 -0.3598	  0.0000	  1.0696
224.0000	288.0000	 -0.1645	 -0.2379	  0.0000	  1.1131
256.0000	288.0000	 -0.1710	 -0.1418	  0.0000	  1.1408
288.0000	288.0000	 -0.1372	 -0.0708	  0.0000	  1.1250
320.0000	288.0000	 -0.0850	 -0.0263	  0.0000	  1.1000
352.0000	288.0000	 -0.0789	  0.0008	  0.0000	  1.0764
384.0000	288.0000	 -0.1717	  0.0523	  0.0000	  1.0467
416.0000	288.0000	 -0.2743	  0.0021	  0.0000	  1.0573
448.0000	288.0000	 -0.4374	 -0.1389	  0.0000	  1.0265
480.0000	288.0000	 -0.4898	 -0.2368	  0.0000	  1.0261
512.0000	288.0000	 -0.4012	 -0.2836	  1.0000	  1.0026
544.0000	288.0000	 -0.3641	 -0.3419	  1.0000	  1.0045
576.0000	288.0000	 -0.4602	 -0.4093	  1.0000	  1.0031
608.0000	288.0000	 -0.6388	 -0.4722	  1.0000	  0.0000
640.0000	288.0000	 -0.7924	 -0.4792	  1.0000	  1.0035
672.0000	288.0000	 -0.7989	 -0.4021	  1.0000	  1.0020
704.0000	288.0000	 -0.6603	 -0.2213	  1.0000	  1.0003
736.0000	288.0000	 -0.3588	  0.0730	  1.0000	  1.0011
768.0000	288.0000	  0.0235	  0.3705	  1.0000	  1.0011
800.0000	288.0000	  0.3464	  0.5823	  1.0000	  1.0057
832.0000	288.0000	  0.4750	  0.5924	  1.0000	  1.0402
864.0000	288.0000	  0.4887	  0.4076	  0.0000	  1.0818
896.0000	288.0000	  0.4799	  0.2524	  0.0000	  1.0599
928.0000	288.0000	  0.3761	  0.1634	  1.0000	  0.0000
960.0000	288.0000	  0.2262	 -0.0171	  1.0000	  1.0056
992.0000	288.0000	  0.0815	 -0.2132	  1.0000	  1.0010
1024.0000	288.0000	 -0.0219	 -0.3595	  1.0000	  1.0014
 32.0000	320.0000	  0.0163	 -0.2169	  1.0000	  0.0000
 64.0000	320.0000	  0.0117	 -0.2384	  1.0000	  1.0001
 96.0000	320.0000	  0.0143	 -0.2863	  1.0000	  1.0128
128.0000	320.0000	  0.0122	 -0.3614	  1.0000	  1.0041
160.0000	320.0000	 -0.0297	 -0.4193	  0.0000	  1.0486
192.0000	320.0000	 -0.1325	 -0.3273	  0.0000	  1.0979
224.0000	320.0000	 -0.1920	 -0.2466	  0.0000	  1.1061
256.0000	320.0000	 -0.1727	 -0.1884	  0.0000	  1.1723
288.0000	320.0000	 -0.0955	 -0.1522	  0.0000	  1.2008
320.0000	320.0000	  0.0059	 -0.1669	  0.0000	  1.1272
352.0000	320.0000	  0.0716	 -0.2164	  0.0000	  1.0570
384.0000	320.0000	 -0.0043	 -0.2048	  0.0000	  1.0514
416.0000	320.0000	 -0.1593	 -0.1949	  0.0000	  1.0288
448.0000	320.0000	 -0.3959	 -0.2550	  1.0000	  1.0013
480.0000	320.0000	 -0.6069	 -0.3140	  1.0000	  1.0054
512.0000	320.0000	 -0.7857	 -0.3570	  1.0000	  0.0000
544.0000	320.0000	 -1.0328	 -0.4014	  0.0000	  1.0628
576.0000	320.0000	 -1.4988	 -0.4200	  0.0000	  1.0580
608.0000	320.0000	 -2.0319	 -0.4103	  1.0000	  1.0062
640.0000	320.0000	 -2.4587	 -0.3669	  1.0000	  1.0007
672.0000	320.0000	 -2.5551	 -0.2592	  1.0000	  1.0017
704.0000	320.0000	 -2.2556	 -0.0239	  1.0000	  1.0065
736.0000	320.0000	 -1.5125	  0.3841	  1.0000	  1.0034
768.0000	320.0000	 -0.5294	  0.8304	  1.0000	  1.0023
800.0000	320.0000	  0.3528	  1.1919	  1.0000	  0.0000
832.0000	320.0000	  0.7760	  1.2987	  1.0000	  0.0000
864.0000	320.0000	  0.8293	  1.1254	  1.0000	  1.0006
896.0000	320.0000	  0.7145	  0.8716	  1.0000	  0.0000
928.0000	320.0000	  0.4811	  0.5797	  1.0000	  1.0090
960.0000	320.0000	  0.1996	  0.2363	  1.0000	  1.0100
992.0000	320.0000	 -0.0605	 -0.0711	  1.0000	  1.0781
1024.0000	320.0000	 -0.2445	 -0.2900	  0.0000	  1.0783
 32.0000	352.0000	  0.0917	 -0.2219	  0.0000	  1.0576
 64.0000	352.0000	  0.0664	 -0.2199	  1.0000	  1.0241
 96.0000	352.0000	  0.0447	 -0.2198	  1.0000	  1.0015
128.0000	352.0000	  0.0003	 -0.2158	  1.0000	  1.0087
160.0000	352.0000	 -0.0987	 -0.1929	  0.0000	  1.0336
192.0000	352.0000	 -0.2100	 -0.1864	  0.0000	  1.0687
224.0000	352.0000	 -0.2547	 -0.2000	  0.0000	  1.0803
256.0000	352.0000	 -0.1934	 -0.1982	  0.0000	  1.2133
288.0000	352.0000	 -0.0738	 -0.1980	  0.0000	  1.3104
320.0000	352.0000	  0.0432	 -0.2681	  0.0000	  1.0932
352.0000	352.0000	  0.0994	 -0.3573	  0.0000	  1.0943
384.0000	352.0000	  0.0305	 -0.3868	  0.0000	  1.0722
416.0000	352.0000	 -0.1995	 -0.3484	  1.0000	  1.0108
448.0000	352.0000	 -0.6500	 -0.3451	  1.0000	  0.0000
480.0000	352.0000	 -1.2347	 -0.3549	  1.0000	  1.0004
512.0000	352.0000	 -1.8895	 -0.3617	  1.0000	  0.0000
544.0000	352.0000	 -2.6249	 -0.3585	  0.0000	  1.0675
576.0000	352.0000	 -3.6351	 -0.3206	  1.0000	  1.0660
608.0000	352.0000	 -4.4745	 -0.2637	  1.0000	  1.0009
640.0000	352.0000	 -5.0979	 -0.1831	  1.0000	  0.0000
672.0000	352.0000	 -5.1707	 -0.0532	  1.0000	  1.0026
704.0000	352.0000	 -4.5389	  0.2107	  1.0000	  1.0007
736.0000	352.0000	 -3.1564	  0.6866	  1.0000	  1.0049
768.0000	352.0000	 -1.4247	  1.2566	  1.0000	  1.0019
800.0000	352.0000	  0.1711	  1.7693	  1.0000	  1.0008
832.0000	352.0000	  0.9714	  1.9769	  1.0000	  1.0005
864.0000	352.0000	  1.1177	  1.8243	  1.0000	  1.0011
896.0000	352.0000	  0.9062	  1.4320	  1.0000	  1.0048
928.0000	352.0000	  0.5483	  0.9565	  1.0000	  1.0030
960.0000	352.0000	  0.1588	  0.4701	  1.0000	  0.0000
992.0000	352.0000	 -0.1787	  0.0835	  0.0000	  1.0351
1024.0000	352.0000	 -0.3843	 -0.1572	  0.0000	  1.0328
 32.0000	384.0000	  0.1027	 -0.2155	  0.0000	  1.0287
 64.0000	384.0000	  0.0724	 -0.1769	  1.0000	  1.0045
 96.0000	384.0000	  0.0457	 -0.1338	  1.0000	  1.0014
128.0000	384.0000	  0.0024	 -0.0809	  1.0000	  1.0092
160.0000	384.0000	 -0.0922	 -0.0238	  0.0000	  1.0469
192.0000	384.0000	 -0.2402	 -0.0633	  0.0000	  1.0815
224.0000	384.0000	 -0.3135	 -0.1311	  0.0000	  1.0547
256.0000	384.0000	 -0.2263	 -0.1568	  0.0000	  1.0643
288.0000	384.0000	 -0.0622	 -0.1502	  0.0000	  1.0382
320.0000	384.0000	  0.0632	 -0.2509	  0.0000	  1.0243
352.0000	384.0000	  0.1070	 -0.3442	  0.0000	  1.1318
384.0000	384.0000	 -0.0046	 -0.3921	  0.0000	  1.1282
416.0000	384.0000	 -0.4409	 -0.3777	  1.0000	  1.0108
448.0000	384.0000	 -1.3869	 -0.3632	  1.0000	  0.0000
480.0000	384.0000	 -2.6389	 -0.3438	  1.0000	  0.0000
512.0000	384.0000	 -3.9989	 -0.3125	  1.0000	  0.0000
544.0000	384.0000	 -5.3557	 -0.2627	  1.0000	  1.0003
576.0000	384.0000	 -6.6546	 -0.1867	  1.0000	  0.0000
608.0000	384.0000	 -7.6814	 -0.0918	  1.0000	  1.0016
640.0000	384.0000	 -8.2980	  0.0125	  1.0000	  0.0000
672.0000	384.0000	 -8.1436	  0.1476	  1.0000	  1.0036
704.0000	384.0000	 -6.9458	  0.4032	  1.0000	  1.0036
736.0000	384.0000	 -4.7856	  0.8834	  1.0000	  0.0000
768.0000	384.0000	 -2.4093	  1.5278	  1.0000	  1.0048
800.0000	384.0000	 -0.1400	  2.1759	  1.0000	  1.0036
832.0000	384.0000	  1.0297	  2.4716	  1.0000	  1.0042
864.0000	384.0000	  1.2773	  2.3178	  1.0000	  0.0000
896.0000	384.0000	  1.0158	  1.8284	  1.0000	  1.0113
928.0000	384.0000	  0.5834	  1.2385	  1.0000	  1.0101
960.0000	384.0000	  0.1415	  0.6576	  1.0000	  1.0059
992.0000	384.0000	 -0.2097	  0.2082	  1.0000	  0.0000
1024.0000	384.0000	 -0.4130	 -0.0543	  1.0000	  0.0000
 32.0000	416.0000	  0.0710	 -0.1385	  1.0000	  1.0037
 64.0000	416.0000	  0.0424	 -0.1065	  1.0000	  1.0024
 96.0000	416.0000	  0.0228	 -0.0609	  1.0000	  1.0026
128.0000	416.0000	  0.0160	 -0.0104	  1.0000	  1.0340
160.0000	416.0000	  0.0064	  0.0254	  0.0000	  1.0114
192.0000	416.0000	 -0.1531	 -0.0227	  1.0000	  1.0241
224.0000	416.0000	 -0.2364	 -0.0748	  1.0000	  1.0234
256.0000	416.0000	 -0.1950	 -0.0909	  0.0000	  1.0593
288.0000	416.0000	 -0.0512	 -0.0993	  0.0000	  1.0398
320.0000	416.0000	  0.0689	 -0.1728	  1.0000	  1.0023
352.0000	416.0000	  0.1173	 -0.2414	  1.0000	  1.0045
384.0000	416.0000	 -0.0794	 -0.2925	  1.0000	  0.0000
416.0000	416.0000	 -0.8506	 -0.3097	  1.0000	  0.0000
448.0000	416.0000	 -2.5016	 -0.3115	  1.0000	  1.0025
480.0000	416.0000	 -4.5984	 -0.2879	  1.0000	  1.0001
512.0000	416.0000	 -6.7249	 -0.2379	  1.0000	  0.0000
544.0000	416.0000	 -8.6470	 -0.1626	  1.0000	  1.0121
576.0000	416.0000	-10.0820	 -0.0689	  1.0000	  1.0003
608.0000	416.0000	-10.9472	  0.0365	  1.0000	  1.0028
640.0000	416.0000	-11.2149	  0.1348	  1.0000	  1.0034
672.0000	416.0000	-10.6236	  0.2462	  1.0000	  1.0007
704.0000	416.0000	 -8.7173	  0.4421	  1.0000	  1.0025
736.0000	416.0000	 -6.0284	  0.8421	  1.0000	  1.0058
768.0000	416.0000	 -3.2184	  1.4477	  1.0000	  1.0093
800.0000	416.0000	 -0.5526	  2.1518	  1.0000	  1.0014
832.0000	416.0000	  0.8923	  2.5314	  1.0000	  1.0014
864.0000	416.0000	  1.2340	  2.4243	  1.0000	  1.0014
896.0000	416.0000	  0.9720	  1.9295	  1.0000	  0.0000
928.0000	416.0000	  0.5384	  1.3485	  1.0000	  1.0003
960.0000	416.0000	  0.1124	  0.7797	  1.0000	  1.0019
992.0000	416.0000	 -0.2157	  0.3293	  1.0000	  1.0176
1024.0000	416.0000	 -0.4009	  0.0681	  1.0000	  1.0005
 32.0000	448.0000	  0.0389	 -0.0528	  1.0000	  1.0072
 64.0000	448.0000	 -0.0103	 -0.0367	  1.0000	  1.0011
 96.0000	448.0000	 -0.0465	 -0.0136	  0.0000	  1.1274
128.0000	448.0000	 -0.0590	  0.0085	  0.0000	  1.1270
160.0000	448.0000	 -0.0566	  0.0049	  0.0000	  1.0612
192.0000	448.0000	 -0.1453	 -0.0479	  1.0000	  0.0000
224.0000	448.0000	 -0.1901	 -0.0880	  1.0000	  0.0000
256.0000	448.0000	 -0.1580	 -0.0928	  1.0000	  0.0000
288.0000	448.0000	 -0.0504	 -0.0818	  1.0000	  1.0028
320.0000	448.0000	  0.0810	 -0.0936	  1.0000	  1.0041
352.0000	448.0000	  0.1296	 -0.1159	  1.0000	  1.0031
384.0000	448.0000	 -0.1859	 -0.1547	  1.0000	  0.0000
416.0000	448.0000	 -1.3663	 -0.1881	  1.0000	  1.0038
448.0000	448.0000	 -3.8369	 -0.2126	  1.0000	  0.0000
480.0000	448.0000	 -6.8214	 -0.2040	  1.0000	  0.0000
512.0000	448.0000	 -9.6027	 -0.1607	  1.0000	  0.0000
544.0000	448.0000	-11.9476	 -0.0912	  1.0000	  1.0135
576.0000	448.0000	-13.2301	 -0.0131	  1.0000	  0.0000
608.0000	448.0000	-13.5049	  0.0625	  1.0000	  1.0031
640.0000	448.0000	-13.0271	  0.1142	  1.0000	  1.0025
672.0000	448.0000	-11.9108	  0.1718	  1.0000	  1.0000
704.0000	448.0000	 -9.7156	  0.2734	  1.0000	  1.0013
736.0000	448.0000	 -6.7024	  0.5301	  1.0000	  1.0006
768.0000	448.0000	 -3.8281	  0.9548	  1.0000	  1.0023
800.0000	448.0000	 -1.1189	  1.4456	  1.0000	  1.0012
832.0000	448.0000	  0.4856	  1.9029	  1.0000	  1.0055
864.0000	448.0000	  0.9207	  1.9808	  1.0000	  1.0035
896.0000	448.0000	  0.7260	  1.6490	  1.0000	  1.0016
928.0000	448.0000	  0.3925	  1.2622	  1.0000	  0.0000
960.0000	448.0000	  0.0596	  0.8313	  1.0000	  0.0000
992.0000	448.0000	 -0.1942	  0.4694	  1.0000	  1.0150
1024.0000	448.0000	 -0.3350	  0.2568	  1.0000	  1.0062
 32.0000	480.0000	  0.0254	  0.0242	  0.0000	  1.0178
 64.0000	480.0000	 -0.0630	  0.0242	  0.0000	  1.0418
 96.0000	480.0000	 -0.1261	  0.0206	  0.0000	  1.1406
128.0000	480.0000	 -0.1634	  0.0036	  0.0000	  1.0995
160.0000	480.0000	 -0.1710	 -0.0421	  0.0000	  1.0730
192.0000	480.0000	 -0.1858	 -0.1106	  0.0000	  1.0796
224.0000	480.0000	 -0.1778	 -0.1460	  0.0000	  1.0770
256.0000	480.0000	 -0.1292	 -0.1242	  0.0000	  1.1192
288.0000	480.0000	 -0.0315	 -0.0714	  0.0000	  1.1263
320.0000	480.0000	  0.1064	 -0.0228	  1.0000	  1.0019
352.0000	480.0000	  0.1442	  0.0069	  1.0000	  1.0009
384.0000	480.0000	 -0.3080	 -0.0120	  1.0000	  1.0023
416.0000	480.0000	 -1.9257	 -0.0490	  1.0000	  1.0002
448.0000	480.0000	 -5.2534	 -0.0942	  1.0000	  1.0052
480.0000	480.0000	 -9.0948	 -0.1135	  1.0000	  1.0037
512.0000	480.0000	-12.3989	 -0.1026	  1.0000	  1.0062
544.0000	480.0000	-14.8133	 -0.0662	  1.0000	  1.0025
576.0000	480.0000	-15.6050	 -0.0317	  1.0000	  1.0010
608.0000	480.0000	-15.0547	 -0.0088	  1.0000	  1.0063
640.0000	480.0000	-13.7812	 -0.0057	  1.0000	  0.0000
672.0000	480.0000	-11.8099	 -0.0293	  1.0000	  0.0000
704.0000	480.0000	 -9.1914	 -0.0370	  1.0000	  0.0000
736.0000	480.0000	 -6.2305	  0.0535	  1.0000	  1.0032
768.0000	480.0000	 -3.4280	  0.2434	  1.0000	  1.0018
800.0000	480.0000	 -1.1103	  0.4522	  1.0000	  0.0000
832.0000	480.0000	  0.1218	  0.7876	  1.0000	  1.0052
864.0000	480.0000	  0.4717	  1.0779	  1.0000	  1.0052
896.0000	480.0000	  0.3902	  1.1317	  1.0000	  0.0000
928.0000	480.0000	  0.2017	  1.0337	  1.0000	  1.0063
960.0000	480.0000	  0.0209	  0.8514	  1.0000	  0.0000
992.0000	480.0000	 -0.1111	  0.6746	  1.0000	  1.0030
1024.0000	480.0000	 -0.1820	  0.5660	  1.0000	  1.0042
 32.0000	512.0000	 -0.0295	  0.0942	  0.0000	  1.0568
 64.0000	512.0000	 -0.0987	  0.0836	  0.0000	  1.0616
 96.0000	512.0000	 -0.1759	  0.0458	  0.0000	  1.1409
128.0000	512.0000	 -0.2317	 -0.0087	  0.0000	  1.1124
160.0000	512.0000	 -0.2475	 -0.0835	  0.0000	  1.0997
192.0000	512.0000	 -0.2234	 -0.1560	  0.0000	  1.1032
224.0000	512.0000	 -0.1885	 -0.1894	  0.0000	  1.0856
256.0000	512.0000	 -0.1303	 -0.1521	  0.0000	  1.1482
288.0000	512.0000	 -0.0245	 -0.0657	  0.0000	  1.1807
320.0000	512.0000	  0.1307	  0.0321	  0.0000	  1.0827
352.0000	512.0000	  0.1630	  0.1119	  0.0000	  1.0298
384.0000	512.0000	 -0.4138	  0.1102	  1.0000	  1.0013
416.0000	512.0000	 -2.4358	  0.0782	  1.0000	  1.0060
448.0000	512.0000	 -6.5674	  0.0164	  1.0000	  1.0005
480.0000	512.0000	-11.1965	 -0.0390	  1.0000	  1.0031
512.0000	512.0000	-15.0057	 -0.0767	  1.0000	  1.0001
544.0000	512.0000	-17.0316	 -0.0939	  1.0000	  1.0041
576.0000	512.0000	-17.0781	 -0.1159	  1.0000	  1.0006
608.0000	512.0000	-15.7320	 -0.1446	  1.0000	  1.0124
640.0000	512.0000	-13.4271	 -0.2039	  1.0000	  1.0186
672.0000	512.0000	-10.5790	 -0.2827	  1.0000	  1.0064
704.0000	512.0000	 -7.5540	 -0.3481	  1.0000	  0.0000
736.0000	512.0000	 -4.7506	 -0.3448	  1.0000	  1.0018
768.0000	512.0000	 -2.4597	 -0.2979	  1.0000	  1.0035
800.0000	512.0000	 -0.7554	 -0.1758	  1.0000	  1.0024
832.0000	512.0000	  0.0494	  0.1230	  1.0000	  1.0012
864.0000	512.0000	  0.2636	  0.5623	  1.0000	  0.0000
896.0000	512.0000	  0.2375	  0.8828	  1.0000	  1.0100
928.0000	512.0000	  0.1498	  0.9954	  1.0000	  1.0016
960.0000	512.0000	  0.0715	  0.9798	  1.0000	  1.0023
992.0000	512.0000	  0.0200	  0.9240	  1.0000	  1.0080
1024.0000	512.0000	 -0.0055	  0.8830	  1.0000	  1.0072
 32.0000	544.0000	 -0.0985	  0.1221	  0.0000	  1.0275
 64.0000	544.0000	 -0.1464	  0.1044	  0.0000	  1.0422
 96.0000	544.0000	 -0.2052	  0.0553	  1.0000	  1.0053
128.0000	544.0000	 -0.2604	 -0.0134	  0.0000	  1.0954
160.0000	544.0000	 -0.2871	 -0.1006	  0.0000	  1.1166
192.0000	544.0000	 -0.2579	 -0.1794	  0.0000	  1.1032
224.0000	544.0000	 -0.2141	 -0.2125	  0.0000	  1.0525
256.0000	544.0000	 -0.1500	 -0.1654	  0.0000	  1.1276
288.0000	544.0000	 -0.0283	 -0.0657	  0.0000	  1.1446
320.0000	544.0000	  0.1454	  0.0447	  0.0000	  1.0879
352.0000	544.0000	  0.1829	  0.1336	  1.0000	  1.0205
384.0000	544.0000	 -0.4764	  0.1665	  1.0000	  1.0031
416.0000	544.0000	 -2.8067	  0.1530	  1.0000	  1.0044
448.0000	544.0000	 -7.6240	  0.0867	  1.0000	  1.0106
480.0000	544.0000	-13.2790	  0.0042	  1.0000	  1.0025
512.0000	544.0000	-17.7421	 -0.0790	  1.0000	  1.0023
544.0000	544.0000	-19.3215	 -0.1430	  1.0000	  1.0101
576.0000	544.0000	-18.2768	 -0.2257	  1.0000	  1.0122
608.0000	544.0000	-15.6543	 -0.3105	  1.0000	  1.0044
640.0000	544.0000	-12.3120	 -0.4148	  1.0000	  1.0087
672.0000	544.0000	 -8.7942	 -0.5074	  1.0000	  1.0048
704.0000	544.0000	 -5.5722	 -0.5630	  1.0000	  1.0037
736.0000	544.0000	 -3.0022	 -0.5503	  1.0000	  1.0006
768.0000	544.0000	 -1.2983	 -0.5428	  1.0000	  1.0211
800.0000	544.0000	 -0.2601	 -0.4329	  1.0000	  1.0013
832.0000	544.0000	  0.1425	 -0.1330	  1.0000	  1.0002
864.0000	544.0000	  0.2113	  0.3778	  1.0000	  1.0017
896.0000	544.0000	  0.1865	  0.8143	  1.0000	  1.0014
928.0000	544.0000	  0.1457	  1.0238	  1.0000	  1.0108
960.0000	544.0000	  0.1179	  1.0813	  1.0000	  1.0070
992.0000	544.0000	  0.1047	  1.0770	  1.0000	  1.0111
1024.0000	544.0000	  0.1001	  1.0639	  1.0000	  0.0000
 32.0000	576.0000	 -0.1396	  0.1145	  0.0000	  1.0202
 64.0000	576.0000	 -0.1686	  0.0982	  1.0000	  1.0082
 96.0000	576.0000	 -0.2165	  0.0593	  1.0000	  1.0054
128.0000	576.0000	 -0.2838	 -0.0052	  1.0000	  1.0026
160.0000	576.0000	 -0.3269	 -0.0906	  1.0000	  1.0010
192.0000	576.0000	 -0.3034	 -0.1719	  0.0000	  1.0109
224.0000	576.0000	 -0.2510	 -0.1940	  1.0000	  1.0000
256.0000	576.0000	 -0.1681	 -0.1550	  1.0000	  1.0037
288.0000	576.0000	 -0.0251	 -0.0696	  1.0000	  1.0011
320.0000	576.0000	  0.1685	  0.0331	  1.0000	  1.0144
352.0000	576.0000	  0.2142	  0.1256	  1.0000	  1.0034
384.0000	576.0000	 -0.4820	  0.1767	  1.0000	  1.0015
416.0000	576.0000	 -2.9759	  0.1763	  1.0000	  1.0017
448.0000	576.0000	 -8.1761	  0.1105	  1.0000	  0.0000
480.0000	576.0000	-14.4307	  0.0118	  1.0000	  1.0006
512.0000	576.0000	-19.2640	 -0.1015	  1.0000	  0.0000
544.0000	576.0000	-20.5832	 -0.2009	  1.0000	  0.0000
576.0000	576.0000	-18.7852	 -0.3264	  1.0000	  1.0045
608.0000	576.0000	-15.3134	 -0.4437	  1.0000	  1.0002
640.0000	576.0000	-11.2836	 -0.5670	  1.0000	  1.0032
672.0000	576.0000	 -7.3398	 -0.6504	  1.0000	  1.0111
704.0000	576.0000	 -4.0100	 -0.6644	  1.0000	  1.0167
736.0000	576.0000	 -1.5725	 -0.5861	  0.0000	  1.0322
768.0000	576.0000	 -0.3453	 -0.5966	  1.0000	  1.0020
800.0000	576.0000	  0.1651	 -0.4865	  1.0000	  1.0039
832.0000	576.0000	  0.2625	 -0.1828	  1.0000	  0.0000
864.0000	576.0000	  0.2155	  0.3516	  1.0000	  1.0031
896.0000	576.0000	  0.1739	  0.8218	  1.0000	  0.0000
928.0000	576.0000	  0.1493	  1.0591	  1.0000	  0.0000
960.0000	576.0000	  0.1414	  1.1361	  1.0000	  1.0007
992.0000	576.0000	  0.1426	  1.1446	  1.0000	  1.0018
1024.0000	576.0000	  0.1453	  1.1384	  1.0000	  1.0004
 32.0000	608.0000	 -0.1614	  0.0906	  0.0000	  1.0964
 64.0000	608.0000	 -0.1756	  0.0885	  1.0000	  0.0000
 96.0000	608.0000	 -0.2128	  0.0668	  0.0000	  1.0803
128.0000	608.0000	 -0.3082	  0.0129	  0.0000	  1.0835
160.0000	608.0000	 -0.3802	 -0.0657	  0.0000	  1.0548
192.0000	608.0000	 -0.3416	 -0.1465	  1.0000	  1.0008
224.0000	608.0000	 -0.2767	 -0.1747	  1.0000	  1.0162
256.0000	608.0000	 -0.1807	 -0.1465	  1.0000	  0.0000
288.0000	608.0000	 -0.0246	 -0.0741	  1.0000	  1.0001
320.0000	608.0000	  0.1818	  0.0207	  1.0000	  1.0060
352.0000	608.0000	  0.2367	  0.1120	  1.0000	  1.0017
384.0000	608.0000	 -0.4666	  0.1689	  1.0000	  0.0000
416.0000	608.0000	 -3.0157	  0.1743	  1.0000	  1.0010
448.0000	608.0000	 -8.3575	  0.1118	  1.0000	  1.0005
480.0000	608.0000	-14.8661	  0.0068	  1.0000	  1.0070
512.0000	608.0000	-19.8405	 -0.1192	  1.0000	  1.0132
544.0000	608.0000	-21.0519	 -0.2374	  1.0000	  1.0010
576.0000	608.0000	-18.9168	 -0.3818	  1.0000	  1.0007
608.0000	608.0000	-15.1536	 -0.5003	  1.0000	  1.0004
640.0000	608.0000	-10.8494	 -0.6228	  1.0000	  1.0014
672.0000	608.0000	 -6.6245	 -0.7142	  1.0000	  1.0026
704.0000	608.0000	 -2.9335	 -0.7563	  0.0000	  1.0115
736.0000	608.0000	 -0.7315	 -0.6084	  0.0000	  1.0052
768.0000	608.0000	  0.1825	 -0.5971	  1.0000	  1.0001
800.0000	608.0000	  0.4005	 -0.4746	  1.0000	  1.0015
832.0000	608.0000	  0.3360	 -0.1693	  1.0000	  1.0000
864.0000	608.0000	  0.2277	  0.3699	  1.0000	  1.0051
896.0000	608.0000	  0.1721	  0.8413	  1.0000	  1.0082
928.0000	608.0000	  0.1510	  1.0800	  1.0000	  1.0017
960.0000	608.0000	  0.1492	  1.1575	  1.0000	  1.0008
992.0000	608.0000	  0.1546	  1.1662	  0.0000	  1.0223
1024.0000	608.0000	  0.1592	  1.1601	  1.0000	  1.0242
