 32.0000	 32.0000	  0.4769	  0.5472	  1.0000	  1.0026
 64.0000	 32.0000	  0.3724	  0.5758	  1.0000	  1.0006
 96.0000	 32.0000	  0.2085	  0.6039	  1.0000	  1.0027
128.0000	 32.0000	  0.0731	  0.6212	  1.0000	  1.0017
160.0000	 32.0000	  0.1275	  0.6372	  1.0000	  1.0019
192.0000	 32.0000	  0.3885	  0.6513	  0.0000	  1.0310
224.0000	 32.0000	  0.5930	  0.6218	  0.0000	  1.0272
256.0000	 32.0000	  0.6077	  0.5541	  1.0000	  1.0011
288.0000	 32.0000	  0.5685	  0.4699	  1.0000	  1.0002
320.0000	 32.0000	  0.5499	  0.3189	  1.0000	  1.0041
352.0000	 32.0000	  0.5309	  0.0796	  1.0000	  1.0017
384.0000	 32.0000	  0.4738	 -0.2127	  1.0000	  1.0010
416.0000	 32.0000	  0.3851	 -0.4724	  0.0000	  1.0004
448.0000	 32.0000	  0.3047	 -0.4746	  1.0000	  1.0069
480.0000	 32.0000	  0.2478	 -0.3281	  1.0000	  0.0000
512.0000	 32.0000	  0.1995	 -0.1164	  1.0000	  1.0006
544.0000	 32.0000	  0.1529	  0.1063	  1.0000	  1.0006
576.0000	 32.0000	  0.1023	  0.3004	  1.0000	  0.0000
608.0000	 32.0000	  0.0515	  0.4335	  1.0000	  1.0004
640.0000	 32.0000	  0.0058	  0.4814	  1.0000	  1.0035
672.0000	 32.0000	 -0.0075	  0.4243	  1.0000	  1.0013
704.0000	 32.0000	 -0.0004	  0.3022	  1.0000	  1.0010
736.0000	 32.0000	  0.0216	  0.1683	  1.0000	  1.0013
768.0000	 32.0000	  0.1081	  0.0695	  1.0000	  0.0000
800.0000	 32.0000	  0.2434	  0.0337	  1.0000	  1.0001
832.0000	 32.0000	  0.3658	  0.1092	  0.0000	  1.0071
864.0000	 32.0000	  0.4019	  0.2024	  0.0000	  1.0109
896.0000	 32.0000	  0.3677	  0.1963	  0.0000	  1.0249
928.0000	 32.0000	  0.3589	  0.0974	  0.0000	  1.0205
960.0000	 32.0000	  0.2725	 -0.0380	  0.0000	  1.0094
992.0000	 32.0000	  0.0942	 -0.1076	  0.0000	  1.0054
1024.0000	 32.0000	 -0.0672	 -0.1101	  0.0000	  1.0055
 32.0000	 64.0000	  0.5443	  0.4845	  1.0000	  1.0002
 64.0000	 64.0000	  0.4429	  0.5365	  1.0000	  1.0001
 96.0000	 64.0000	  0.2523	  0.5771	  1.0000	  1.0002
128.0000	 64.0000	  0.0228	  0.5848	  0.0000	  1.0224
160.0000	 64.0000	  0.0005	  0.5899	  0.0000	  1.0187
192.0000	 64.0000	  0.2402	  0.5906	  0.0000	  1.0253
224.0000	 64.0000	  0.4582	  0.5619	  0.0000	  1.0254
256.0000	 64.0000	  0.5474	  0.5290	  0.0000	  1.0260
288.0000	 64.0000	  0.5765	  0.4921	  1.0000	  1.0001
320.0000	 64.0000	  0.6044	  0.3722	  1.0000	  1.0001
352.0000	 64.0000	  0.5715	  0.1530	  1.0000	  1.0002
384.0000	 64.0000	  0.4942	 -0.1044	  1.0000	  0.0000
416.0000	 64.0000	  0.3940	 -0.3188	  1.0000	  1.0016
448.0000	 64.0000	  0.3053	 -0.3783	  0.0000	  1.0008
480.0000	 64.0000	  0.2561	 -0.2487	  1.0000	  1.0005
512.0000	 64.0000	  0.2131	 -0.0564	  1.0000	  1.0002
544.0000	 64.0000	  0.1672	  0.1461	  1.0000	  1.0015
576.0000	 64.0000	  0.1140	  0.3249	  1.0000	  1.0002
608.0000	 64.0000	  0.0613	  0.4544	  1.0000	  1.0005
640.0000	 64.0000	  0.0201	  0.5160	  0.0000	  1.0312
672.0000	 64.0000	  0.0133	  0.4536	  0.0000	  1.0257
704.0000	 64.0000	  0.0126	  0.3207	  0.0000	  1.0252
736.0000	 64.0000	  0.0345	  0.1953	  1.0000	  1.0006
768.0000	 64.0000	  0.1216	  0.0918	  1.0000	  1.0002
800.0000	 64.0000	  0.2539	  0.0307	  0.0000	  1.0125
832.0000	 64.0000	  0.3775	  0.1451	  0.0000	  1.0301
864.0000	 64.0000	  0.3994	  0.2139	  0.0000	  1.0179
896.0000	 64.0000	  0.3867	  0.1783	  0.0000	  1.0199
928.0000	 64.0000	  0.3766	  0.0880	  0.0000	  1.0223
960.0000	 64.0000	  0.2734	 -0.0059	  0.0000	  1.0194
992.0000	 64.0000	  0.0806	 -0.0374	  0.0000	  1.0070
1024.0000	 64.0000	 -0.0891	 -0.0265	  0.0000	  1.0168
 32.0000	 96.0000	  0.6528	  0.3330	  0.0000	  1.0156
 64.0000	 96.0000	  0.5763	  0.4418	  0.0000	  1.0356
 96.0000	 96.0000	  0.3964	  0.5130	  0.0000	  1.0226
128.0000	 96.0000	  0.1355	  0.5233	  0.0000	  1.0348
160.0000	 96.0000	  0.0038	  0.5216	  0.0000	  1.0293
192.0000	 96.0000	  0.1253	  0.5106	  0.0000	  1.0476
224.0000	 96.0000	  0.2843	  0.4931	  0.0000	  1.0256
256.0000	 96.0000	  0.4413	  0.5124	  0.0000	  1.0268
288.0000	 96.0000	  0.5856	  0.5396	  0.0000	  1.0275
320.0000	 96.0000	  0.6964	  0.4586	  0.0000	  1.0340
352.0000	 96.0000	  0.6226	  0.2553	  1.0000	  1.0019
384.0000	 96.0000	  0.5118	  0.0357	  1.0000	  1.0000
416.0000	 96.0000	  0.4020	 -0.1295	  1.0000	  1.0010
448.0000	 96.0000	  0.3207	 -0.1793	  1.0000	  1.0006
480.0000	 96.0000	  0.2756	 -0.0975	  1.0000	  1.0000
512.0000	 96.0000	  0.2385	  0.0509	  1.0000	  1.0006
544.0000	 96.0000	  0.1935	  0.2148	  1.0000	  1.0021
576.0000	 96.0000	  0.1322	  0.3593	  1.0000	  1.0012
608.0000	 96.0000	  0.0649	  0.4592	  0.0000	  1.0271
640.0000	 96.0000	 -0.0020	  0.5045	  0.0000	  1.0377
672.0000	 96.0000	 -0.0226	  0.4639	  0.0000	  1.0326
704.0000	 96.0000	 -0.0069	  0.3610	  0.0000	  1.0242
736.0000	 96.0000	  0.0423	  0.2567	  1.0000	  0.0000
768.0000	 96.0000	  0.1416	  0.1785	  1.0000	  0.0000
800.0000	 96.0000	  0.2737	  0.1487	  1.0000	  1.0003
832.0000	 96.0000	  0.3952	  0.2050	  0.0000	  1.0125
864.0000	 96.0000	  0.4143	  0.2071	  0.0000	  1.0242
896.0000	 96.0000	  0.4121	  0.1659	  0.0000	  1.0235
928.0000	 96.0000	  0.4037	  0.1161	  0.0000	  1.0086
960.0000	 96.0000	  0.2714	  0.0937	  0.0000	  1.0111
992.0000	 96.0000	  0.0593	  0.1315	  0.0000	  1.0220
1024.0000	 96.0000	 -0.1420	  0.1804	  0.0000	  1.0265
 32.0000	128.0000	  0.7786	  0.2811	  0.0000	  1.0174
 64.0000	128.0000	  0.7025	  0.3851	  0.0000	  1.0230
 96.0000	128.0000	  0.4951	  0.4137	  1.0000	  1.0176
128.0000	128.0000	  0.2737	  0.4009	  0.0000	  1.0314
160.0000	128.0000	  0.1393	  0.4121	  0.0000	  1.0245
192.0000	128.0000	  0.1510	  0.4313	  0.0000	  1.0242
224.0000	128.0000	  0.2360	  0.4386	  0.0000	  1.0156
256.0000	128.0000	  0.4021	  0.4948	  0.0000	  1.0233
288.0000	128.0000	  0.5905	  0.5540	  0.0000	  1.0325
320.0000	128.0000	  0.7000	  0.5023	  0.0000	  1.0287
352.0000	128.0000	  0.6084	  0.3378	  1.0000	  1.0005
384.0000	128.0000	  0.4879	  0.1606	  1.0000	  1.0003
416.0000	128.0000	  0.3811	  0.0401	  1.0000	  1.0007
448.0000	128.0000	  0.3131	  0.0122	  1.0000	  0.0000
480.0000	128.0000	  0.2871	  0.0714	  1.0000	  1.0024
512.0000	128.0000	  0.2670	  0.1797	  1.0000	  0.0000
544.0000	128.0000	  0.2291	  0.2983	  1.0000	  1.0000
576.0000	128.0000	  0.1581	  0.3959	  0.0000	  1.0468
608.0000	128.0000	  0.0700	  0.4353	  0.0000	  1.0453
640.0000	128.0000	 -0.0197	  0.4556	  0.0000	  1.0230
672.0000	128.0000	 -0.0573	  0.4513	  0.0000	  1.0189
704.0000	128.0000	 -0.0251	  0.4051	  0.0000	  1.0201
736.0000	128.0000	  0.0561	  0.3223	  1.0000	  0.0000
768.0000	128.0000	  0.1646	  0.2644	  1.0000	  1.0005
800.0000	128.0000	  0.2814	  0.2419	  1.0000	  1.0027
832.0000	128.0000	  0.3804	  0.2549	  1.0000	  1.0165
864.0000	128.0000	  0.4242	  0.2502	  0.0000	  1.0144
896.0000	128.0000	  0.4237	  0.2569	  1.0000	  0.0000
928.0000	128.0000	  0.3894	  0.2691	  1.0000	  1.0001
960.0000	128.0000	  0.2715	  0.3106	  1.0000	  1.0004
992.0000	128.0000	  0.0865	  0.3910	  0.0000	  1.0135
1024.0000	128.0000	 -0.1238	  0.4300	  0.0000	  1.0147
 32.0000	160.0000	  0.8638	  0.4122	  0.0000	  1.0410
 64.0000	160.0000	  0.7254	  0.4059	  0.0000	  1.0242
 96.0000	160.0000	  0.5425	  0.3708	  0.0000	  1.0039
128.0000	160.0000	  0.3991	  0.3540	  0.0000	  1.0294
160.0000	160.0000	  0.3382	  0.3889	  0.0000	  1.0177
192.0000	160.0000	  0.2766	  0.4183	  0.0000	  1.0351
224.0000	160.0000	  0.3016	  0.4389	  0.0000	  1.0312
256.0000	160.0000	  0.4210	  0.4953	  0.0000	  1.0437
288.0000	160.0000	  0.5627	  0.5474	  0.0000	  1.0403
320.0000	160.0000	  0.5963	  0.5085	  0.0000	  1.0045
352.0000	160.0000	  0.5118	  0.3832	  1.0000	  1.0015
384.0000	160.0000	  0.4155	  0.2343	  1.0000	  1.0000
416.0000	160.0000	  0.3261	  0.1523	  1.0000	  1.0005
448.0000	160.0000	  0.2701	  0.1570	  1.0000	  1.0002
480.0000	160.0000	  0.2696	  0.2125	  1.0000	  1.0001
512.0000	160.0000	  0.2782	  0.2932	  1.0000	  1.0003
544.0000	160.0000	  0.2604	  0.3713	  1.0000	  1.0009
576.0000	160.0000	  0.1986	  0.4284	  0.0000	  1.0175
608.0000	160.0000	  0.0994	  0.4193	  0.0000	  1.0195
640.0000	160.0000	 -0.0003	  0.3952	  0.0000	  1.0184
672.0000	160.0000	 -0.0479	  0.3954	  0.0000	  1.0288
704.0000	160.0000	 -0.0097	  0.3949	  0.0000	  1.0250
736.0000	160.0000	  0.0821	  0.3568	  1.0000	  1.0004
768.0000	160.0000	  0.1915	  0.3258	  1.0000	  1.0001
800.0000	160.0000	  0.2966	  0.3140	  1.0000	  1.0008
832.0000	160.0000	  0.3801	  0.3258	  1.0000	  1.0007
864.0000	160.0000	  0.4272	  0.3469	  1.0000	  1.0007
896.0000	160.0000	  0.4361	  0.3867	  1.0000	  1.0001
928.0000	160.0000	  0.4105	  0.4400	  1.0000	  1.0021
960.0000	160.0000	  0.3365	  0.5097	  1.0000	  1.0013
992.0000	160.0000	  0.2301	  0.5840	  1.0000	  0.0000
1024.0000	160.0000	  0.1203	  0.6229	  1.0000	  0.0000
 32.0000	192.0000	  0.8333	  0.4572	  0.0000	  1.0360
 64.0000	192.0000	  0.6751	  0.4089	  0.0000	  1.0317
 96.0000	192.0000	  0.5182	  0.3907	  0.0000	  1.0333
128.0000	192.0000	  0.4517	  0.4233	  0.0000	  1.0391
160.0000	192.0000	  0.4552	  0.4857	  0.0000	  1.0196
192.0000	192.0000	  0.3847	  0.4964	  0.0000	  1.0116
224.0000	192.0000	  0.3649	  0.5060	  0.0000	  1.0547
256.0000	192.0000	  0.3901	  0.5442	  0.0000	  1.0300
288.0000	192.0000	  0.4145	  0.5808	  0.0000	  1.0162
320.0000	192.0000	  0.4003	  0.5450	  0.0000	  1.0328
352.0000	192.0000	  0.3607	  0.4187	  0.0000	  1.0326
384.0000	192.0000	  0.3223	  0.2477	  1.0000	  1.0036
416.0000	192.0000	  0.2605	  0.1949	  1.0000	  1.0006
448.0000	192.0000	  0.2032	  0.2500	  0.0000	  1.0208
480.0000	192.0000	  0.2270	  0.3106	  1.0000	  1.0227
512.0000	192.0000	  0.2698	  0.3761	  1.0000	  0.0000
544.0000	192.0000	  0.2818	  0.4210	  1.0000	  1.0212
576.0000	192.0000	  0.2481	  0.4372	  0.0000	  1.0330
608.0000	192.0000	  0.1395	  0.4088	  0.0000	  1.0273
640.0000	192.0000	  0.0393	  0.3734	  0.0000	  1.0282
672.0000	192.0000	 -0.0030	  0.3634	  0.0000	  1.0380
704.0000	192.0000	  0.0407	  0.3697	  0.0000	  1.0291
736.0000	192.0000	  0.1289	  0.3678	  1.0000	  1.0004
768.0000	192.0000	  0.2333	  0.3570	  1.0000	  1.0001
800.0000	192.0000	  0.3303	  0.3584	  1.0000	  1.0002
832.0000	192.0000	  0.4040	  0.3869	  1.0000	  1.0027
864.0000	192.0000	  0.4478	  0.4404	  1.0000	  1.0008
896.0000	192.0000	  0.4650	  0.5153	  1.0000	  1.0006
928.0000	192.0000	  0.4638	  0.5970	  1.0000	  1.0001
960.0000	192.0000	  0.4422	  0.6816	  1.0000	  1.0008
992.0000	192.0000	  0.4119	  0.7531	  1.0000	  1.0008
1024.0000	192.0000	  0.3747	  0.7861	  1.0000	  1.0001
 32.0000	224.0000	  0.6785	  0.4233	  1.0000	  1.0090
 64.0000	224.0000	  0.5836	  0.3910	  0.0000	  1.0193
 96.0000	224.0000	  0.4843	  0.4081	  0.0000	  1.0329
128.0000	224.0000	  0.4544	  0.4758	  0.0000	  1.0331
160.0000	224.0000	  0.4704	  0.5481	  0.0000	  1.0358
192.0000	224.0000	  0.4504	  0.5499	  0.0000	  1.0232
224.0000	224.0000	  0.3882	  0.5411	  0.0000	  1.0428
256.0000	224.0000	  0.3118	  0.5553	  0.0000	  1.0205
288.0000	224.0000	  0.2564	  0.5839	  0.0000	  1.0156
320.0000	224.0000	  0.2430	  0.5690	  0.0000	  1.0250
352.0000	224.0000	  0.2513	  0.4476	  0.0000	  1.0074
384.0000	224.0000	  0.2776	  0.2099	  0.0000	  1.0323
416.0000	224.0000	  0.2479	  0.1803	  0.0000	  1.0286
448.0000	224.0000	  0.1913	  0.2771	  0.0000	  1.0337
480.0000	224.0000	  0.1983	  0.3664	  0.0000	  1.0294
512.0000	224.0000	  0.2617	  0.4419	  1.0000	  0.0000
544.0000	224.0000	  0.2944	  0.4758	  1.0000	  1.0265
576.0000	224.0000	  0.2801	  0.4581	  0.0000	  1.0263
608.0000	224.0000	  0.1502	  0.4200	  0.0000	  1.0214
640.0000	224.0000	  0.0677	  0.4095	  0.0000	  1.0384
672.0000	224.0000	  0.0499	  0.4041	  0.0000	  1.0440
704.0000	224.0000	  0.1011	  0.3982	  1.0000	  1.0250
736.0000	224.0000	  0.1900	  0.3828	  1.0000	  1.0006
768.0000	224.0000	  0.2926	  0.3665	  1.0000	  1.0009
800.0000	224.0000	  0.3847	  0.3725	  1.0000	  0.0000
832.0000	224.0000	  0.4511	  0.4178	  1.0000	  0.0000
864.0000	224.0000	  0.4875	  0.5055	  1.0000	  1.0013
896.0000	224.0000	  0.5080	  0.6165	  1.0000	  1.0009
928.0000	224.0000	  0.5328	  0.7091	  1.0000	  1.0001
960.0000	224.0000	  0.5606	  0.7975	  1.0000	  1.0134
992.0000	224.0000	  0.5932	  0.8652	  0.0000	  1.0188
1024.0000	224.0000	  0.5992	  0.8792	  0.0000	  1.0010
 32.0000	256.0000	  0.5869	  0.3812	  1.0000	  1.0001
 64.0000	256.0000	  0.5362	  0.3518	  0.0000	  1.0027
 96.0000	256.0000	  0.4817	  0.3855	  0.0000	  1.0378
128.0000	256.0000	  0.4643	  0.4460	  0.0000	  1.0450
160.0000	256.0000	  0.4563	  0.4995	  0.0000	  1.0219
192.0000	256.0000	  0.4625	  0.5043	  0.0000	  1.0285
224.0000	256.0000	  0.3800	  0.4837	  0.0000	  1.0303
256.0000	256.0000	  0.2525	  0.4735	  0.0000	  1.0167
288.0000	256.0000	  0.1754	  0.5115	  0.0000	  1.0085
320.0000	256.0000	  0.1778	  0.5502	  0.0000	  1.0218
352.0000	256.0000	  0.2323	  0.4645	  0.0000	  1.0345
384.0000	256.0000	  0.3189	  0.2695	  0.0000	  1.0326
416.0000	256.0000	  0.3235	  0.2509	  0.0000	  1.0300
448.0000	256.0000	  0.2726	  0.3239	  0.0000	  1.0464
480.0000	256.0000	  0.2520	  0.4188	  0.0000	  1.0502
512.0000	256.0000	  0.2931	  0.5312	  1.0000	  1.0000
544.0000	256.0000	  0.2946	  0.5873	  1.0000	  1.0017
576.0000	256.0000	  0.2484	  0.5753	  1.0000	  0.0000
608.0000	256.0000	  0.1453	  0.5212	  0.0000	  1.0201
640.0000	256.0000	  0.0915	  0.5182	  0.0000	  1.0428
672.0000	256.0000	  0.0977	  0.5161	  0.0000	  1.0290
704.0000	256.0000	  0.1611	  0.4546	  1.0000	  1.0010
736.0000	256.0000	  0.2512	  0.4021	  1.0000	  1.0012
768.0000	256.0000	  0.3482	  0.3706	  1.0000	  1.0006
800.0000	256.0000	  0.4309	  0.3770	  1.0000	  1.0004
832.0000	256.0000	  0.4854	  0.4352	  1.0000	  1.0255
864.0000	256.0000	  0.5026	  0.5619	  0.0000	  1.0353
896.0000	256.0000	  0.5152	  0.7127	  0.0000	  1.0126
928.0000	256.0000	  0.5625	  0.7857	  1.0000	  1.0004
960.0000	256.0000	  0.6214	  0.8480	  0.0000	  1.0188
992.0000	256.0000	  0.6740	  0.8678	  0.0000	  1.0127
1024.0000	256.0000	  0.7001	  0.8444	  1.0000	  1.0008
 32.0000	288.0000	  0.6072	  0.3308	  1.0000	  1.0003
 64.0000	288.0000	  0.5574	  0.3295	  1.0000	  1.0012
 96.0000	288.0000	  0.5209	  0.3490	  1.0000	  1.0004
128.0000	288.0000	  0.5225	  0.3848	  0.0000	  1.0032
160.0000	288.0000	  0.5129	  0.4114	  0.0000	  1.0017
192.0000	288.0000	  0.4593	  0.4401	  0.0000	  1.0284
224.0000	288.0000	  0.3609	  0.4019	  0.0000	  1.0163
256.0000	288.0000	  0.2457	  0.3602	  0.0000	  1.0154
288.0000	288.0000	  0.1862	  0.4139	  0.0000	  1.0122
320.0000	288.0000	  0.2095	  0.5251	  0.0000	  1.0072
352.0000	288.0000	  0.2964	  0.5296	  0.0000	  1.0213
384.0000	288.0000	  0.4440	  0.4596	  0.0000	  1.0274
416.0000	288.0000	  0.5042	  0.4625	  0.0000	  1.0137
448.0000	288.0000	  0.4802	  0.5011	  0.0000	  1.0203
480.0000	288.0000	  0.4365	  0.5918	  0.0000	  1.0202
512.0000	288.0000	  0.4290	  0.7183	  1.0000	  1.0002
544.0000	288.0000	  0.3620	  0.7969	  1.0000	  1.0009
576.0000	288.0000	  0.2731	  0.7931	  1.0000	  1.0013
608.0000	288.0000	  0.1918	  0.7264	  1.0000	  1.0002
640.0000	288.0000	  0.1533	  0.6584	  1.0000	  1.0015
672.0000	288.0000	  0.1654	  0.5838	  1.0000	  1.0000
704.0000	288.0000	  0.2178	  0.4956	  1.0000	  1.0001
736.0000	288.0000	  0.2820	  0.4352	  1.0000	  1.0005
768.0000	288.0000	  0.3411	  0.4171	  1.0000	  1.0006
800.0000	288.0000	  0.3825	  0.4492	  1.0000	  1.0018
832.0000	288.0000	  0.4025	  0.5287	  0.0000	  1.0226
864.0000	288.0000	  0.3827	  0.6943	  0.0000	  1.0360
896.0000	288.0000	  0.3862	  0.8513	  0.0000	  1.0108
928.0000	288.0000	  0.4478	  0.8909	  1.0000	  1.0003
960.0000	288.0000	  0.5402	  0.8780	  1.0000	  1.0006
992.0000	288.0000	  0.6385	  0.8191	  1.0000	  1.0003
1024.0000	288.0000	  0.6978	  0.7603	  1.0000	  1.0001
 32.0000	320.0000	  0.7306	  0.2329	  1.0000	  1.0001
 64.0000	320.0000	  0.6255	  0.2620	  1.0000	  0.0000
 96.0000	320.0000	  0.5507	  0.2873	  1.0000	  1.0003
128.0000	320.0000	  0.5402	  0.3204	  1.0000	  1.0006
160.0000	320.0000	  0.5312	  0.3348	  0.0000	  1.0176
192.0000	320.0000	  0.4405	  0.3509	  0.0000	  1.0358
224.0000	320.0000	  0.3373	  0.3195	  0.0000	  1.0203
256.0000	320.0000	  0.2678	  0.2763	  0.0000	  1.0181
288.0000	320.0000	  0.2530	  0.3143	  0.0000	  1.0251
320.0000	320.0000	  0.3030	  0.4221	  0.0000	  1.0279
352.0000	320.0000	  0.4028	  0.5165	  0.0000	  1.0299
384.0000	320.0000	  0.5761	  0.5958	  0.0000	  1.0424
416.0000	320.0000	  0.7415	  0.7027	  0.0000	  1.0212
448.0000	320.0000	  0.8290	  0.8088	  1.0000	  1.0006
480.0000	320.0000	  0.8303	  0.9456	  1.0000	  1.0003
512.0000	320.0000	  0.7601	  1.0851	  1.0000	  0.0000
544.0000	320.0000	  0.5932	  1.1793	  0.0000	  1.0277
576.0000	320.0000	  0.4307	  1.1538	  0.0000	  1.0267
608.0000	320.0000	  0.3356	  1.0244	  1.0000	  0.0000
640.0000	320.0000	  0.2792	  0.8642	  1.0000	  1.0010
672.0000	320.0000	  0.2619	  0.7021	  1.0000	  0.0000
704.0000	320.0000	  0.2553	  0.5813	  1.0000	  0.0000
736.0000	320.0000	  0.2203	  0.5524	  1.0000	  1.0002
768.0000	320.0000	  0.1540	  0.6200	  1.0000	  1.0004
800.0000	320.0000	  0.0654	  0.7652	  1.0000	  0.0000
832.0000	320.0000	 -0.0287	  0.9542	  1.0000	  1.0018
864.0000	320.0000	 -0.1058	  1.1517	  1.0000	  1.0012
896.0000	320.0000	 -0.1071	  1.2733	  1.0000	  0.0000
928.0000	320.0000	 -0.0165	  1.2652	  1.0000	  1.0016
960.0000	320.0000	  0.1454	  1.1530	  1.0000	  1.0011
992.0000	320.0000	  0.3413	  0.9711	  1.0000	  1.0119
1024.0000	320.0000	  0.4595	  0.8398	  0.0000	  1.0100
 32.0000	352.0000	  0.8890	  0.1062	  0.0000	  1.0206
 64.0000	352.0000	  0.7001	  0.1688	  1.0000	  1.0021
 96.0000	352.0000	  0.5696	  0.2039	  0.0000	  1.0022
128.0000	352.0000	  0.5510	  0.2426	  1.0000	  1.0003
160.0000	352.0000	  0.5410	  0.2420	  0.0000	  1.0221
192.0000	352.0000	  0.4457	  0.2479	  0.0000	  1.0249
224.0000	352.0000	  0.3457	  0.2190	  0.0000	  1.0177
256.0000	352.0000	  0.3055	  0.2038	  0.0000	  1.0178
288.0000	352.0000	  0.3317	  0.2739	  0.0000	  1.0395
320.0000	352.0000	  0.4228	  0.3897	  0.0000	  1.0402
352.0000	352.0000	  0.5714	  0.5325	  0.0000	  1.0310
384.0000	352.0000	  0.8014	  0.7324	  0.0000	  1.0347
416.0000	352.0000	  1.0861	  1.0139	  1.0000	  1.0022
448.0000	352.0000	  1.2980	  1.2948	  1.0000	  0.0000
480.0000	352.0000	  1.3824	  1.5497	  1.0000	  0.0000
512.0000	352.0000	  1.3258	  1.7292	  1.0000	  0.0000
544.0000	352.0000	  1.1318	  1.8051	  1.0000	  1.0259
576.0000	352.0000	  0.8681	  1.7294	  0.0000	  1.0271
608.0000	352.0000	  0.6900	  1.5183	  1.0000	  1.0001
640.0000	352.0000	  0.5481	  1.2357	  1.0000	  1.0000
672.0000	352.0000	  0.4293	  0.9611	  1.0000	  1.0003
704.0000	352.0000	  0.2663	  0.8023	  1.0000	  1.0003
736.0000	352.0000	 -0.0069	  0.8596	  1.0000	  1.0001
768.0000	352.0000	 -0.3439	  1.1108	  1.0000	  1.0004
800.0000	352.0000	 -0.6822	  1.4667	  1.0000	  1.0012
832.0000	352.0000	 -0.9672	  1.8305	  1.0000	  1.0012
864.0000	352.0000	 -1.1453	  2.1068	  1.0000	  0.0000
896.0000	352.0000	 -1.1503	  2.2034	  1.0000	  0.0000
928.0000	352.0000	 -1.0013	  2.1191	  1.0000	  0.0000
960.0000	352.0000	 -0.7382	  1.8899	  1.0000	  1.0021
992.0000	352.0000	 -0.4012	  1.5584	  0.0000	  1.0146
1024.0000	352.0000	 -0.2207	  1.3649	  0.0000	  1.0164
 32.0000	384.0000	  0.8554	  0.0072	  0.0000	  1.0228
 64.0000	384.0000	  0.7071	  0.1105	  1.0000	  1.0012
 96.0000	384.0000	  0.6051	  0.1779	  1.0000	  0.0000
128.0000	384.0000	  0.5692	  0.2022	  0.0000	  1.0014
160.0000	384.0000	  0.5536	  0.1964	  0.0000	  1.0295
192.0000	384.0000	  0.4869	  0.1874	  0.0000	  1.0322
224.0000	384.0000	  0.4120	  0.1629	  0.0000	  1.0184
256.0000	384.0000	  0.3721	  0.1738	  0.0000	  1.0292
288.0000	384.0000	  0.3975	  0.2788	  0.0000	  1.0097
320.0000	384.0000	  0.5275	  0.4191	  0.0000	  1.0289
352.0000	384.0000	  0.7485	  0.6418	  0.0000	  1.0296
384.0000	384.0000	  1.1052	  0.9949	  0.0000	  1.0366
416.0000	384.0000	  1.5266	  1.5205	  1.0000	  1.0006
448.0000	384.0000	  1.8866	  2.0510	  1.0000	  1.0001
480.0000	384.0000	  2.0952	  2.5031	  1.0000	  1.0002
512.0000	384.0000	  2.1159	  2.7785	  1.0000	  1.0003
544.0000	384.0000	  1.9492	  2.8682	  1.0000	  1.0008
576.0000	384.0000	  1.6458	  2.7317	  1.0000	  1.0012
608.0000	384.0000	  1.3279	  2.3789	  1.0000	  0.0000
640.0000	384.0000	  1.0287	  1.9178	  1.0000	  1.0004
672.0000	384.0000	  0.7157	  1.4925	  1.0000	  1.0004
704.0000	384.0000	  0.2556	  1.2879	  1.0000	  1.0003
736.0000	384.0000	 -0.4568	  1.4878	  1.0000	  1.0009
768.0000	384.0000	 -1.2533	  2.0178	  1.0000	  1.0009
800.0000	384.0000	 -1.9697	  2.6681	  1.0000	  1.0001
832.0000	384.0000	 -2.5023	  3.2501	  1.0000	  1.0001
864.0000	384.0000	 -2.7941	  3.6255	  1.0000	  0.0000
896.0000	384.0000	 -2.7880	  3.6986	  1.0000	  1.0003
928.0000	384.0000	 -2.5750	  3.5419	  1.0000	  1.0000
960.0000	384.0000	 -2.2662	  3.2623	  1.0000	  1.0002
992.0000	384.0000	 -1.9505	  2.9549	  1.0000	  1.0012
1024.0000	384.0000	 -1.7586	  2.7602	  1.0000	  0.0000
 32.0000	416.0000	  0.6587	 -0.0227	  0.0000	  1.0004
 64.0000	416.0000	  0.6532	  0.1160	  1.0000	  1.0032
 96.0000	416.0000	  0.6191	  0.2094	  1.0000	  1.0048
128.0000	416.0000	  0.5773	  0.2397	  1.0000	  1.0041
160.0000	416.0000	  0.5462	  0.2212	  0.0000	  1.0095
192.0000	416.0000	  0.5213	  0.1958	  0.0000	  1.0107
224.0000	416.0000	  0.4742	  0.1648	  0.0000	  1.0273
256.0000	416.0000	  0.4403	  0.1697	  0.0000	  1.0219
288.0000	416.0000	  0.4519	  0.2654	  0.0000	  1.0057
320.0000	416.0000	  0.6144	  0.5070	  1.0000	  1.0011
352.0000	416.0000	  0.9225	  0.9128	  0.0000	  1.0001
384.0000	416.0000	  1.4352	  1.5105	  1.0000	  0.0000
416.0000	416.0000	  2.0310	  2.2979	  1.0000	  1.0028
448.0000	416.0000	  2.5753	  3.1200	  1.0000	  1.0005
480.0000	416.0000	  2.9513	  3.8179	  1.0000	  1.0007
512.0000	416.0000	  3.0938	  4.2716	  1.0000	  1.0010
544.0000	416.0000	  2.9956	  4.4323	  1.0000	  1.0001
576.0000	416.0000	  2.6852	  4.2508	  1.0000	  1.0002
608.0000	416.0000	  2.2549	  3.7329	  1.0000	  1.0015
640.0000	416.0000	  1.7744	  3.0567	  1.0000	  0.0000
672.0000	416.0000	  1.1864	  2.4467	  1.0000	  1.0009
704.0000	416.0000	  0.2757	  2.1690	  1.0000	  1.0009
736.0000	416.0000	 -1.0869	  2.5108	  1.0000	  1.0001
768.0000	416.0000	 -2.5111	  3.3344	  1.0000	  0.0000
800.0000	416.0000	 -3.6851	  4.2848	  1.0000	  1.0001
832.0000	416.0000	 -4.4684	  5.0666	  1.0000	  1.0001
864.0000	416.0000	 -4.8514	  5.5231	  1.0000	  0.0000
896.0000	416.0000	 -4.8301	  5.5802	  1.0000	  1.0001
928.0000	416.0000	 -4.5676	  5.3744	  1.0000	  1.0012
960.0000	416.0000	 -4.2279	  5.0661	  1.0000	  1.0006
992.0000	416.0000	 -3.9237	  4.7751	  1.0000	  1.0005
1024.0000	416.0000	 -3.7324	  4.5878	  1.0000	  1.0001
 32.0000	448.0000	  0.7010	  0.1406	  1.0000	  1.0003
 64.0000	448.0000	  0.7037	  0.2089	  1.0000	  1.0030
 96.0000	448.0000	  0.6695	  0.2772	  0.0000	  1.0262
128.0000	448.0000	  0.5903	  0.2960	  0.0000	  1.0324
160.0000	448.0000	  0.5165	  0.2830	  0.0000	  1.0417
192.0000	448.0000	  0.4890	  0.2549	  1.0000	  1.0010
224.0000	448.0000	  0.4759	  0.2266	  1.0000	  1.0013
256.0000	448.0000	  0.4867	  0.2256	  0.0000	  1.0001
288.0000	448.0000	  0.4990	  0.3371	  1.0000	  1.0006
320.0000	448.0000	  0.7126	  0.6423	  1.0000	  0.0000
352.0000	448.0000	  1.1433	  1.2454	  1.0000	  1.0008
384.0000	448.0000	  1.7958	  2.1489	  1.0000	  1.0014
416.0000	448.0000	  2.5706	  3.2896	  1.0000	  1.0005
448.0000	448.0000	  3.3158	  4.4781	  1.0000	  1.0003
480.0000	448.0000	  3.8813	  5.4886	  1.0000	  1.0008
512.0000	448.0000	  4.1801	  6.1705	  1.0000	  1.0007
544.0000	448.0000	  4.1944	  6.4521	  1.0000	  1.0002
576.0000	448.0000	  3.9327	  6.2708	  1.0000	  1.0001
608.0000	448.0000	  3.4497	  5.6238	  1.0000	  1.0005
640.0000	448.0000	  2.8051	  4.7549	  1.0000	  1.0007
672.0000	448.0000	  1.8851	  3.9649	  1.0000	  1.0008
704.0000	448.0000	  0.3733	  3.5870	  1.0000	  1.0008
736.0000	448.0000	 -1.8485	  4.0189	  1.0000	  0.0000
768.0000	448.0000	 -4.0223	  5.0369	  1.0000	  1.0002
800.0000	448.0000	 -5.6426	  6.1722	  1.0000	  1.0002
832.0000	448.0000	 -6.6118	  7.0545	  1.0000	  1.0004
864.0000	448.0000	 -7.0276	  7.5316	  1.0000	  1.0008
896.0000	448.0000	 -6.9867	  7.5747	  1.0000	  1.0002
928.0000	448.0000	 -6.7036	  7.3537	  1.0000	  1.0002
960.0000	448.0000	 -6.3517	  7.0373	  1.0000	  1.0004
992.0000	448.0000	 -6.0557	  6.7583	  1.0000	  1.0017
1024.0000	448.0000	 -5.8719	  6.5819	  1.0000	  1.0000
 32.0000	480.0000	  0.8624	  0.2768	  0.0000	  1.0156
 64.0000	480.0000	  0.8462	  0.2916	  0.0000	  1.0345
 96.0000	480.0000	  0.7577	  0.3104	  0.0000	  1.0179
128.0000	480.0000	  0.6193	  0.3008	  0.0000	  1.0237
160.0000	480.0000	  0.4966	  0.2946	  0.0000	  1.0266
192.0000	480.0000	  0.4463	  0.2894	  0.0000	  1.0163
224.0000	480.0000	  0.4310	  0.2728	  0.0000	  1.0448
256.0000	480.0000	  0.4181	  0.2882	  0.0000	  1.0483
288.0000	480.0000	  0.4778	  0.4007	  0.0000	  1.0290
320.0000	480.0000	  0.7848	  0.7591	  1.0000	  0.0000
352.0000	480.0000	  1.3450	  1.5924	  1.0000	  1.0002
384.0000	480.0000	  2.1463	  2.8462	  1.0000	  1.0002
416.0000	480.0000	  3.0968	  4.3937	  1.0000	  1.0007
448.0000	480.0000	  4.0366	  5.9870	  1.0000	  1.0008
480.0000	480.0000	  4.7864	  7.3326	  1.0000	  1.0019
512.0000	480.0000	  5.2457	  8.2536	  1.0000	  1.0012
544.0000	480.0000	  5.3980	  8.6808	  1.0000	  0.0000
576.0000	480.0000	  5.2398	  8.5514	  1.0000	  1.0023
608.0000	480.0000	  4.7809	  7.8701	  1.0000	  1.0001
640.0000	480.0000	  4.0244	  6.9145	  1.0000	  1.0011
672.0000	480.0000	  2.7535	  6.0244	  1.0000	  1.0015
704.0000	480.0000	  0.5316	  5.5535	  1.0000	  1.0001
736.0000	480.0000	 -2.6702	  5.9954	  1.0000	  1.0017
768.0000	480.0000	 -5.6148	  6.9807	  1.0000	  1.0010
800.0000	480.0000	 -7.5465	  8.0656	  1.0000	  1.0001
832.0000	480.0000	 -8.5877	  8.8965	  1.0000	  1.0001
864.0000	480.0000	 -8.9575	  9.3102	  1.0000	  1.0011
896.0000	480.0000	 -8.8874	  9.3327	  1.0000	  0.0000
928.0000	480.0000	 -8.6175	  9.1317	  1.0000	  1.0004
960.0000	480.0000	 -8.2688	  8.8231	  1.0000	  1.0001
992.0000	480.0000	 -7.9894	  8.5626	  1.0000	  1.0006
1024.0000	480.0000	 -7.8236	  8.4048	  1.0000	  1.0002
 32.0000	512.0000	  1.1977	  0.3994	  0.0000	  1.0145
 64.0000	512.0000	  1.1242	  0.3502	  0.0000	  1.0165
 96.0000	512.0000	  0.9148	  0.2862	  0.0000	  1.0254
128.0000	512.0000	  0.7049	  0.2452	  0.0000	  1.0226
160.0000	512.0000	  0.5461	  0.2422	  0.0000	  1.0334
192.0000	512.0000	  0.4725	  0.2477	  0.0000	  1.0295
224.0000	512.0000	  0.4388	  0.2156	  0.0000	  1.0368
256.0000	512.0000	  0.4306	  0.2237	  0.0000	  1.0442
288.0000	512.0000	  0.5282	  0.3376	  0.0000	  1.0446
320.0000	512.0000	  0.8736	  0.7930	  0.0000	  1.0297
352.0000	512.0000	  1.5322	  1.8971	  1.0000	  1.0008
384.0000	512.0000	  2.4657	  3.4986	  1.0000	  1.0006
416.0000	512.0000	  3.5736	  5.4352	  1.0000	  1.0005
448.0000	512.0000	  4.6789	  7.4016	  1.0000	  1.0015
480.0000	512.0000	  5.5809	  9.0453	  1.0000	  1.0006
512.0000	512.0000	  6.1761	 10.1726	  1.0000	  1.0009
544.0000	512.0000	  6.4697	 10.7563	  1.0000	  1.0007
576.0000	512.0000	  6.4483	 10.7413	  1.0000	  1.0006
608.0000	512.0000	  6.0892	 10.1657	  1.0000	  0.0000
640.0000	512.0000	  5.2924	  9.2917	  1.0000	  1.0002
672.0000	512.0000	  3.6756	  8.4232	  1.0000	  1.0007
704.0000	512.0000	  0.6636	  7.8371	  1.0000	  1.0000
736.0000	512.0000	 -3.5244	  8.0181	  1.0000	  1.0000
768.0000	512.0000	 -7.0647	  8.8114	  1.0000	  1.0001
800.0000	512.0000	 -9.0663	  9.6153	  1.0000	  1.0001
832.0000	512.0000	-10.0922	 10.2936	  1.0000	  1.0007
864.0000	512.0000	-10.3648	 10.5947	  1.0000	  0.0000
896.0000	512.0000	-10.2710	 10.6062	  1.0000	  1.0004
928.0000	512.0000	-10.0652	 10.4765	  0.0000	  1.0007
960.0000	512.0000	 -9.7364	 10.1926	  1.0000	  1.0010
992.0000	512.0000	 -9.4958	  9.9709	  1.0000	  1.0010
1024.0000	512.0000	 -9.3639	  9.8457	  1.0000	  0.0000
 32.0000	544.0000	  1.4005	  0.3684	  0.0000	  1.0243
 64.0000	544.0000	  1.2991	  0.3218	  0.0000	  1.0245
 96.0000	544.0000	  1.0483	  0.2601	  1.0000	  1.0010
128.0000	544.0000	  0.8114	  0.2067	  0.0000	  1.0330
160.0000	544.0000	  0.6399	  0.1888	  0.0000	  1.0293
192.0000	544.0000	  0.5405	  0.1698	  0.0000	  1.0376
224.0000	544.0000	  0.4869	  0.1158	  0.0000	  1.0467
256.0000	544.0000	  0.4923	  0.1118	  0.0000	  1.0552
288.0000	544.0000	  0.6199	  0.2874	  0.0000	  1.0472
320.0000	544.0000	  0.9881	  0.9156	  1.0000	  1.0289
352.0000	544.0000	  1.7003	  2.1924	  1.0000	  1.0003
384.0000	544.0000	  2.7289	  4.0534	  1.0000	  1.0008
416.0000	544.0000	  3.9569	  6.2973	  1.0000	  1.0011
448.0000	544.0000	  5.1865	  8.5586	  1.0000	  0.0000
480.0000	544.0000	  6.2015	 10.4352	  1.0000	  1.0002
512.0000	544.0000	  6.8943	 11.7119	  1.0000	  1.0001
544.0000	544.0000	  7.3143	 12.4433	  1.0000	  1.0015
576.0000	544.0000	  7.4389	 12.5771	  1.0000	  0.0000
608.0000	544.0000	  7.2364	 12.2175	  1.0000	  1.0005
640.0000	544.0000	  6.4776	 11.5665	  1.0000	  0.0000
672.0000	544.0000	  4.5558	 10.8064	  1.0000	  1.0007
704.0000	544.0000	  0.7519	 10.1032	  1.0000	  1.0012
736.0000	544.0000	 -3.9786	  9.9224	  1.0000	  1.0003
768.0000	544.0000	 -8.0764	 10.2799	  1.0000	  1.0007
800.0000	544.0000	-10.2271	 10.7625	  1.0000	  1.0008
832.0000	544.0000	-11.0405	 11.1334	  1.0000	  1.0013
864.0000	544.0000	-11.1564	 11.2890	  1.0000	  0.0000
896.0000	544.0000	-11.0168	 11.2792	  1.0000	  1.0010
928.0000	544.0000	-10.8307	 11.1834	  1.0000	  1.0009
960.0000	544.0000	-10.6247	 11.0218	  1.0000	  1.0008
992.0000	544.0000	-10.4784	 10.8908	  1.0000	  1.0019
1024.0000	544.0000	-10.4012	 10.8173	  1.0000	  1.0000
 32.0000	576.0000	  1.4018	  0.3233	  1.0000	  1.0016
 64.0000	576.0000	  1.2972	  0.2894	  1.0000	  1.0041
 96.0000	576.0000	  1.0985	  0.2431	  1.0000	  1.0002
128.0000	576.0000	  0.8882	  0.1975	  1.0000	  1.0005
160.0000	576.0000	  0.7152	  0.1631	  1.0000	  1.0004
192.0000	576.0000	  0.5991	  0.1220	  1.0000	  1.0003
224.0000	576.0000	  0.5319	  0.0642	  1.0000	  1.0005
256.0000	576.0000	  0.5305	  0.0604	  1.0000	  1.0012
288.0000	576.0000	  0.6640	  0.2794	  1.0000	  1.0002
320.0000	576.0000	  1.0644	  1.0076	  1.0000	  1.0001
352.0000	576.0000	  1.8203	  2.4104	  1.0000	  1.0012
384.0000	576.0000	  2.9134	  4.4521	  1.0000	  1.0022
416.0000	576.0000	  4.2221	  6.9084	  1.0000	  1.0013
448.0000	576.0000	  5.5375	  9.3790	  1.0000	  1.0009
480.0000	576.0000	  6.6441	 11.4477	  1.0000	  1.0004
512.0000	576.0000	  7.4456	 12.9057	  0.0000	  1.0033
544.0000	576.0000	  7.9035	 13.6486	  1.0000	  0.0000
576.0000	576.0000	  8.1286	 13.8720	  1.0000	  1.0016
608.0000	576.0000	  8.0906	 13.7307	  1.0000	  1.0006
640.0000	576.0000	  7.4548	 13.3388	  1.0000	  1.0008
672.0000	576.0000	  5.4240	 12.7106	  1.0000	  1.0005
704.0000	576.0000	  1.1027	 11.8472	  1.0000	  1.0002
736.0000	576.0000	 -4.3581	 11.2895	  1.0000	  1.0000
768.0000	576.0000	 -8.7755	 11.2341	  1.0000	  1.0001
800.0000	576.0000	-10.8839	 11.3765	  1.0000	  1.0011
832.0000	576.0000	-11.5140	 11.5144	  1.0000	  1.0003
864.0000	576.0000	-11.5060	 11.5692	  1.0000	  1.0009
896.0000	576.0000	-11.3349	 11.5536	  1.0000	  0.0000
928.0000	576.0000	-11.1802	 11.5025	  1.0000	  1.0013
960.0000	576.0000	-11.0650	 11.4324	  1.0000	  1.0004
992.0000	576.0000	-10.9967	 11.3765	  1.0000	  1.0002
1024.0000	576.0000	-10.9651	 11.3461	  1.0000	  1.0004
 32.0000	608.0000	  1.3748	  0.2921	  1.0000	  1.0252
 64.0000	608.0000	  1.2780	  0.2670	  1.0000	  1.0008
 96.0000	608.0000	  1.1122	  0.2315	  1.0000	  1.0146
128.0000	608.0000	  0.9239	  0.1925	  1.0000	  1.0269
160.0000	608.0000	  0.7556	  0.1516	  1.0000	  1.0275
192.0000	608.0000	  0.6335	  0.0992	  1.0000	  1.0011
224.0000	608.0000	  0.5591	  0.0384	  1.0000	  1.0004
256.0000	608.0000	  0.5512	  0.0381	  1.0000	  1.0005
288.0000	608.0000	  0.6862	  0.2794	  1.0000	  1.0000
320.0000	608.0000	  1.1039	  1.0579	  1.0000	  0.0000
352.0000	608.0000	  1.8856	  2.5339	  1.0000	  1.0002
384.0000	608.0000	  3.0138	  4.6755	  1.0000	  1.0003
416.0000	608.0000	  4.3636	  7.2427	  1.0000	  0.0000
448.0000	608.0000	  5.7175	  9.8148	  1.0000	  1.0004
480.0000	608.0000	  6.8546	 11.9573	  1.0000	  1.0001
512.0000	608.0000	  7.6743	 13.4460	  1.0000	  0.0000
544.0000	608.0000	  8.1711	 14.2272	  1.0000	  0.0000
576.0000	608.0000	  8.4533	 14.4972	  1.0000	  0.0000
608.0000	608.0000	  8.5109	 14.4624	  1.0000	  1.0009
640.0000	608.0000	  7.9836	 14.2106	  1.0000	  1.0000
672.0000	608.0000	  6.0256	 13.7021	  1.0000	  1.0017
704.0000	608.0000	  1.6408	 12.8917	  1.0000	  1.0000
736.0000	608.0000	 -4.8145	 12.0378	  1.0000	  1.0001
768.0000	608.0000	 -9.2264	 11.6816	  1.0000	  1.0007
800.0000	608.0000	-11.1967	 11.6171	  1.0000	  1.0004
832.0000	608.0000	-11.6971	 11.6341	  1.0000	  1.0013
864.0000	608.0000	-11.6152	 11.6397	  1.0000	  1.0000
896.0000	608.0000	-11.4241	 11.6226	  1.0000	  1.0000
928.0000	608.0000	-11.2850	 11.5957	  1.0000	  1.0001
960.0000	608.0000	-11.2098	 11.5671	  1.0000	  1.0012
992.0000	608.0000	-11.1781	 11.5468	  1.0000	  1.0012
1024.0000	608.0000	-11.1679	 11.5368	  1.0000	  1.0006
