 32.0000	 32.0000	 -5.3903	  0.2226	  1.0000	  1.0005
 64.0000	 32.0000	 -5.3355	  0.2201	  1.0000	  1.0020
 96.0000	 32.0000	 -4.8690	  0.1919	  1.0000	  1.0043
128.0000	 32.0000	 -4.1099	  0.1483	  1.0000	  1.0081
160.0000	 32.0000	 -3.4406	  0.1008	  0.0000	  1.0451
192.0000	 32.0000	 -3.0696	  0.0302	  0.0000	  1.0410
224.0000	 32.0000	 -2.9059	  0.0032	  1.0000	  1.0202
256.0000	 32.0000	 -2.8525	  0.0551	  1.0000	  1.0023
288.0000	 32.0000	 -2.9644	  0.1836	  1.0000	  1.0059
320.0000	 32.0000	 -3.2215	  0.3436	  1.0000	  1.0005
352.0000	 32.0000	 -3.5304	  0.4108	  1.0000	  1.0023
384.0000	 32.0000	 -3.8505	  0.1501	  0.0000	  1.0598
416.0000	 32.0000	 -4.0797	 -0.9660	  0.0000	  1.0596
448.0000	 32.0000	 -4.2289	 -2.8449	  1.0000	  1.0014
480.0000	 32.0000	 -4.2490	 -4.2003	  1.0000	  1.0071
512.0000	 32.0000	 -4.1394	 -4.6686	  1.0000	  1.0004
544.0000	 32.0000	 -3.9361	 -4.2728	  1.0000	  0.0000
576.0000	 32.0000	 -3.6685	 -3.1784	  1.0000	  1.0029
608.0000	 32.0000	 -3.3976	 -1.7779	  1.0000	  1.0062
640.0000	 32.0000	 -3.2259	 -0.7793	  1.0000	  1.0156
672.0000	 32.0000	 -3.1888	 -0.2552	  1.0000	  1.0068
704.0000	 32.0000	 -3.2220	 -0.0136	  1.0000	  1.0205
736.0000	 32.0000	 -3.2687	  0.0964	  1.0000	  0.0000
768.0000	 32.0000	 -3.2911	  0.1385	  1.0000	  0.0000
800.0000	 32.0000	 -3.2783	  0.1240	  1.0000	  1.0101
832.0000	 32.0000	 -3.2483	  0.0463	  0.0000	  1.1003
864.0000	 32.0000	 -3.2545	 -0.0088	  0.0000	  1.1261
896.0000	 32.0000	 -3.2605	  0.0148	  0.0000	  1.0869
928.0000	 32.0000	 -3.2831	  0.0829	  0.0000	  1.0739
960.0000	 32.0000	 -3.2546	  0.1183	  0.0000	  1.0671
992.0000	 32.0000	 -3.1769	  0.1387	  0.0000	  1.0682
1024.0000	 32.0000	 -3.1141	  0.1490	  1.0000	  1.0070
 32.0000	 64.0000	 -4.9730	  0.1855	  1.0000	  1.0144
 64.0000	 64.0000	 -4.8121	  0.1745	  1.0000	  1.0065
 96.0000	 64.0000	 -4.4060	  0.1484	  0.0000	  1.0127
128.0000	 64.0000	 -3.8652	  0.1260	  0.0000	  1.0100
160.0000	 64.0000	 -3.3608	  0.0968	  0.0000	  1.0488
192.0000	 64.0000	 -3.0636	  0.0076	  0.0000	  1.0746
224.0000	 64.0000	 -2.9043	 -0.0540	  0.0000	  1.0645
256.0000	 64.0000	 -2.8154	 -0.0345	  1.0000	  1.0019
288.0000	 64.0000	 -2.8968	  0.0780	  1.0000	  1.0018
320.0000	 64.0000	 -3.1553	  0.2348	  1.0000	  1.0041
352.0000	 64.0000	 -3.4721	  0.2769	  1.0000	  1.0061
384.0000	 64.0000	 -3.7817	 -0.0480	  0.0000	  1.0731
416.0000	 64.0000	 -3.9884	 -1.1633	  1.0000	  1.0651
448.0000	 64.0000	 -4.1253	 -2.6983	  1.0000	  1.0023
480.0000	 64.0000	 -4.1383	 -3.7806	  1.0000	  1.0020
512.0000	 64.0000	 -4.0254	 -4.0525	  1.0000	  1.0067
544.0000	 64.0000	 -3.8374	 -3.6330	  1.0000	  0.0000
576.0000	 64.0000	 -3.5876	 -2.5702	  1.0000	  1.0092
608.0000	 64.0000	 -3.3415	 -1.3113	  0.0000	  1.0522
640.0000	 64.0000	 -3.1935	 -0.5133	  0.0000	  1.0444
672.0000	 64.0000	 -3.1990	 -0.1482	  1.0000	  1.0371
704.0000	 64.0000	 -3.2638	  0.0446	  1.0000	  1.0018
736.0000	 64.0000	 -3.3292	  0.1504	  1.0000	  1.0072
768.0000	 64.0000	 -3.3615	  0.1979	  1.0000	  1.0023
800.0000	 64.0000	 -3.3521	  0.1926	  0.0000	  1.0599
832.0000	 64.0000	 -3.3369	  0.1019	  0.0000	  1.1248
864.0000	 64.0000	 -3.3271	  0.0306	  0.0000	  1.1280
896.0000	 64.0000	 -3.3013	  0.0368	  0.0000	  1.0912
928.0000	 64.0000	 -3.3034	  0.0937	  0.0000	  1.0856
960.0000	 64.0000	 -3.2678	  0.1207	  0.0000	  1.0670
992.0000	 64.0000	 -3.1699	  0.1390	  0.0000	  1.0741
1024.0000	 64.0000	 -3.0799	  0.1549	  0.0000	  1.0451
 32.0000	 96.0000	 -4.0250	  0.0948	  0.0000	  1.0382
 64.0000	 96.0000	 -3.9054	  0.0909	  0.0000	  1.0359
 96.0000	 96.0000	 -3.6780	  0.0893	  0.0000	  1.1649
128.0000	 96.0000	 -3.4115	  0.0784	  0.0000	  1.1129
160.0000	 96.0000	 -3.1707	  0.0367	  0.0000	  1.1087
192.0000	 96.0000	 -3.0020	 -0.0682	  0.0000	  1.0873
224.0000	 96.0000	 -2.8581	 -0.1624	  0.0000	  1.0842
256.0000	 96.0000	 -2.7345	 -0.1802	  0.0000	  1.0547
288.0000	 96.0000	 -2.7764	 -0.0875	  0.0000	  1.0564
320.0000	 96.0000	 -3.0501	  0.0769	  1.0000	  1.0013
352.0000	 96.0000	 -3.3631	  0.0864	  1.0000	  1.0010
384.0000	 96.0000	 -3.6437	 -0.2806	  1.0000	  1.0008
416.0000	 96.0000	 -3.8383	 -1.1715	  1.0000	  1.0064
448.0000	 96.0000	 -3.9535	 -2.3270	  1.0000	  1.0001
480.0000	 96.0000	 -3.9601	 -3.1155	  1.0000	  1.0050
512.0000	 96.0000	 -3.8597	 -3.2396	  1.0000	  1.0022
544.0000	 96.0000	 -3.6850	 -2.6948	  1.0000	  1.0007
576.0000	 96.0000	 -3.4703	 -1.6818	  0.0000	  1.0158
608.0000	 96.0000	 -3.3046	 -0.8269	  0.0000	  1.0823
640.0000	 96.0000	 -3.2249	 -0.3237	  0.0000	  1.0797
672.0000	 96.0000	 -3.2522	 -0.0645	  0.0000	  1.0706
704.0000	 96.0000	 -3.3543	  0.1259	  1.0000	  1.0010
736.0000	 96.0000	 -3.4489	  0.2468	  1.0000	  1.0046
768.0000	 96.0000	 -3.5010	  0.2918	  1.0000	  1.0029
800.0000	 96.0000	 -3.5027	  0.2526	  0.0000	  1.0816
832.0000	 96.0000	 -3.4876	  0.1483	  0.0000	  1.0970
864.0000	 96.0000	 -3.4409	  0.0701	  0.0000	  1.0896
896.0000	 96.0000	 -3.3557	  0.0508	  0.0000	  1.0369
928.0000	 96.0000	 -3.3301	  0.0834	  0.0000	  1.0384
960.0000	 96.0000	 -3.2840	  0.1084	  0.0000	  1.1187
992.0000	 96.0000	 -3.1776	  0.1299	  0.0000	  1.1004
1024.0000	 96.0000	 -3.0812	  0.1510	  0.0000	  1.0502
 32.0000	128.0000	 -3.3812	 -0.0102	  0.0000	  1.0414
 64.0000	128.0000	 -3.2959	 -0.0113	  0.0000	  1.0641
 96.0000	128.0000	 -3.1858	  0.0085	  0.0000	  1.1880
128.0000	128.0000	 -3.0723	  0.0262	  0.0000	  1.1084
160.0000	128.0000	 -2.9902	  0.0117	  0.0000	  1.0833
192.0000	128.0000	 -2.9185	 -0.0899	  0.0000	  1.0741
224.0000	128.0000	 -2.7970	 -0.2051	  0.0000	  1.0889
256.0000	128.0000	 -2.6659	 -0.2620	  0.0000	  1.0533
288.0000	128.0000	 -2.7174	 -0.1690	  0.0000	  1.0530
320.0000	128.0000	 -2.9787	 -0.0151	  1.0000	  1.0026
352.0000	128.0000	 -3.2495	 -0.0037	  1.0000	  1.0091
384.0000	128.0000	 -3.4784	 -0.2889	  1.0000	  1.0049
416.0000	128.0000	 -3.6355	 -0.9098	  1.0000	  1.0079
448.0000	128.0000	 -3.7210	 -1.7063	  1.0000	  1.0047
480.0000	128.0000	 -3.7178	 -2.2170	  1.0000	  1.0011
512.0000	128.0000	 -3.6325	 -2.2066	  1.0000	  0.0000
544.0000	128.0000	 -3.4943	 -1.6507	  1.0000	  1.0940
576.0000	128.0000	 -3.3553	 -0.8979	  0.0000	  1.1316
608.0000	128.0000	 -3.2772	 -0.3897	  0.0000	  1.0702
640.0000	128.0000	 -3.2775	 -0.1305	  0.0000	  1.1041
672.0000	128.0000	 -3.3505	  0.0392	  0.0000	  1.1410
704.0000	128.0000	 -3.4942	  0.2486	  1.0000	  1.0016
736.0000	128.0000	 -3.6218	  0.3975	  1.0000	  1.0008
768.0000	128.0000	 -3.6953	  0.4473	  1.0000	  1.0101
800.0000	128.0000	 -3.7037	  0.3826	  1.0000	  1.0957
832.0000	128.0000	 -3.6671	  0.2305	  0.0000	  1.0887
864.0000	128.0000	 -3.6027	  0.1244	  1.0000	  1.0167
896.0000	128.0000	 -3.5187	  0.0582	  1.0000	  1.0004
928.0000	128.0000	 -3.4545	  0.0454	  1.0000	  1.0040
960.0000	128.0000	 -3.3776	  0.0643	  0.0000	  1.0900
992.0000	128.0000	 -3.2661	  0.0884	  0.0000	  1.0981
1024.0000	128.0000	 -3.1796	  0.1183	  0.0000	  1.0398
 32.0000	160.0000	 -3.0556	 -0.1199	  0.0000	  1.0736
 64.0000	160.0000	 -2.9989	 -0.1127	  0.0000	  1.0247
 96.0000	160.0000	 -2.9522	 -0.0828	  0.0000	  1.0769
128.0000	160.0000	 -2.8971	 -0.0330	  0.0000	  1.0457
160.0000	160.0000	 -2.8782	  0.0083	  0.0000	  1.0372
192.0000	160.0000	 -2.8721	 -0.0487	  0.0000	  1.0425
224.0000	160.0000	 -2.8031	 -0.1536	  0.0000	  1.0793
256.0000	160.0000	 -2.7113	 -0.2268	  0.0000	  1.0489
288.0000	160.0000	 -2.8118	 -0.1262	  1.0000	  1.0066
320.0000	160.0000	 -2.9964	 -0.0073	  1.0000	  1.0093
352.0000	160.0000	 -3.1687	  0.0259	  1.0000	  0.0000
384.0000	160.0000	 -3.3181	 -0.1208	  1.0000	  1.0037
416.0000	160.0000	 -3.4151	 -0.4572	  1.0000	  1.0020
448.0000	160.0000	 -3.4513	 -0.9145	  1.0000	  1.0009
480.0000	160.0000	 -3.4327	 -1.2058	  1.0000	  1.0002
512.0000	160.0000	 -3.3671	 -1.1547	  1.0000	  1.0033
544.0000	160.0000	 -3.2844	 -0.7657	  0.0000	  1.0886
576.0000	160.0000	 -3.2249	 -0.3639	  0.0000	  1.1109
608.0000	160.0000	 -3.2343	 -0.1208	  0.0000	  1.0774
640.0000	160.0000	 -3.3105	  0.0146	  0.0000	  1.1225
672.0000	160.0000	 -3.4422	  0.1656	  0.0000	  1.1509
704.0000	160.0000	 -3.6522	  0.3962	  1.0000	  1.0026
736.0000	160.0000	 -3.8149	  0.5712	  1.0000	  1.0042
768.0000	160.0000	 -3.8978	  0.6290	  1.0000	  1.0064
800.0000	160.0000	 -3.8968	  0.5556	  1.0000	  0.0000
832.0000	160.0000	 -3.8344	  0.3804	  1.0000	  1.0086
864.0000	160.0000	 -3.7411	  0.1885	  1.0000	  1.0122
896.0000	160.0000	 -3.6545	  0.0539	  1.0000	  0.0000
928.0000	160.0000	 -3.5840	 -0.0092	  1.0000	  1.0064
960.0000	160.0000	 -3.5217	 -0.0222	  1.0000	  1.0179
992.0000	160.0000	 -3.4423	 -0.0085	  1.0000	  1.0023
1024.0000	160.0000	 -3.3784	  0.0163	  1.0000	  1.0043
 32.0000	192.0000	 -2.9685	 -0.1779	  0.0000	  1.0296
 64.0000	192.0000	 -2.9246	 -0.1524	  0.0000	  1.0756
 96.0000	192.0000	 -2.9156	 -0.1296	  0.0000	  1.0941
128.0000	192.0000	 -2.8977	 -0.0799	  0.0000	  1.0542
160.0000	192.0000	 -2.8868	  0.0058	  0.0000	  1.0189
192.0000	192.0000	 -2.9053	  0.0047	  0.0000	  1.0271
224.0000	192.0000	 -2.9177	 -0.0489	  0.0000	  1.0474
256.0000	192.0000	 -2.9086	 -0.0718	  0.0000	  1.0780
288.0000	192.0000	 -2.9692	 -0.0150	  0.0000	  1.1003
320.0000	192.0000	 -3.0588	  0.0614	  0.0000	  1.0755
352.0000	192.0000	 -3.1052	  0.1299	  1.0000	  0.0000
384.0000	192.0000	 -3.1707	  0.1136	  1.0000	  1.0002
416.0000	192.0000	 -3.2016	  0.0193	  0.0000	  1.0486
448.0000	192.0000	 -3.1792	 -0.2196	  1.0000	  1.0285
480.0000	192.0000	 -3.1479	 -0.3977	  1.0000	  1.0060
512.0000	192.0000	 -3.1067	 -0.3891	  0.0000	  1.0262
544.0000	192.0000	 -3.0746	 -0.2214	  0.0000	  1.0861
576.0000	192.0000	 -3.0784	 -0.1077	  0.0000	  1.0923
608.0000	192.0000	 -3.1738	 -0.0541	  0.0000	  1.0833
640.0000	192.0000	 -3.3238	  0.0430	  0.0000	  1.1072
672.0000	192.0000	 -3.5068	  0.2299	  0.0000	  1.0589
704.0000	192.0000	 -3.7737	  0.4655	  1.0000	  0.0000
736.0000	192.0000	 -3.9503	  0.6521	  1.0000	  1.0014
768.0000	192.0000	 -4.0149	  0.7063	  1.0000	  1.0010
800.0000	192.0000	 -3.9879	  0.6245	  1.0000	  1.0060
832.0000	192.0000	 -3.8983	  0.4281	  1.0000	  0.0000
864.0000	192.0000	 -3.7890	  0.1928	  1.0000	  1.0010
896.0000	192.0000	 -3.7140	  0.0220	  1.0000	  0.0000
928.0000	192.0000	 -3.6706	 -0.0707	  1.0000	  1.0028
960.0000	192.0000	 -3.6434	 -0.0980	  1.0000	  1.0036
992.0000	192.0000	 -3.5801	 -0.0903	  1.0000	  1.0070
1024.0000	192.0000	 -3.5266	 -0.0696	  1.0000	  1.0080
 32.0000	224.0000	 -3.0476	 -0.0729	  1.0000	  1.0216
 64.0000	224.0000	 -3.0385	 -0.0689	  0.0000	  1.1036
 96.0000	224.0000	 -3.0427	 -0.0794	  0.0000	  1.1180
128.0000	224.0000	 -3.0231	 -0.0618	  0.0000	  1.0867
160.0000	224.0000	 -2.9892	  0.0327	  0.0000	  1.0688
192.0000	224.0000	 -3.0273	  0.0608	  0.0000	  1.0822
224.0000	224.0000	 -3.0635	  0.0442	  0.0000	  1.0652
256.0000	224.0000	 -3.0564	  0.0455	  0.0000	  1.0885
288.0000	224.0000	 -3.0585	  0.0709	  0.0000	  1.1019
320.0000	224.0000	 -3.0518	  0.1167	  0.0000	  1.0511
352.0000	224.0000	 -3.0075	  0.2271	  0.0000	  1.0192
384.0000	224.0000	 -3.0177	  0.2755	  0.0000	  1.1094
416.0000	224.0000	 -2.9666	  0.2974	  0.0000	  1.0977
448.0000	224.0000	 -2.8914	  0.2475	  0.0000	  1.0489
480.0000	224.0000	 -2.8684	  0.1343	  1.0000	  1.0041
512.0000	224.0000	 -2.8793	  0.1159	  0.0000	  1.0235
544.0000	224.0000	 -2.8967	  0.0721	  0.0000	  1.0250
576.0000	224.0000	 -2.9448	 -0.0565	  0.0000	  1.0538
608.0000	224.0000	 -3.1138	 -0.1332	  0.0000	  1.0435
640.0000	224.0000	 -3.3537	 -0.0449	  1.0000	  0.0000
672.0000	224.0000	 -3.5780	  0.1558	  0.0000	  1.0359
704.0000	224.0000	 -3.8534	  0.4113	  1.0000	  1.0125
736.0000	224.0000	 -3.9994	  0.6069	  1.0000	  1.0001
768.0000	224.0000	 -4.0128	  0.6469	  1.0000	  1.0102
800.0000	224.0000	 -3.9471	  0.5591	  1.0000	  1.0069
832.0000	224.0000	 -3.8265	  0.3520	  1.0000	  1.0125
864.0000	224.0000	 -3.7135	  0.1313	  1.0000	  1.0031
896.0000	224.0000	 -3.6671	 -0.0191	  1.0000	  1.0013
928.0000	224.0000	 -3.6650	 -0.1080	  0.0000	  1.0372
960.0000	224.0000	 -3.6914	 -0.1302	  0.0000	  1.0362
992.0000	224.0000	 -3.6205	 -0.1218	  1.0000	  1.0010
1024.0000	224.0000	 -3.5670	 -0.1049	  1.0000	  0.0000
 32.0000	256.0000	 -3.1597	  0.0739	  1.0000	  1.0026
 64.0000	256.0000	 -3.1852	  0.0589	  0.0000	  1.0992
 96.0000	256.0000	 -3.2155	  0.0196	  0.0000	  1.1116
128.0000	256.0000	 -3.2053	 -0.0107	  0.0000	  1.0264
160.0000	256.0000	 -3.1245	  0.0233	  0.0000	  1.0492
192.0000	256.0000	 -3.1569	  0.0508	  0.0000	  1.0882
224.0000	256.0000	 -3.1972	  0.0721	  0.0000	  1.0749
256.0000	256.0000	 -3.1643	  0.0949	  0.0000	  1.0755
288.0000	256.0000	 -3.1150	  0.1040	  0.0000	  1.0668
320.0000	256.0000	 -3.0435	  0.1336	  0.0000	  1.0569
352.0000	256.0000	 -2.9261	  0.2594	  0.0000	  1.0186
384.0000	256.0000	 -2.8618	  0.3413	  0.0000	  1.1138
416.0000	256.0000	 -2.7250	  0.3808	  0.0000	  1.1080
448.0000	256.0000	 -2.6031	  0.3845	  0.0000	  1.0743
480.0000	256.0000	 -2.5918	  0.3270	  1.0000	  1.0015
512.0000	256.0000	 -2.6766	  0.2557	  1.0000	  1.0025
544.0000	256.0000	 -2.7954	  0.1158	  1.0000	  1.0003
576.0000	256.0000	 -2.9174	 -0.0769	  0.0000	  1.0772
608.0000	256.0000	 -3.1279	 -0.1921	  0.0000	  1.0753
640.0000	256.0000	 -3.3942	 -0.1351	  1.0000	  1.0253
672.0000	256.0000	 -3.6524	  0.0332	  1.0000	  1.0015
704.0000	256.0000	 -3.8657	  0.2841	  1.0000	  1.0002
736.0000	256.0000	 -3.9490	  0.4821	  1.0000	  1.0002
768.0000	256.0000	 -3.9123	  0.5224	  1.0000	  1.0043
800.0000	256.0000	 -3.7879	  0.4048	  1.0000	  1.0387
832.0000	256.0000	 -3.6356	  0.1901	  0.0000	  1.0563
864.0000	256.0000	 -3.5314	  0.0432	  0.0000	  1.0365
896.0000	256.0000	 -3.5226	 -0.0315	  1.0000	  0.0000
928.0000	256.0000	 -3.5430	 -0.0745	  1.0000	  1.0117
960.0000	256.0000	 -3.5764	 -0.0815	  0.0000	  1.0441
992.0000	256.0000	 -3.5175	 -0.0797	  1.0000	  1.0096
1024.0000	256.0000	 -3.4790	 -0.0711	  1.0000	  1.0045
 32.0000	288.0000	 -3.2078	  0.1937	  1.0000	  1.0018
 64.0000	288.0000	 -3.2514	  0.1818	  1.0000	  1.0067
 96.0000	288.0000	 -3.3142	  0.1460	  0.0000	  1.0010
128.0000	288.0000	 -3.3288	  0.1045	  0.0000	  1.0163
160.0000	288.0000	 -3.2412	  0.0289	  0.0000	  1.0260
192.0000	288.0000	 -3.2450	  0.0424	  0.0000	  1.0850
224.0000	288.0000	 -3.2651	  0.0892	  0.0000	  1.0848
256.0000	288.0000	 -3.2335	  0.1299	  0.0000	  1.0716
288.0000	288.0000	 -3.1754	  0.1439	  0.0000	  1.0524
320.0000	288.0000	 -3.0641	  0.1838	  0.0000	  1.0213
352.0000	288.0000	 -2.8799	  0.3109	  0.0000	  1.0569
384.0000	288.0000	 -2.6804	  0.3791	  0.0000	  1.0679
416.0000	288.0000	 -2.4360	  0.3917	  1.0000	  1.0142
448.0000	288.0000	 -2.2759	  0.3949	  1.0000	  1.0122
480.0000	288.0000	 -2.2965	  0.3702	  1.0000	  1.0068
512.0000	288.0000	 -2.4862	  0.2972	  1.0000	  1.0085
544.0000	288.0000	 -2.7293	  0.1248	  1.0000	  1.0004
576.0000	288.0000	 -2.9675	 -0.0928	  1.0000	  1.0083
608.0000	288.0000	 -3.1974	 -0.2291	  1.0000	  1.0008
640.0000	288.0000	 -3.4292	 -0.2282	  1.0000	  1.0045
672.0000	288.0000	 -3.6345	 -0.1054	  1.0000	  1.0016
704.0000	288.0000	 -3.7604	  0.1141	  1.0000	  1.0067
736.0000	288.0000	 -3.7717	  0.3012	  1.0000	  1.0036
768.0000	288.0000	 -3.6897	  0.3461	  1.0000	  0.0000
800.0000	288.0000	 -3.5362	  0.2370	  0.0000	  1.0516
832.0000	288.0000	 -3.4169	  0.1116	  0.0000	  1.0549
864.0000	288.0000	 -3.3383	  0.0412	  0.0000	  1.0504
896.0000	288.0000	 -3.3364	 -0.0025	  1.0000	  1.0002
928.0000	288.0000	 -3.3384	 -0.0210	  1.0000	  1.0024
960.0000	288.0000	 -3.3316	 -0.0192	  1.0000	  1.0062
992.0000	288.0000	 -3.3050	 -0.0132	  1.0000	  0.0000
1024.0000	288.0000	 -3.2969	 -0.0055	  1.0000	  1.0005
 32.0000	320.0000	 -3.1557	  0.2568	  1.0000	  1.0009
 64.0000	320.0000	 -3.2002	  0.2735	  1.0000	  0.0000
 96.0000	320.0000	 -3.2708	  0.2851	  1.0000	  0.0000
128.0000	320.0000	 -3.3380	  0.2815	  0.0000	  1.0321
160.0000	320.0000	 -3.3119	  0.1579	  0.0000	  1.0493
192.0000	320.0000	 -3.2824	  0.1076	  0.0000	  1.0617
224.0000	320.0000	 -3.2757	  0.1264	  0.0000	  1.1435
256.0000	320.0000	 -3.2571	  0.1485	  0.0000	  1.1815
288.0000	320.0000	 -3.2030	  0.1551	  0.0000	  1.0854
320.0000	320.0000	 -3.0480	  0.2140	  0.0000	  1.0477
352.0000	320.0000	 -2.7954	  0.3163	  0.0000	  1.0887
384.0000	320.0000	 -2.4531	  0.3522	  0.0000	  1.0593
416.0000	320.0000	 -2.1196	  0.3409	  1.0000	  1.0017
448.0000	320.0000	 -1.9542	  0.3367	  1.0000	  1.0017
480.0000	320.0000	 -2.0298	  0.3307	  1.0000	  1.0008
512.0000	320.0000	 -2.3446	  0.2796	  0.0000	  1.0832
544.0000	320.0000	 -2.6980	  0.0836	  1.0000	  1.0771
576.0000	320.0000	 -3.0374	 -0.1732	  1.0000	  1.0019
608.0000	320.0000	 -3.2971	 -0.3454	  1.0000	  1.0043
640.0000	320.0000	 -3.4725	 -0.3798	  1.0000	  1.0005
672.0000	320.0000	 -3.5675	 -0.2853	  1.0000	  1.0086
704.0000	320.0000	 -3.5728	 -0.1007	  1.0000	  1.0045
736.0000	320.0000	 -3.5005	  0.0806	  1.0000	  1.0019
768.0000	320.0000	 -3.3873	  0.1567	  1.0000	  1.0011
800.0000	320.0000	 -3.2590	  0.1194	  1.0000	  0.0000
832.0000	320.0000	 -3.1621	  0.0480	  1.0000	  1.0015
864.0000	320.0000	 -3.1000	 -0.0084	  1.0000	  1.0022
896.0000	320.0000	 -3.0773	 -0.0448	  1.0000	  1.0028
928.0000	320.0000	 -3.0492	 -0.0544	  1.0000	  1.0009
960.0000	320.0000	 -3.0025	 -0.0444	  0.0000	  1.0567
992.0000	320.0000	 -2.9938	 -0.0321	  0.0000	  1.0594
1024.0000	320.0000	 -3.0194	 -0.0209	  1.0000	  1.0026
 32.0000	352.0000	 -3.0234	  0.2684	  1.0000	  1.0095
 64.0000	352.0000	 -3.0637	  0.3144	  1.0000	  1.0002
 96.0000	352.0000	 -3.1387	  0.3719	  1.0000	  1.0068
128.0000	352.0000	 -3.2359	  0.4120	  0.0000	  1.0391
160.0000	352.0000	 -3.2661	  0.2918	  0.0000	  1.0547
192.0000	352.0000	 -3.2638	  0.1850	  0.0000	  1.0364
224.0000	352.0000	 -3.2723	  0.1614	  0.0000	  1.1432
256.0000	352.0000	 -3.2541	  0.1519	  0.0000	  1.2047
288.0000	352.0000	 -3.1855	  0.1290	  0.0000	  1.0666
320.0000	352.0000	 -2.9942	  0.1791	  0.0000	  1.0517
352.0000	352.0000	 -2.6479	  0.2618	  0.0000	  1.0358
384.0000	352.0000	 -2.1911	  0.2691	  1.0000	  1.0087
416.0000	352.0000	 -1.8585	  0.2483	  1.0000	  1.0088
448.0000	352.0000	 -1.7229	  0.2154	  1.0000	  1.0060
480.0000	352.0000	 -1.8652	  0.1693	  1.0000	  1.0007
512.0000	352.0000	 -2.3076	  0.0765	  0.0000	  1.0837
544.0000	352.0000	 -2.8085	 -0.1571	  0.0000	  1.0770
576.0000	352.0000	 -3.2658	 -0.4755	  1.0000	  1.0003
608.0000	352.0000	 -3.5478	 -0.6721	  1.0000	  1.0028
640.0000	352.0000	 -3.6441	 -0.6999	  1.0000	  1.0005
672.0000	352.0000	 -3.6007	 -0.5873	  1.0000	  1.0010
704.0000	352.0000	 -3.4539	 -0.3888	  1.0000	  1.0000
736.0000	352.0000	 -3.2472	 -0.1897	  1.0000	  1.0023
768.0000	352.0000	 -3.0390	 -0.0927	  1.0000	  1.0026
800.0000	352.0000	 -2.8579	 -0.1178	  1.0000	  1.0055
832.0000	352.0000	 -2.7162	 -0.2068	  1.0000	  1.0068
864.0000	352.0000	 -2.6187	 -0.3074	  1.0000	  1.0033
896.0000	352.0000	 -2.5663	 -0.3863	  1.0000	  1.0035
928.0000	352.0000	 -2.5285	 -0.4197	  1.0000	  1.0002
960.0000	352.0000	 -2.4906	 -0.4113	  0.0000	  1.0440
992.0000	352.0000	 -2.4953	 -0.3912	  0.0000	  1.0498
1024.0000	352.0000	 -2.5334	 -0.3748	  1.0000	  0.0000
 32.0000	384.0000	 -2.8528	  0.2131	  1.0000	  1.0008
 64.0000	384.0000	 -2.9101	  0.2847	  1.0000	  1.0019
 96.0000	384.0000	 -3.0035	  0.3781	  1.0000	  1.0072
128.0000	384.0000	 -3.1127	  0.4562	  0.0000	  1.0661
160.0000	384.0000	 -3.1630	  0.3739	  0.0000	  1.0498
192.0000	384.0000	 -3.1966	  0.2359	  0.0000	  1.0158
224.0000	384.0000	 -3.2473	  0.1742	  0.0000	  1.0289
256.0000	384.0000	 -3.2141	  0.1441	  1.0000	  1.0300
288.0000	384.0000	 -3.1084	  0.1069	  0.0000	  1.0488
320.0000	384.0000	 -2.8636	  0.1359	  0.0000	  1.0585
352.0000	384.0000	 -2.4393	  0.1812	  0.0000	  1.0284
384.0000	384.0000	 -1.9461	  0.1843	  1.0000	  1.0089
416.0000	384.0000	 -1.6134	  0.1295	  1.0000	  1.0077
448.0000	384.0000	 -1.5557	  0.0009	  1.0000	  1.0063
480.0000	384.0000	 -1.8970	 -0.2111	  1.0000	  1.0004
512.0000	384.0000	 -2.5561	 -0.5032	  1.0000	  1.0084
544.0000	384.0000	 -3.2826	 -0.8724	  1.0000	  0.0000
576.0000	384.0000	 -3.8778	 -1.2324	  1.0000	  1.0063
608.0000	384.0000	 -4.1709	 -1.4129	  1.0000	  1.0038
640.0000	384.0000	 -4.1535	 -1.3697	  1.0000	  1.0012
672.0000	384.0000	 -3.9287	 -1.1700	  1.0000	  1.0048
704.0000	384.0000	 -3.5672	 -0.8957	  1.0000	  1.0009
736.0000	384.0000	 -3.1189	 -0.6492	  1.0000	  1.0047
768.0000	384.0000	 -2.6673	 -0.5637	  1.0000	  1.0036
800.0000	384.0000	 -2.2620	 -0.6764	  1.0000	  1.0001
832.0000	384.0000	 -1.9176	 -0.9000	  1.0000	  1.0002
864.0000	384.0000	 -1.6633	 -1.1538	  1.0000	  1.0137
896.0000	384.0000	 -1.5228	 -1.3663	  1.0000	  1.0050
928.0000	384.0000	 -1.4706	 -1.4811	  1.0000	  1.0002
960.0000	384.0000	 -1.4756	 -1.4973	  1.0000	  1.0136
992.0000	384.0000	 -1.5143	 -1.4722	  1.0000	  1.0024
1024.0000	384.0000	 -1.5568	 -1.4476	  1.0000	  1.0100
 32.0000	416.0000	 -2.6783	  0.0811	  1.0000	  1.0035
 64.0000	416.0000	 -2.7846	  0.1791	  1.0000	  1.0013
 96.0000	416.0000	 -2.9188	  0.2921	  1.0000	  1.0092
128.0000	416.0000	 -3.0254	  0.3687	  1.0000	  1.0133
160.0000	416.0000	 -3.0474	  0.3387	  1.0000	  1.0140
192.0000	416.0000	 -3.0591	  0.2525	  0.0000	  1.0052
224.0000	416.0000	 -3.1286	  0.2115	  0.0000	  1.0252
256.0000	416.0000	 -3.1087	  0.1885	  0.0000	  1.0232
288.0000	416.0000	 -2.9554	  0.1527	  1.0000	  1.0047
320.0000	416.0000	 -2.6455	  0.1504	  1.0000	  1.0087
352.0000	416.0000	 -2.1797	  0.1664	  1.0000	  1.0016
384.0000	416.0000	 -1.7027	  0.1397	  1.0000	  0.0000
416.0000	416.0000	 -1.4551	 -0.0030	  1.0000	  1.0080
448.0000	416.0000	 -1.6459	 -0.3448	  1.0000	  1.0121
480.0000	416.0000	 -2.3239	 -0.8632	  1.0000	  1.0010
512.0000	416.0000	 -3.3230	 -1.4807	  1.0000	  1.0011
544.0000	416.0000	 -4.3530	 -2.0994	  1.0000	  1.0036
576.0000	416.0000	 -5.1382	 -2.5805	  1.0000	  1.0028
608.0000	416.0000	 -5.4471	 -2.7449	  1.0000	  1.0032
640.0000	416.0000	 -5.2887	 -2.5842	  1.0000	  1.0009
672.0000	416.0000	 -4.8268	 -2.2353	  1.0000	  1.0052
704.0000	416.0000	 -4.1513	 -1.8303	  1.0000	  1.0138
736.0000	416.0000	 -3.2996	 -1.4978	  1.0000	  1.0023
768.0000	416.0000	 -2.3958	 -1.4336	  1.0000	  1.0056
800.0000	416.0000	 -1.5333	 -1.6967	  1.0000	  1.0005
832.0000	416.0000	 -0.7741	 -2.1480	  1.0000	  1.0018
864.0000	416.0000	 -0.1986	 -2.6553	  1.0000	  0.0000
896.0000	416.0000	  0.1296	 -3.0918	  1.0000	  1.0015
928.0000	416.0000	  0.2423	 -3.3503	  1.0000	  1.0010
960.0000	416.0000	  0.2105	 -3.4247	  1.0000	  0.0000
992.0000	416.0000	  0.1303	 -3.4120	  1.0000	  1.0034
1024.0000	416.0000	  0.0653	 -3.3864	  1.0000	  1.0050
 32.0000	448.0000	 -2.5291	 -0.1133	  0.0000	  1.0296
 64.0000	448.0000	 -2.7243	  0.0301	  0.0000	  1.0628
 96.0000	448.0000	 -2.9219	  0.1816	  0.0000	  1.0673
128.0000	448.0000	 -3.0140	  0.2867	  0.0000	  1.0470
160.0000	448.0000	 -2.9647	  0.3098	  1.0000	  0.0000
192.0000	448.0000	 -2.9221	  0.2956	  1.0000	  0.0000
224.0000	448.0000	 -2.9476	  0.2757	  1.0000	  0.0000
256.0000	448.0000	 -2.9514	  0.2545	  1.0000	  1.0005
288.0000	448.0000	 -2.8275	  0.2371	  1.0000	  1.0113
320.0000	448.0000	 -2.5280	  0.2281	  1.0000	  1.0042
352.0000	448.0000	 -2.0899	  0.2236	  1.0000	  0.0000
384.0000	448.0000	 -1.6860	  0.1369	  1.0000	  1.0003
416.0000	448.0000	 -1.6114	 -0.1719	  1.0000	  0.0000
448.0000	448.0000	 -2.1648	 -0.8612	  1.0000	  1.0006
480.0000	448.0000	 -3.3008	 -1.8392	  1.0000	  1.0100
512.0000	448.0000	 -4.7403	 -2.9108	  1.0000	  1.0033
544.0000	448.0000	 -6.1342	 -3.8783	  1.0000	  1.0047
576.0000	448.0000	 -7.1363	 -4.5388	  1.0000	  1.0115
608.0000	448.0000	 -7.4473	 -4.6828	  1.0000	  1.0032
640.0000	448.0000	 -7.1176	 -4.3681	  1.0000	  1.0013
672.0000	448.0000	 -6.3728	 -3.8309	  1.0000	  1.0040
704.0000	448.0000	 -5.2964	 -3.2729	  1.0000	  1.0145
736.0000	448.0000	 -3.8893	 -2.8306	  1.0000	  1.0004
768.0000	448.0000	 -2.3363	 -2.7720	  1.0000	  1.0055
800.0000	448.0000	 -0.8028	 -3.1938	  1.0000	  1.0056
832.0000	448.0000	  0.5630	 -3.8989	  1.0000	  1.0037
864.0000	448.0000	  1.6067	 -4.6970	  1.0000	  1.0055
896.0000	448.0000	  2.2282	 -5.4059	  1.0000	  1.0005
928.0000	448.0000	  2.4602	 -5.8485	  1.0000	  1.0091
960.0000	448.0000	  2.4298	 -6.0125	  1.0000	  0.0000
992.0000	448.0000	  2.3149	 -6.0358	  1.0000	  1.0029
1024.0000	448.0000	  2.2225	 -6.0236	  1.0000	  1.0026
 32.0000	480.0000	 -2.5700	 -0.2697	  0.0000	  1.0323
 64.0000	480.0000	 -2.7925	 -0.1157	  0.0000	  1.0830
 96.0000	480.0000	 -2.9723	  0.0667	  0.0000	  1.0862
128.0000	480.0000	 -3.0205	  0.2086	  0.0000	  1.0787
160.0000	480.0000	 -2.9383	  0.2825	  0.0000	  1.0233
192.0000	480.0000	 -2.8441	  0.3399	  0.0000	  1.0508
224.0000	480.0000	 -2.8396	  0.3477	  0.0000	  1.0768
256.0000	480.0000	 -2.8728	  0.3382	  0.0000	  1.0596
288.0000	480.0000	 -2.7924	  0.3528	  1.0000	  1.0017
320.0000	480.0000	 -2.5395	  0.3477	  1.0000	  1.0046
352.0000	480.0000	 -2.1740	  0.3252	  1.0000	  1.0085
384.0000	480.0000	 -1.8936	  0.1593	  1.0000	  1.0067
416.0000	480.0000	 -2.0695	 -0.3772	  1.0000	  0.0000
448.0000	480.0000	 -3.0891	 -1.5264	  1.0000	  1.0020
480.0000	480.0000	 -4.7714	 -3.0752	  1.0000	  1.0003
512.0000	480.0000	 -6.7032	 -4.6769	  1.0000	  1.0223
544.0000	480.0000	 -8.4719	 -6.0351	  1.0000	  1.0044
576.0000	480.0000	 -9.6624	 -6.8808	  1.0000	  1.0002
608.0000	480.0000	 -9.9456	 -6.9943	  1.0000	  1.0049
640.0000	480.0000	 -9.4384	 -6.5205	  1.0000	  1.0283
672.0000	480.0000	 -8.4114	 -5.7899	  1.0000	  1.0068
704.0000	480.0000	 -6.8972	 -5.0553	  1.0000	  1.0081
736.0000	480.0000	 -4.8665	 -4.5719	  1.0000	  1.0004
768.0000	480.0000	 -2.5537	 -4.5097	  1.0000	  1.0011
800.0000	480.0000	 -0.2229	 -5.0523	  1.0000	  1.0131
832.0000	480.0000	  1.8531	 -5.9525	  1.0000	  1.0015
864.0000	480.0000	  3.4250	 -6.9784	  1.0000	  1.0016
896.0000	480.0000	  4.4168	 -7.9315	  1.0000	  1.0049
928.0000	480.0000	  4.8095	 -8.5451	  1.0000	  1.0106
960.0000	480.0000	  4.8041	 -8.8049	  1.0000	  1.0086
992.0000	480.0000	  4.6675	 -8.8807	  1.0000	  1.0025
1024.0000	480.0000	  4.5512	 -8.8953	  1.0000	  1.0005
 32.0000	512.0000	 -2.7068	 -0.3873	  0.0000	  1.0276
 64.0000	512.0000	 -2.9073	 -0.2357	  0.0000	  1.0511
 96.0000	512.0000	 -3.0441	 -0.0359	  0.0000	  1.0760
128.0000	512.0000	 -3.0736	  0.1406	  0.0000	  1.0859
160.0000	512.0000	 -3.0053	  0.2546	  0.0000	  1.0557
192.0000	512.0000	 -2.9284	  0.3419	  0.0000	  1.0626
224.0000	512.0000	 -2.9266	  0.3707	  0.0000	  1.0775
256.0000	512.0000	 -2.9395	  0.3799	  0.0000	  1.0414
288.0000	512.0000	 -2.8574	  0.4524	  0.0000	  1.0055
320.0000	512.0000	 -2.6355	  0.4529	  1.0000	  1.0001
352.0000	512.0000	 -2.3494	  0.4223	  1.0000	  1.0023
384.0000	512.0000	 -2.2165	  0.1775	  1.0000	  1.0096
416.0000	512.0000	 -2.6790	 -0.6051	  1.0000	  1.0027
448.0000	512.0000	 -4.2000	 -2.2468	  1.0000	  1.0014
480.0000	512.0000	 -6.4312	 -4.3698	  1.0000	  1.0033
512.0000	512.0000	 -8.8178	 -6.4690	  1.0000	  1.0032
544.0000	512.0000	-10.9401	 -8.2151	  1.0000	  1.0011
576.0000	512.0000	-12.2696	 -9.2217	  1.0000	  1.0002
608.0000	512.0000	-12.5082	 -9.3052	  1.0000	  1.0012
640.0000	512.0000	-11.8469	 -8.7065	  1.0000	  1.0077
672.0000	512.0000	-10.5962	 -7.8475	  1.0000	  1.0142
704.0000	512.0000	 -8.6793	 -6.9797	  1.0000	  1.0019
736.0000	512.0000	 -6.0845	 -6.4273	  1.0000	  1.0165
768.0000	512.0000	 -3.0235	 -6.4310	  1.0000	  1.0059
800.0000	512.0000	  0.1195	 -7.0584	  1.0000	  0.0000
832.0000	512.0000	  2.9070	 -8.0461	  1.0000	  1.0086
864.0000	512.0000	  4.9506	 -9.1551	  1.0000	  1.0127
896.0000	512.0000	  6.3558	-10.2657	  1.0000	  1.0035
928.0000	512.0000	  6.9081	-10.9850	  1.0000	  1.0021
960.0000	512.0000	  6.9342	-11.3231	  1.0000	  1.0105
992.0000	512.0000	  6.7925	-11.4647	  1.0000	  1.0006
1024.0000	512.0000	  6.6614	-11.5213	  1.0000	  1.0026
 32.0000	544.0000	 -2.8852	 -0.4048	  0.0000	  1.0447
 64.0000	544.0000	 -3.0318	 -0.2899	  1.0000	  1.0046
 96.0000	544.0000	 -3.1259	 -0.1149	  1.0000	  1.0072
128.0000	544.0000	 -3.1618	  0.0627	  0.0000	  1.0214
160.0000	544.0000	 -3.1244	  0.1841	  0.0000	  1.0478
192.0000	544.0000	 -3.0857	  0.2789	  0.0000	  1.0544
224.0000	544.0000	 -3.0855	  0.3207	  0.0000	  1.0414
256.0000	544.0000	 -3.0464	  0.3323	  0.0000	  1.0332
288.0000	544.0000	 -2.9381	  0.4151	  0.0000	  1.0242
320.0000	544.0000	 -2.7494	  0.4865	  1.0000	  1.0016
352.0000	544.0000	 -2.5431	  0.4859	  1.0000	  1.0009
384.0000	544.0000	 -2.5584	  0.1881	  1.0000	  1.0009
416.0000	544.0000	 -3.2922	 -0.8078	  1.0000	  1.0012
448.0000	544.0000	 -5.2592	 -2.8838	  1.0000	  1.0028
480.0000	544.0000	 -7.9334	 -5.4737	  1.0000	  1.0081
512.0000	544.0000	-10.6327	 -7.9268	  1.0000	  1.0047
544.0000	544.0000	-13.1248	-10.0823	  1.0000	  1.0031
576.0000	544.0000	-14.5736	-11.2411	  1.0000	  1.0025
608.0000	544.0000	-14.7782	-11.3149	  1.0000	  1.0009
640.0000	544.0000	-14.0017	-10.6431	  1.0000	  1.0013
672.0000	544.0000	-12.6154	 -9.7571	  1.0000	  1.0112
704.0000	544.0000	-10.3392	 -8.8384	  1.0000	  1.0055
736.0000	544.0000	 -7.3446	 -8.2918	  1.0000	  1.0009
768.0000	544.0000	 -3.6578	 -8.3222	  1.0000	  0.0000
800.0000	544.0000	  0.2199	 -8.9382	  1.0000	  1.0013
832.0000	544.0000	  3.6980	 -9.8929	  1.0000	  1.0026
864.0000	544.0000	  6.2348	-10.9581	  1.0000	  1.0002
896.0000	544.0000	  7.8568	-12.0425	  1.0000	  1.0017
928.0000	544.0000	  8.4274	-12.7328	  1.0000	  0.0000
960.0000	544.0000	  8.4518	-13.1103	  1.0000	  1.0110
992.0000	544.0000	  8.3255	-13.3325	  1.0000	  1.0003
1024.0000	544.0000	  8.1999	-13.4428	  1.0000	  1.0013
 32.0000	576.0000	 -3.1181	 -0.4329	  1.0000	  1.0000
 64.0000	576.0000	 -3.1717	 -0.3349	  1.0000	  1.0010
 96.0000	576.0000	 -3.2064	 -0.1861	  1.0000	  1.0027
128.0000	576.0000	 -3.2360	 -0.0334	  1.0000	  1.0087
160.0000	576.0000	 -3.2212	  0.0947	  1.0000	  1.0020
192.0000	576.0000	 -3.1846	  0.2009	  1.0000	  1.0084
224.0000	576.0000	 -3.1563	  0.2682	  1.0000	  1.0028
256.0000	576.0000	 -3.1031	  0.3190	  1.0000	  1.0008
288.0000	576.0000	 -3.0016	  0.4081	  1.0000	  1.0022
320.0000	576.0000	 -2.8452	  0.5087	  1.0000	  1.0069
352.0000	576.0000	 -2.7065	  0.5314	  1.0000	  1.0015
384.0000	576.0000	 -2.8417	  0.2072	  1.0000	  1.0068
416.0000	576.0000	 -3.7717	 -0.9268	  1.0000	  1.0049
448.0000	576.0000	 -6.0295	 -3.2967	  1.0000	  1.0076
480.0000	576.0000	 -8.9868	 -6.2001	  1.0000	  1.0106
512.0000	576.0000	-11.9408	 -8.9457	  1.0000	  1.0027
544.0000	576.0000	-14.7423	-11.4317	  1.0000	  1.0006
576.0000	576.0000	-16.2716	-12.6982	  1.0000	  1.0061
608.0000	576.0000	-16.4772	-12.7886	  1.0000	  1.0028
640.0000	576.0000	-15.7076	-12.1371	  1.0000	  1.0143
672.0000	576.0000	-14.1978	-11.2101	  1.0000	  1.0068
704.0000	576.0000	-11.7393	-10.2747	  1.0000	  1.0024
736.0000	576.0000	 -8.3705	 -9.7317	  1.0000	  1.0046
768.0000	576.0000	 -4.2112	 -9.7568	  1.0000	  1.0146
800.0000	576.0000	  0.2186	-10.3209	  1.0000	  0.0000
832.0000	576.0000	  4.2702	-11.2072	  1.0000	  1.0066
864.0000	576.0000	  7.2892	-12.2101	  1.0000	  0.0000
896.0000	576.0000	  8.8668	-13.1351	  1.0000	  1.0091
928.0000	576.0000	  9.2892	-13.6801	  1.0000	  1.0080
960.0000	576.0000	  9.2745	-14.0609	  1.0000	  1.0018
992.0000	576.0000	  9.1775	-14.3713	  1.0000	  1.0073
1024.0000	576.0000	  9.0639	-14.5326	  1.0000	  1.0083
 32.0000	608.0000	 -3.2482	 -0.4526	  1.0000	  0.0000
 64.0000	608.0000	 -3.2496	 -0.3591	  1.0000	  1.0077
 96.0000	608.0000	 -3.2346	 -0.2174	  0.0000	  1.0254
128.0000	608.0000	 -3.2736	 -0.0871	  1.0000	  1.0354
160.0000	608.0000	 -3.2739	  0.0377	  1.0000	  1.0046
192.0000	608.0000	 -3.2354	  0.1504	  1.0000	  1.0006
224.0000	608.0000	 -3.1924	  0.2313	  1.0000	  1.0045
256.0000	608.0000	 -3.1338	  0.3028	  1.0000	  1.0148
288.0000	608.0000	 -3.0390	  0.4009	  1.0000	  1.0108
320.0000	608.0000	 -2.9036	  0.5170	  1.0000	  1.0078
352.0000	608.0000	 -2.8083	  0.5571	  1.0000	  1.0092
384.0000	608.0000	 -3.0147	  0.2349	  1.0000	  1.0009
416.0000	608.0000	 -4.0303	 -0.9414	  1.0000	  1.0043
448.0000	608.0000	 -6.3494	 -3.4072	  1.0000	  1.0080
480.0000	608.0000	 -9.3779	 -6.4124	  1.0000	  1.0058
512.0000	608.0000	-12.5939	 -9.4311	  1.0000	  1.0000
544.0000	608.0000	-15.6339	-12.1536	  1.0000	  1.0112
576.0000	608.0000	-17.1885	-13.4683	  1.0000	  1.0035
608.0000	608.0000	-17.3845	-13.5675	  1.0000	  1.0092
640.0000	608.0000	-16.6069	-12.9360	  1.0000	  1.0038
672.0000	608.0000	-14.9820	-11.9928	  1.0000	  1.0207
704.0000	608.0000	-12.2738	-11.0207	  1.0000	  1.0070
736.0000	608.0000	 -8.8711	-10.5392	  1.0000	  1.0105
768.0000	608.0000	 -4.5327	-10.5730	  1.0000	  1.0025
800.0000	608.0000	  0.1718	-11.0854	  1.0000	  1.0119
832.0000	608.0000	  4.5288	-11.8967	  1.0000	  1.0068
864.0000	608.0000	  7.7911	-12.8238	  1.0000	  1.0043
896.0000	608.0000	  9.3704	-13.6637	  1.0000	  1.0042
928.0000	608.0000	  9.7714	-14.1935	  1.0000	  1.0003
960.0000	608.0000	  9.6940	-14.5410	  1.0000	  1.0235
992.0000	608.0000	  9.5328	-14.8048	  1.0000	  1.0010
1024.0000	608.0000	  9.3958	-14.9588	  1.0000	  1.0057
