 32.0000	 32.0000	-10.5531	  0.0712	  1.0000	  1.0050
 64.0000	 32.0000	-10.3688	  0.0573	  1.0000	  1.0124
 96.0000	 32.0000	-10.1164	  0.0688	  1.0000	  1.0195
128.0000	 32.0000	 -9.7385	  0.1257	  1.0000	  1.0085
160.0000	 32.0000	 -9.2328	  0.2702	  1.0000	  1.0004
192.0000	 32.0000	 -8.6020	  0.5371	  1.0000	  1.0080
224.0000	 32.0000	 -7.8297	  0.9223	  1.0000	  0.0000
256.0000	 32.0000	 -7.0737	  1.4525	  1.0000	  1.0022
288.0000	 32.0000	 -6.4056	  2.0486	  1.0000	  1.0013
320.0000	 32.0000	 -5.9311	  2.5838	  1.0000	  1.0093
352.0000	 32.0000	 -5.8412	  2.8935	  1.0000	  1.0000
384.0000	 32.0000	 -6.2799	  2.9120	  1.0000	  1.0032
416.0000	 32.0000	 -7.0619	  2.6037	  1.0000	  1.0011
448.0000	 32.0000	 -8.0860	  2.0385	  1.0000	  0.0000
480.0000	 32.0000	 -8.9996	  1.4466	  1.0000	  1.0006
512.0000	 32.0000	 -9.5643	  0.9811	  1.0000	  1.0049
544.0000	 32.0000	 -9.6185	  0.6937	  1.0000	  1.0016
576.0000	 32.0000	 -9.2678	  0.6391	  1.0000	  1.0017
608.0000	 32.0000	 -8.8386	  0.7171	  1.0000	  1.0006
640.0000	 32.0000	 -8.6219	  0.7542	  1.0000	  1.0000
672.0000	 32.0000	 -8.7061	  0.6616	  1.0000	  1.0165
704.0000	 32.0000	 -9.0860	  0.4119	  1.0000	  1.0030
736.0000	 32.0000	 -9.5674	  0.0925	  0.0000	  1.0518
768.0000	 32.0000	 -9.8227	 -0.0867	  0.0000	  1.0447
800.0000	 32.0000	 -9.9111	 -0.1654	  0.0000	  1.0340
832.0000	 32.0000	 -9.8944	 -0.1900	  0.0000	  1.0159
864.0000	 32.0000	 -9.9396	 -0.1858	  0.0000	  1.0100
896.0000	 32.0000	-10.0977	 -0.1703	  0.0000	  1.0224
928.0000	 32.0000	-10.2089	 -0.1057	  0.0000	  1.0149
960.0000	 32.0000	-10.2610	  0.0408	  1.0000	  1.0076
992.0000	 32.0000	-10.2773	  0.1482	  1.0000	  1.0053
1024.0000	 32.0000	-10.2847	  0.1868	  1.0000	  1.0022
 32.0000	 64.0000	-10.4757	  0.0585	  1.0000	  1.0109
 64.0000	 64.0000	-10.3609	  0.0402	  0.0000	  1.0207
 96.0000	 64.0000	-10.1734	  0.0435	  0.0000	  1.0162
128.0000	 64.0000	 -9.8175	  0.0765	  1.0000	  1.0143
160.0000	 64.0000	 -9.2762	  0.1965	  1.0000	  1.0028
192.0000	 64.0000	 -8.5609	  0.4595	  1.0000	  1.0007
224.0000	 64.0000	 -7.7879	  0.8751	  1.0000	  1.0132
256.0000	 64.0000	 -7.0386	  1.4281	  1.0000	  1.0039
288.0000	 64.0000	 -6.3615	  2.0631	  1.0000	  1.0005
320.0000	 64.0000	 -5.8540	  2.6440	  1.0000	  1.0166
352.0000	 64.0000	 -5.7856	  2.9577	  1.0000	  0.0000
384.0000	 64.0000	 -6.2424	  2.9525	  1.0000	  0.0000
416.0000	 64.0000	 -7.0704	  2.5950	  1.0000	  1.0041
448.0000	 64.0000	 -8.1734	  1.9553	  1.0000	  1.0079
480.0000	 64.0000	 -9.1485	  1.3275	  1.0000	  1.0056
512.0000	 64.0000	 -9.7794	  0.8608	  0.0000	  1.0314
544.0000	 64.0000	 -9.8613	  0.5398	  0.0000	  1.0197
576.0000	 64.0000	 -9.5388	  0.4636	  0.0000	  1.0317
608.0000	 64.0000	 -9.0861	  0.5811	  1.0000	  1.0092
640.0000	 64.0000	 -8.8773	  0.6314	  1.0000	  1.0008
672.0000	 64.0000	 -8.9451	  0.5597	  1.0000	  1.0007
704.0000	 64.0000	 -9.3147	  0.3307	  1.0000	  1.0181
736.0000	 64.0000	 -9.7020	  0.0667	  0.0000	  1.0743
768.0000	 64.0000	 -9.8921	 -0.0788	  0.0000	  1.0540
800.0000	 64.0000	 -9.9391	 -0.1281	  0.0000	  1.0753
832.0000	 64.0000	 -9.9269	 -0.1503	  0.0000	  1.0196
864.0000	 64.0000	 -9.9902	 -0.1736	  0.0000	  1.0079
896.0000	 64.0000	-10.1614	 -0.1644	  0.0000	  1.0144
928.0000	 64.0000	-10.2671	 -0.0759	  1.0000	  1.0174
960.0000	 64.0000	-10.3240	  0.0477	  1.0000	  1.0021
992.0000	 64.0000	-10.3435	  0.1386	  1.0000	  1.0024
1024.0000	 64.0000	-10.3515	  0.1729	  1.0000	  1.0025
 32.0000	 96.0000	-10.4513	  0.0596	  0.0000	  1.0509
 64.0000	 96.0000	-10.3840	  0.0418	  0.0000	  1.0766
 96.0000	 96.0000	-10.2508	  0.0215	  0.0000	  1.0434
128.0000	 96.0000	 -9.9652	  0.0136	  0.0000	  1.0129
160.0000	 96.0000	 -9.3901	  0.0863	  0.0000	  1.0052
192.0000	 96.0000	 -8.5217	  0.3364	  0.0000	  1.0151
224.0000	 96.0000	 -7.7851	  0.8036	  1.0000	  1.0051
256.0000	 96.0000	 -7.0714	  1.3820	  1.0000	  1.0011
288.0000	 96.0000	 -6.4332	  2.0169	  1.0000	  1.0042
320.0000	 96.0000	 -6.0048	  2.5581	  1.0000	  1.0140
352.0000	 96.0000	 -6.0195	  2.8205	  1.0000	  0.0000
384.0000	 96.0000	 -6.4863	  2.7825	  1.0000	  0.0000
416.0000	 96.0000	 -7.3190	  2.3927	  1.0000	  1.0027
448.0000	 96.0000	 -8.4288	  1.7162	  1.0000	  1.0025
480.0000	 96.0000	 -9.4129	  1.0576	  1.0000	  1.0094
512.0000	 96.0000	-10.0530	  0.5904	  0.0000	  1.0437
544.0000	 96.0000	-10.1215	  0.3389	  0.0000	  1.0275
576.0000	 96.0000	 -9.8109	  0.3073	  0.0000	  1.0320
608.0000	 96.0000	 -9.3777	  0.4360	  1.0000	  1.0164
640.0000	 96.0000	 -9.1615	  0.5035	  1.0000	  1.0022
672.0000	 96.0000	 -9.2385	  0.4423	  1.0000	  1.0189
704.0000	 96.0000	 -9.5844	  0.2475	  0.0000	  1.0239
736.0000	 96.0000	 -9.8581	  0.0388	  0.0000	  1.0622
768.0000	 96.0000	 -9.9811	 -0.0691	  0.0000	  1.0566
800.0000	 96.0000	-10.0333	 -0.0923	  0.0000	  1.0653
832.0000	 96.0000	-10.0760	 -0.1097	  1.0000	  1.0167
864.0000	 96.0000	-10.1508	 -0.1441	  0.0000	  1.0518
896.0000	 96.0000	-10.3105	 -0.1405	  0.0000	  1.0239
928.0000	 96.0000	-10.4083	 -0.0438	  0.0000	  1.0378
960.0000	 96.0000	-10.4731	  0.0585	  1.0000	  1.0025
992.0000	 96.0000	-10.4953	  0.1315	  1.0000	  1.0028
1024.0000	 96.0000	-10.5024	  0.1589	  1.0000	  1.0001
 32.0000	128.0000	-10.4691	  0.0608	  0.0000	  1.0530
 64.0000	128.0000	-10.4388	  0.0461	  0.0000	  1.0655
 96.0000	128.0000	-10.3313	  0.0236	  0.0000	  1.0534
128.0000	128.0000	-10.0960	  0.0003	  0.0000	  1.0290
160.0000	128.0000	 -9.5554	  0.0514	  0.0000	  1.0308
192.0000	128.0000	 -8.7152	  0.2767	  0.0000	  1.0215
224.0000	128.0000	 -7.9845	  0.7439	  1.0000	  1.0140
256.0000	128.0000	 -7.3085	  1.2974	  1.0000	  1.0051
288.0000	128.0000	 -6.7475	  1.8714	  1.0000	  1.0090
320.0000	128.0000	 -6.4972	  2.2771	  1.0000	  1.0082
352.0000	128.0000	 -6.6485	  2.4272	  1.0000	  1.0063
384.0000	128.0000	 -7.0696	  2.3703	  1.0000	  1.0027
416.0000	128.0000	 -7.8221	  1.9936	  1.0000	  1.0034
448.0000	128.0000	 -8.8412	  1.3370	  1.0000	  1.0124
480.0000	128.0000	 -9.7315	  0.6944	  0.0000	  1.0312
512.0000	128.0000	-10.2663	  0.2929	  0.0000	  1.0268
544.0000	128.0000	-10.3163	  0.1356	  0.0000	  1.0138
576.0000	128.0000	-10.0313	  0.1541	  0.0000	  1.0280
608.0000	128.0000	 -9.6592	  0.2871	  1.0000	  1.0081
640.0000	128.0000	 -9.4599	  0.3623	  1.0000	  1.0079
672.0000	128.0000	 -9.5074	  0.3214	  1.0000	  1.0052
704.0000	128.0000	 -9.7730	  0.1649	  0.0000	  1.0499
736.0000	128.0000	 -9.9685	  0.0381	  0.0000	  1.0361
768.0000	128.0000	-10.0861	 -0.0160	  0.0000	  1.0417
800.0000	128.0000	-10.1961	 -0.0081	  1.0000	  1.0101
832.0000	128.0000	-10.3089	 -0.0054	  1.0000	  1.0136
864.0000	128.0000	-10.4266	 -0.0135	  0.0000	  1.0296
896.0000	128.0000	-10.5941	 -0.0321	  0.0000	  1.0252
928.0000	128.0000	-10.6926	  0.0116	  0.0000	  1.0641
960.0000	128.0000	-10.7519	  0.0932	  1.0000	  0.0000
992.0000	128.0000	-10.7659	  0.1494	  1.0000	  1.0004
1024.0000	128.0000	-10.7670	  0.1687	  1.0000	  1.0021
 32.0000	160.0000	-10.4311	  0.0777	  0.0000	  1.0386
 64.0000	160.0000	-10.4427	  0.0650	  0.0000	  1.0430
 96.0000	160.0000	-10.3277	  0.0573	  0.0000	  1.0505
128.0000	160.0000	-10.0912	  0.0606	  0.0000	  1.0364
160.0000	160.0000	 -9.6836	  0.1247	  0.0000	  1.0189
192.0000	160.0000	 -9.0780	  0.3215	  1.0000	  1.0018
224.0000	160.0000	 -8.4667	  0.6805	  1.0000	  0.0000
256.0000	160.0000	 -7.9201	  1.1279	  1.0000	  0.0000
288.0000	160.0000	 -7.5240	  1.5428	  1.0000	  1.0042
320.0000	160.0000	 -7.4401	  1.7754	  1.0000	  0.0000
352.0000	160.0000	 -7.5944	  1.8391	  1.0000	  1.0019
384.0000	160.0000	 -7.9310	  1.7563	  1.0000	  1.0022
416.0000	160.0000	 -8.4815	  1.4653	  1.0000	  1.0067
448.0000	160.0000	 -9.2861	  0.9337	  0.0000	  1.0051
480.0000	160.0000	 -9.9432	  0.4529	  0.0000	  1.0318
512.0000	160.0000	-10.3084	  0.1361	  0.0000	  1.0306
544.0000	160.0000	-10.3583	  0.0211	  0.0000	  1.0069
576.0000	160.0000	-10.1246	  0.0500	  0.0000	  1.0330
608.0000	160.0000	 -9.8372	  0.1616	  1.0000	  1.0082
640.0000	160.0000	 -9.6751	  0.2377	  1.0000	  1.0083
672.0000	160.0000	 -9.6823	  0.2430	  1.0000	  1.0024
704.0000	160.0000	 -9.8422	  0.1890	  1.0000	  1.0041
736.0000	160.0000	-10.0251	  0.1439	  1.0000	  1.0040
768.0000	160.0000	-10.2075	  0.1307	  1.0000	  0.0000
800.0000	160.0000	-10.4103	  0.1388	  1.0000	  1.0069
832.0000	160.0000	-10.6258	  0.1446	  1.0000	  1.0015
864.0000	160.0000	-10.8337	  0.1440	  1.0000	  1.0037
896.0000	160.0000	-11.0311	  0.1409	  1.0000	  1.0050
928.0000	160.0000	-11.1384	  0.1627	  1.0000	  1.0067
960.0000	160.0000	-11.1719	  0.2007	  1.0000	  0.0000
992.0000	160.0000	-11.1651	  0.2278	  1.0000	  1.0054
1024.0000	160.0000	-11.1557	  0.2374	  1.0000	  1.0012
 32.0000	192.0000	-10.1670	  0.1240	  0.0000	  1.0342
 64.0000	192.0000	-10.2215	  0.1017	  0.0000	  1.0246
 96.0000	192.0000	-10.1593	  0.0830	  0.0000	  1.0223
128.0000	192.0000	 -9.9382	  0.1113	  0.0000	  1.0493
160.0000	192.0000	 -9.6974	  0.1916	  0.0000	  1.0416
192.0000	192.0000	 -9.4020	  0.3454	  0.0000	  1.0192
224.0000	192.0000	 -9.0487	  0.6029	  0.0000	  1.0089
256.0000	192.0000	 -8.7179	  0.9354	  1.0000	  1.0213
288.0000	192.0000	 -8.5487	  1.1179	  1.0000	  1.0074
320.0000	192.0000	 -8.6636	  1.1252	  0.0000	  1.0481
352.0000	192.0000	 -8.7917	  1.0853	  0.0000	  1.0203
384.0000	192.0000	 -8.9064	  1.0240	  0.0000	  1.0482
416.0000	192.0000	 -9.0812	  0.9184	  1.0000	  1.0026
448.0000	192.0000	 -9.4542	  0.6487	  0.0000	  1.0261
480.0000	192.0000	 -9.8307	  0.3260	  0.0000	  1.0321
512.0000	192.0000	-10.0294	  0.0673	  0.0000	  1.0293
544.0000	192.0000	-10.0765	 -0.0220	  0.0000	  1.0150
576.0000	192.0000	 -9.9011	  0.0144	  1.0000	  1.0310
608.0000	192.0000	 -9.7231	  0.0964	  1.0000	  1.0009
640.0000	192.0000	 -9.6143	  0.1650	  1.0000	  1.0096
672.0000	192.0000	 -9.6204	  0.2055	  1.0000	  1.0147
704.0000	192.0000	 -9.7613	  0.2306	  1.0000	  1.0023
736.0000	192.0000	 -9.9884	  0.2601	  1.0000	  1.0048
768.0000	192.0000	-10.2749	  0.2985	  1.0000	  1.0130
800.0000	192.0000	-10.5973	  0.3201	  1.0000	  1.0061
832.0000	192.0000	-10.9310	  0.3392	  1.0000	  1.0022
864.0000	192.0000	-11.2484	  0.3580	  1.0000	  1.0010
896.0000	192.0000	-11.5320	  0.3809	  1.0000	  1.0156
928.0000	192.0000	-11.6498	  0.4031	  1.0000	  1.0022
960.0000	192.0000	-11.6653	  0.4133	  1.0000	  1.0091
992.0000	192.0000	-11.6456	  0.4121	  1.0000	  1.0025
1024.0000	192.0000	-11.6305	  0.4066	  1.0000	  1.0009
 32.0000	224.0000	 -9.7889	  0.1982	  0.0000	  1.0647
 64.0000	224.0000	 -9.8256	  0.2008	  0.0000	  1.0507
 96.0000	224.0000	 -9.7815	  0.1529	  0.0000	  1.0486
128.0000	224.0000	 -9.6589	  0.1471	  0.0000	  1.0415
160.0000	224.0000	 -9.5570	  0.2235	  0.0000	  1.0447
192.0000	224.0000	 -9.4705	  0.3715	  0.0000	  1.0303
224.0000	224.0000	 -9.3552	  0.5945	  0.0000	  1.0227
256.0000	224.0000	 -9.2623	  0.8502	  0.0000	  1.0283
288.0000	224.0000	 -9.2116	  0.8387	  1.0000	  1.0080
320.0000	224.0000	 -9.3441	  0.6992	  0.0000	  1.0380
352.0000	224.0000	 -9.3867	  0.5934	  0.0000	  1.0311
384.0000	224.0000	 -9.3303	  0.5552	  0.0000	  1.0457
416.0000	224.0000	 -9.2663	  0.5599	  0.0000	  1.0105
448.0000	224.0000	 -9.2425	  0.4867	  0.0000	  1.0176
480.0000	224.0000	 -9.3887	  0.2831	  1.0000	  1.0309
512.0000	224.0000	 -9.4198	  0.0892	  0.0000	  1.0231
544.0000	224.0000	 -9.4425	  0.0096	  0.0000	  1.0267
576.0000	224.0000	 -9.3759	  0.0297	  1.0000	  1.0181
608.0000	224.0000	 -9.2676	  0.0764	  1.0000	  1.0027
640.0000	224.0000	 -9.1932	  0.1222	  1.0000	  1.0010
672.0000	224.0000	 -9.2300	  0.1692	  1.0000	  1.0074
704.0000	224.0000	 -9.4265	  0.2369	  1.0000	  0.0000
736.0000	224.0000	 -9.7632	  0.3297	  1.0000	  1.0014
768.0000	224.0000	-10.1954	  0.4395	  1.0000	  1.0027
800.0000	224.0000	-10.6433	  0.4850	  1.0000	  1.0045
832.0000	224.0000	-11.0954	  0.5401	  1.0000	  1.0008
864.0000	224.0000	-11.5284	  0.6122	  1.0000	  1.0129
896.0000	224.0000	-11.9568	  0.6918	  0.0000	  1.0103
928.0000	224.0000	-12.0880	  0.7402	  1.0000	  1.0002
960.0000	224.0000	-12.1020	  0.7317	  1.0000	  1.0082
992.0000	224.0000	-12.0794	  0.7010	  1.0000	  1.0020
1024.0000	224.0000	-12.0625	  0.6743	  1.0000	  1.0048
 32.0000	256.0000	 -9.4599	  0.2424	  0.0000	  1.0684
 64.0000	256.0000	 -9.4733	  0.2728	  0.0000	  1.0228
 96.0000	256.0000	 -9.4277	  0.1890	  0.0000	  1.0644
128.0000	256.0000	 -9.3704	  0.1600	  0.0000	  1.0326
160.0000	256.0000	 -9.3632	  0.2359	  0.0000	  1.0295
192.0000	256.0000	 -9.4017	  0.3941	  0.0000	  1.0091
224.0000	256.0000	 -9.4223	  0.5978	  0.0000	  1.0184
256.0000	256.0000	 -9.4233	  0.7833	  0.0000	  1.0128
288.0000	256.0000	 -9.4026	  0.6810	  1.0000	  1.0070
320.0000	256.0000	 -9.4564	  0.5007	  0.0000	  1.0221
352.0000	256.0000	 -9.3870	  0.3614	  0.0000	  1.0307
384.0000	256.0000	 -9.2173	  0.3123	  1.0000	  1.0001
416.0000	256.0000	 -9.0765	  0.3201	  1.0000	  1.0006
448.0000	256.0000	 -9.0109	  0.3122	  1.0000	  1.0058
480.0000	256.0000	 -8.9903	  0.2365	  1.0000	  1.0032
512.0000	256.0000	 -8.8681	  0.1293	  0.0000	  1.0316
544.0000	256.0000	 -8.7376	  0.0725	  0.0000	  1.0352
576.0000	256.0000	 -8.5804	  0.0680	  1.0000	  1.0010
608.0000	256.0000	 -8.4175	  0.0665	  1.0000	  1.0078
640.0000	256.0000	 -8.3305	  0.0651	  1.0000	  1.0117
672.0000	256.0000	 -8.4170	  0.0799	  1.0000	  1.0012
704.0000	256.0000	 -8.7311	  0.1437	  1.0000	  0.0000
736.0000	256.0000	 -9.2493	  0.2752	  1.0000	  1.0077
768.0000	256.0000	 -9.8842	  0.4812	  0.0000	  1.0119
800.0000	256.0000	-10.4563	  0.5495	  1.0000	  1.0179
832.0000	256.0000	-11.0204	  0.6720	  1.0000	  1.0008
864.0000	256.0000	-11.5288	  0.8406	  1.0000	  1.0065
896.0000	256.0000	-11.9943	  1.0285	  1.0000	  1.0084
928.0000	256.0000	-12.2016	  1.1141	  1.0000	  1.0116
960.0000	256.0000	-12.2221	  1.0699	  1.0000	  1.0021
992.0000	256.0000	-12.1774	  0.9932	  1.0000	  1.0024
1024.0000	256.0000	-12.1422	  0.9346	  1.0000	  1.0073
 32.0000	288.0000	 -9.2543	  0.1534	  1.0000	  1.0041
 64.0000	288.0000	 -9.2445	  0.1705	  1.0000	  1.0097
 96.0000	288.0000	 -9.2067	  0.1347	  0.0000	  1.0328
128.0000	288.0000	 -9.2110	  0.1515	  0.0000	  1.0215
160.0000	288.0000	 -9.2452	  0.2628	  0.0000	  1.0158
192.0000	288.0000	 -9.2965	  0.4501	  1.0000	  1.0046
224.0000	288.0000	 -9.3196	  0.6345	  0.0000	  1.0050
256.0000	288.0000	 -9.2972	  0.6957	  1.0000	  1.0136
288.0000	288.0000	 -9.2301	  0.5727	  1.0000	  1.0004
320.0000	288.0000	 -9.1539	  0.3773	  1.0000	  1.0326
352.0000	288.0000	 -9.0063	  0.2030	  1.0000	  1.0001
384.0000	288.0000	 -8.8403	  0.1115	  1.0000	  1.0013
416.0000	288.0000	 -8.7500	  0.0773	  1.0000	  1.0026
448.0000	288.0000	 -8.6925	  0.1113	  1.0000	  1.0058
480.0000	288.0000	 -8.5725	  0.1479	  1.0000	  1.0038
512.0000	288.0000	 -8.2916	  0.1551	  1.0000	  1.0085
544.0000	288.0000	 -7.9073	  0.1322	  1.0000	  0.0000
576.0000	288.0000	 -7.4963	  0.0868	  1.0000	  1.0054
608.0000	288.0000	 -7.1650	  0.0272	  1.0000	  1.0041
640.0000	288.0000	 -7.0160	 -0.0382	  1.0000	  1.0017
672.0000	288.0000	 -7.1570	 -0.0894	  1.0000	  1.0018
704.0000	288.0000	 -7.6204	 -0.0866	  1.0000	  1.0035
736.0000	288.0000	 -8.3477	  0.0012	  0.0000	  1.0130
768.0000	288.0000	 -9.1574	  0.2121	  0.0000	  1.0208
800.0000	288.0000	 -9.9278	  0.3767	  1.0000	  1.0055
832.0000	288.0000	-10.6360	  0.6279	  1.0000	  1.0087
864.0000	288.0000	-11.2102	  0.9355	  1.0000	  0.0000
896.0000	288.0000	-11.6534	  1.2379	  1.0000	  1.0088
928.0000	288.0000	-11.7876	  1.3401	  1.0000	  1.0071
960.0000	288.0000	-11.6606	  1.2185	  1.0000	  1.0031
992.0000	288.0000	-11.4735	  1.0582	  1.0000	  1.0126
1024.0000	288.0000	-11.3513	  0.9448	  1.0000	  1.0031
 32.0000	320.0000	 -9.1504	  0.0535	  1.0000	  1.0039
 64.0000	320.0000	 -9.1496	  0.0805	  0.0000	  1.0332
 96.0000	320.0000	 -9.1581	  0.1085	  0.0000	  1.0229
128.0000	320.0000	 -9.2263	  0.1660	  0.0000	  1.0312
160.0000	320.0000	 -9.2385	  0.2996	  0.0000	  1.0142
192.0000	320.0000	 -9.2169	  0.4989	  1.0000	  1.0110
224.0000	320.0000	 -9.1525	  0.6599	  0.0000	  1.0097
256.0000	320.0000	 -9.0941	  0.6641	  1.0000	  1.0036
288.0000	320.0000	 -8.9481	  0.4887	  1.0000	  1.0201
320.0000	320.0000	 -8.7763	  0.2310	  1.0000	  1.0189
352.0000	320.0000	 -8.5933	 -0.0228	  1.0000	  1.0041
384.0000	320.0000	 -8.4451	 -0.1994	  1.0000	  1.0040
416.0000	320.0000	 -8.3806	 -0.3319	  0.0000	  1.0127
448.0000	320.0000	 -8.2758	 -0.2685	  1.0000	  1.0138
480.0000	320.0000	 -8.0340	 -0.1351	  1.0000	  0.0000
512.0000	320.0000	 -7.5446	 -0.0197	  1.0000	  1.0053
544.0000	320.0000	 -6.8582	  0.0215	  1.0000	  1.0054
576.0000	320.0000	 -6.1395	 -0.0059	  1.0000	  1.0021
608.0000	320.0000	 -5.5862	 -0.0804	  1.0000	  1.0020
640.0000	320.0000	 -5.3401	 -0.1849	  1.0000	  1.0026
672.0000	320.0000	 -5.5228	 -0.2986	  1.0000	  1.0035
704.0000	320.0000	 -6.1255	 -0.3799	  1.0000	  1.0074
736.0000	320.0000	 -7.0246	 -0.3959	  1.0000	  1.0110
768.0000	320.0000	 -8.0520	 -0.2286	  1.0000	  1.0029
800.0000	320.0000	 -9.0492	  0.0707	  1.0000	  1.0048
832.0000	320.0000	 -9.8769	  0.4429	  1.0000	  1.0083
864.0000	320.0000	-10.4083	  0.8291	  1.0000	  1.0184
896.0000	320.0000	-10.7108	  1.1612	  1.0000	  1.0099
928.0000	320.0000	-10.5307	  1.1881	  1.0000	  0.0000
960.0000	320.0000	 -9.9781	  0.9029	  1.0000	  1.0100
992.0000	320.0000	 -9.4420	  0.5962	  1.0000	  1.0141
1024.0000	320.0000	 -9.1202	  0.3941	  1.0000	  1.0111
 32.0000	352.0000	 -9.1306	 -0.0100	  0.0000	  1.0364
 64.0000	352.0000	 -9.1554	  0.0136	  0.0000	  1.0376
 96.0000	352.0000	 -9.1822	  0.0740	  0.0000	  1.0353
128.0000	352.0000	 -9.2619	  0.1672	  0.0000	  1.0228
160.0000	352.0000	 -9.2712	  0.3218	  0.0000	  1.0225
192.0000	352.0000	 -9.1884	  0.5480	  1.0000	  1.0053
224.0000	352.0000	 -9.0522	  0.7362	  0.0000	  1.0189
256.0000	352.0000	 -8.9407	  0.6759	  0.0000	  1.0291
288.0000	352.0000	 -8.6802	  0.3872	  1.0000	  1.0069
320.0000	352.0000	 -8.4287	  0.0040	  1.0000	  1.0052
352.0000	352.0000	 -8.2255	 -0.3872	  1.0000	  0.0000
384.0000	352.0000	 -8.1004	 -0.6883	  1.0000	  1.0003
416.0000	352.0000	 -8.0210	 -0.8800	  1.0000	  1.0270
448.0000	352.0000	 -7.8405	 -0.8533	  1.0000	  1.0220
480.0000	352.0000	 -7.3985	 -0.6966	  1.0000	  1.0130
512.0000	352.0000	 -6.6632	 -0.4684	  1.0000	  1.0027
544.0000	352.0000	 -5.6631	 -0.2986	  1.0000	  1.0041
576.0000	352.0000	 -4.6377	 -0.2190	  1.0000	  0.0000
608.0000	352.0000	 -3.8563	 -0.2242	  1.0000	  1.0049
640.0000	352.0000	 -3.4981	 -0.2984	  1.0000	  1.0175
672.0000	352.0000	 -3.7017	 -0.4127	  1.0000	  1.0088
704.0000	352.0000	 -4.4313	 -0.5202	  1.0000	  1.0014
736.0000	352.0000	 -5.5051	 -0.6054	  1.0000	  1.0120
768.0000	352.0000	 -6.7291	 -0.4839	  1.0000	  1.0012
800.0000	352.0000	 -7.8700	 -0.1441	  1.0000	  1.0211
832.0000	352.0000	 -8.7610	  0.2216	  1.0000	  1.0133
864.0000	352.0000	 -9.1841	  0.5385	  1.0000	  1.0151
896.0000	352.0000	 -9.1493	  0.7372	  1.0000	  1.0103
928.0000	352.0000	 -8.4364	  0.5673	  1.0000	  1.0152
960.0000	352.0000	 -7.2884	  0.0580	  1.0000	  1.0046
992.0000	352.0000	 -6.2970	 -0.4177	  1.0000	  1.0030
1024.0000	352.0000	 -5.7704	 -0.6962	  1.0000	  1.0173
 32.0000	384.0000	 -9.1739	  0.0143	  0.0000	  1.0441
 64.0000	384.0000	 -9.2069	  0.0198	  0.0000	  1.0234
 96.0000	384.0000	 -9.2337	  0.0696	  0.0000	  1.0332
128.0000	384.0000	 -9.3144	  0.1683	  0.0000	  1.0140
160.0000	384.0000	 -9.3252	  0.3255	  0.0000	  1.0289
192.0000	384.0000	 -9.1982	  0.5402	  1.0000	  1.0032
224.0000	384.0000	 -9.0277	  0.6992	  0.0000	  1.0225
256.0000	384.0000	 -8.8170	  0.5852	  0.0000	  1.0235
288.0000	384.0000	 -8.4697	  0.1714	  1.0000	  1.0000
320.0000	384.0000	 -8.1696	 -0.3761	  1.0000	  1.0054
352.0000	384.0000	 -7.9574	 -0.9570	  1.0000	  1.0020
384.0000	384.0000	 -7.8326	 -1.4322	  1.0000	  1.0018
416.0000	384.0000	 -7.7089	 -1.7166	  1.0000	  1.0116
448.0000	384.0000	 -7.4197	 -1.7384	  1.0000	  1.0169
480.0000	384.0000	 -6.8372	 -1.5153	  1.0000	  1.0003
512.0000	384.0000	 -5.8589	 -1.1333	  1.0000	  1.0024
544.0000	384.0000	 -4.5752	 -0.7429	  1.0000	  1.0015
576.0000	384.0000	 -3.2757	 -0.4344	  1.0000	  1.0013
608.0000	384.0000	 -2.2622	 -0.2422	  1.0000	  1.0001
640.0000	384.0000	 -1.7323	 -0.1662	  1.0000	  1.0058
672.0000	384.0000	 -1.8615	 -0.1615	  1.0000	  1.0037
704.0000	384.0000	 -2.6202	 -0.1630	  1.0000	  1.0012
736.0000	384.0000	 -3.7813	 -0.2444	  1.0000	  1.0020
768.0000	384.0000	 -5.1380	 -0.2071	  1.0000	  1.0051
800.0000	384.0000	 -6.3745	  0.0094	  1.0000	  1.0213
832.0000	384.0000	 -7.1983	  0.1617	  1.0000	  1.0023
864.0000	384.0000	 -7.4783	  0.1628	  1.0000	  1.0065
896.0000	384.0000	 -6.9308	 -0.0070	  1.0000	  1.0053
928.0000	384.0000	 -5.5796	 -0.5169	  1.0000	  1.0001
960.0000	384.0000	 -3.8365	 -1.2750	  1.0000	  1.0065
992.0000	384.0000	 -2.4197	 -1.9007	  1.0000	  0.0000
1024.0000	384.0000	 -1.8301	 -2.1872	  1.0000	  1.0002
 32.0000	416.0000	 -9.2552	  0.1067	  1.0000	  1.0050
 64.0000	416.0000	 -9.2776	  0.1176	  1.0000	  1.0167
 96.0000	416.0000	 -9.3090	  0.1506	  1.0000	  1.0027
128.0000	416.0000	 -9.3693	  0.2221	  0.0000	  1.0264
160.0000	416.0000	 -9.3394	  0.3347	  0.0000	  1.0142
192.0000	416.0000	 -9.1548	  0.4737	  1.0000	  1.0087
224.0000	416.0000	 -8.9069	  0.5250	  1.0000	  1.0092
256.0000	416.0000	 -8.6066	  0.3286	  1.0000	  1.0105
288.0000	416.0000	 -8.2555	 -0.1660	  1.0000	  1.0053
320.0000	416.0000	 -7.9461	 -0.8789	  1.0000	  1.0004
352.0000	416.0000	 -7.7361	 -1.6827	  1.0000	  1.0003
384.0000	416.0000	 -7.6067	 -2.3855	  1.0000	  1.0028
416.0000	416.0000	 -7.4616	 -2.8064	  1.0000	  1.0014
448.0000	416.0000	 -7.1317	 -2.8498	  1.0000	  1.0011
480.0000	416.0000	 -6.4714	 -2.5145	  1.0000	  1.0007
512.0000	416.0000	 -5.3699	 -1.8867	  1.0000	  0.0000
544.0000	416.0000	 -3.9187	 -1.1398	  1.0000	  0.0000
576.0000	416.0000	 -2.4077	 -0.4390	  1.0000	  0.0000
608.0000	416.0000	 -1.1360	  0.1268	  1.0000	  1.0009
640.0000	416.0000	 -0.2900	  0.5169	  1.0000	  1.0022
672.0000	416.0000	 -0.1310	  0.7814	  1.0000	  1.0059
704.0000	416.0000	 -0.6602	  0.9842	  1.0000	  1.0012
736.0000	416.0000	 -1.6870	  1.1157	  1.0000	  1.0016
768.0000	416.0000	 -3.0043	  1.0510	  1.0000	  1.0018
800.0000	416.0000	 -4.2010	  0.9657	  1.0000	  1.0141
832.0000	416.0000	 -5.0125	  0.5397	  1.0000	  1.0046
864.0000	416.0000	 -4.9449	 -0.1035	  1.0000	  1.0122
896.0000	416.0000	 -3.8650	 -0.9370	  1.0000	  1.0032
928.0000	416.0000	 -1.9594	 -1.9711	  1.0000	  1.0020
960.0000	416.0000	  0.2210	 -2.9964	  1.0000	  1.0039
992.0000	416.0000	  1.9343	 -3.7487	  1.0000	  1.0034
1024.0000	416.0000	  2.5018	 -4.0058	  1.0000	  1.0039
 32.0000	448.0000	 -9.3372	  0.2119	  1.0000	  1.0007
 64.0000	448.0000	 -9.3387	  0.2293	  1.0000	  1.0026
 96.0000	448.0000	 -9.3503	  0.2382	  1.0000	  1.0025
128.0000	448.0000	 -9.3910	  0.2737	  1.0000	  1.0038
160.0000	448.0000	 -9.3107	  0.3368	  1.0000	  1.0029
192.0000	448.0000	 -9.0475	  0.3917	  1.0000	  1.0004
224.0000	448.0000	 -8.7090	  0.3478	  1.0000	  1.0094
256.0000	448.0000	 -8.3166	  0.0627	  1.0000	  1.0021
288.0000	448.0000	 -7.9184	 -0.5353	  1.0000	  0.0000
320.0000	448.0000	 -7.5873	 -1.4136	  1.0000	  1.0034
352.0000	448.0000	 -7.3928	 -2.4386	  1.0000	  1.0011
384.0000	448.0000	 -7.3025	 -3.3829	  1.0000	  1.0002
416.0000	448.0000	 -7.2221	 -3.9441	  1.0000	  1.0038
448.0000	448.0000	 -6.9873	 -3.9805	  1.0000	  1.0048
480.0000	448.0000	 -6.4238	 -3.4851	  1.0000	  1.0018
512.0000	448.0000	 -5.3733	 -2.5291	  1.0000	  1.0005
544.0000	448.0000	 -3.8852	 -1.2974	  1.0000	  1.0031
576.0000	448.0000	 -2.2149	 -0.0579	  1.0000	  0.0000
608.0000	448.0000	 -0.6384	  1.0471	  1.0000	  1.0020
640.0000	448.0000	  0.7088	  1.9133	  1.0000	  1.0022
672.0000	448.0000	  1.4007	  2.6064	  1.0000	  1.0006
704.0000	448.0000	  1.4084	  3.1493	  1.0000	  1.0010
736.0000	448.0000	  0.7981	  3.4771	  1.0000	  1.0023
768.0000	448.0000	 -0.2511	  3.4033	  1.0000	  1.0018
800.0000	448.0000	 -1.3297	  2.8195	  1.0000	  1.0027
832.0000	448.0000	 -1.8027	  1.6301	  1.0000	  0.0000
864.0000	448.0000	 -1.3649	  0.0359	  1.0000	  1.0011
896.0000	448.0000	  0.0908	 -1.7940	  1.0000	  0.0000
928.0000	448.0000	  2.2921	 -3.5859	  1.0000	  1.0005
960.0000	448.0000	  4.6060	 -4.9242	  1.0000	  1.0013
992.0000	448.0000	  6.3568	 -5.7546	  1.0000	  1.0005
1024.0000	448.0000	  6.7884	 -5.9422	  1.0000	  1.0020
 32.0000	480.0000	 -9.3861	  0.2902	  0.0000	  1.0240
 64.0000	480.0000	 -9.3679	  0.3227	  0.0000	  1.0432
 96.0000	480.0000	 -9.3359	  0.3016	  0.0000	  1.0136
128.0000	480.0000	 -9.3933	  0.3046	  0.0000	  1.0280
160.0000	480.0000	 -9.2511	  0.3216	  0.0000	  1.0441
192.0000	480.0000	 -8.8462	  0.3019	  0.0000	  1.0217
224.0000	480.0000	 -8.3862	  0.1832	  1.0000	  1.0013
256.0000	480.0000	 -7.8779	 -0.1692	  1.0000	  1.0023
288.0000	480.0000	 -7.4087	 -0.8429	  1.0000	  1.0030
320.0000	480.0000	 -7.0701	 -1.8273	  1.0000	  1.0042
352.0000	480.0000	 -6.9512	 -2.9920	  1.0000	  1.0057
384.0000	480.0000	 -6.9960	 -4.0849	  1.0000	  1.0025
416.0000	480.0000	 -7.1100	 -4.7098	  1.0000	  1.0053
448.0000	480.0000	 -7.1293	 -4.6797	  1.0000	  1.0140
480.0000	480.0000	 -6.8378	 -4.0085	  1.0000	  1.0000
512.0000	480.0000	 -5.9814	 -2.7125	  1.0000	  0.0000
544.0000	480.0000	 -4.5350	 -0.9857	  1.0000	  0.0000
576.0000	480.0000	 -2.6859	  0.8139	  1.0000	  1.0026
608.0000	480.0000	 -0.6589	  2.4869	  1.0000	  1.0026
640.0000	480.0000	  1.2781	  3.9378	  1.0000	  1.0029
672.0000	480.0000	  2.6680	  5.1877	  1.0000	  1.0048
704.0000	480.0000	  3.4906	  6.2046	  1.0000	  1.0078
736.0000	480.0000	  3.5883	  6.8200	  1.0000	  1.0043
768.0000	480.0000	  3.0649	  6.6747	  1.0000	  1.0001
800.0000	480.0000	  2.3501	  5.4694	  1.0000	  1.0043
832.0000	480.0000	  2.2630	  3.3562	  1.0000	  1.0004
864.0000	480.0000	  2.8919	  0.6529	  1.0000	  1.0012
896.0000	480.0000	  4.4402	 -2.3592	  1.0000	  1.0018
928.0000	480.0000	  6.6217	 -5.0716	  1.0000	  1.0018
960.0000	480.0000	  8.8327	 -6.8079	  1.0000	  1.0023
992.0000	480.0000	 10.2470	 -7.6112	  1.0000	  0.0000
1024.0000	480.0000	 10.5428	 -7.7390	  1.0000	  0.0000
 32.0000	512.0000	 -9.2610	  0.3042	  0.0000	  1.0315
 64.0000	512.0000	 -9.2492	  0.3288	  0.0000	  1.0272
 96.0000	512.0000	 -9.2115	  0.3196	  0.0000	  1.0218
128.0000	512.0000	 -9.1993	  0.3129	  0.0000	  1.0223
160.0000	512.0000	 -9.0171	  0.3045	  0.0000	  1.0228
192.0000	512.0000	 -8.5974	  0.2486	  0.0000	  1.0182
224.0000	512.0000	 -7.9505	  0.0450	  1.0000	  1.0211
256.0000	512.0000	 -7.2909	 -0.3440	  1.0000	  0.0000
288.0000	512.0000	 -6.7488	 -1.0313	  1.0000	  1.0107
320.0000	512.0000	 -6.4410	 -2.0187	  1.0000	  1.0001
352.0000	512.0000	 -6.4712	 -3.1938	  1.0000	  0.0000
384.0000	512.0000	 -6.7395	 -4.2982	  1.0000	  1.0022
416.0000	512.0000	 -7.1491	 -4.8924	  1.0000	  1.0015
448.0000	512.0000	 -7.5329	 -4.7348	  1.0000	  1.0006
480.0000	512.0000	 -7.6231	 -3.9157	  1.0000	  1.0081
512.0000	512.0000	 -7.0385	 -2.3296	  1.0000	  1.0095
544.0000	512.0000	 -5.6837	 -0.1806	  1.0000	  1.0059
576.0000	512.0000	 -3.6817	  2.1197	  1.0000	  1.0206
608.0000	512.0000	 -1.1833	  4.3102	  1.0000	  1.0036
640.0000	512.0000	  1.4687	  6.2784	  1.0000	  1.0015
672.0000	512.0000	  3.7422	  8.0679	  1.0000	  1.0130
704.0000	512.0000	  5.4204	  9.5916	  1.0000	  1.0022
736.0000	512.0000	  6.3503	 10.5306	  1.0000	  1.0089
768.0000	512.0000	  6.4730	 10.2321	  1.0000	  1.0071
800.0000	512.0000	  6.2164	  8.2919	  1.0000	  0.0000
832.0000	512.0000	  6.4068	  5.4073	  1.0000	  1.0022
864.0000	512.0000	  7.1706	  1.6390	  1.0000	  1.0034
896.0000	512.0000	  8.5982	 -2.5636	  1.0000	  0.0000
928.0000	512.0000	 10.4356	 -6.1914	  1.0000	  0.0000
960.0000	512.0000	 12.1894	 -8.2633	  1.0000	  1.0053
992.0000	512.0000	 13.2148	 -9.0702	  1.0000	  1.0028
1024.0000	512.0000	 13.4339	 -9.1887	  1.0000	  1.0043
 32.0000	544.0000	 -9.0576	  0.2870	  0.0000	  1.0292
 64.0000	544.0000	 -9.0478	  0.2982	  0.0000	  1.0082
 96.0000	544.0000	 -8.9934	  0.3011	  0.0000	  1.0107
128.0000	544.0000	 -8.8740	  0.2910	  1.0000	  1.0165
160.0000	544.0000	 -8.5985	  0.2589	  0.0000	  1.0182
192.0000	544.0000	 -8.1517	  0.1711	  0.0000	  1.0313
224.0000	544.0000	 -7.4057	 -0.0644	  1.0000	  1.0275
256.0000	544.0000	 -6.6620	 -0.4658	  1.0000	  0.0000
288.0000	544.0000	 -6.0755	 -1.1181	  1.0000	  1.0060
320.0000	544.0000	 -5.8241	 -2.0356	  1.0000	  1.0002
352.0000	544.0000	 -6.0366	 -3.1234	  1.0000	  1.0011
384.0000	544.0000	 -6.5611	 -4.1477	  1.0000	  1.0020
416.0000	544.0000	 -7.2836	 -4.7010	  1.0000	  1.0020
448.0000	544.0000	 -8.0329	 -4.4949	  1.0000	  1.0094
480.0000	544.0000	 -8.4714	 -3.4864	  1.0000	  1.0010
512.0000	544.0000	 -8.1095	 -1.6575	  1.0000	  1.0011
544.0000	544.0000	 -6.8320	  0.8084	  1.0000	  1.0033
576.0000	544.0000	 -4.7544	  3.5038	  1.0000	  0.0000
608.0000	544.0000	 -1.8759	  6.0910	  1.0000	  1.0019
640.0000	544.0000	  1.3799	  8.4319	  1.0000	  1.0007
672.0000	544.0000	  4.4158	 10.6619	  1.0000	  0.0000
704.0000	544.0000	  6.9078	 12.6258	  1.0000	  1.0107
736.0000	544.0000	  8.6655	 13.8921	  1.0000	  1.0134
768.0000	544.0000	  9.3715	 13.4247	  1.0000	  0.0000
800.0000	544.0000	  9.4941	 10.8945	  1.0000	  1.0047
832.0000	544.0000	 10.0136	  7.5085	  1.0000	  1.0009
864.0000	544.0000	 10.9112	  2.7922	  1.0000	  1.0035
896.0000	544.0000	 12.1146	 -2.4723	  1.0000	  1.0019
928.0000	544.0000	 13.4409	 -6.9063	  1.0000	  1.0001
960.0000	544.0000	 14.5778	 -9.2398	  1.0000	  1.0003
992.0000	544.0000	 15.2085	-10.0634	  1.0000	  1.0106
1024.0000	544.0000	 15.3879	-10.2076	  1.0000	  1.0132
 32.0000	576.0000	 -8.9214	  0.2779	  1.0000	  1.0015
 64.0000	576.0000	 -8.8800	  0.2824	  1.0000	  0.0000
 96.0000	576.0000	 -8.7823	  0.2816	  1.0000	  0.0000
128.0000	576.0000	 -8.5782	  0.2659	  1.0000	  1.0006
160.0000	576.0000	 -8.1896	  0.2170	  1.0000	  1.0018
192.0000	576.0000	 -7.5757	  0.0981	  1.0000	  1.0011
224.0000	576.0000	 -6.8423	 -0.1386	  1.0000	  1.0089
256.0000	576.0000	 -6.1529	 -0.5444	  1.0000	  1.0066
288.0000	576.0000	 -5.5498	 -1.1362	  1.0000	  1.0021
320.0000	576.0000	 -5.3522	 -1.9526	  1.0000	  1.0001
352.0000	576.0000	 -5.7231	 -2.9128	  1.0000	  1.0005
384.0000	576.0000	 -6.4699	 -3.8042	  1.0000	  1.0030
416.0000	576.0000	 -7.4309	 -4.3107	  1.0000	  1.0065
448.0000	576.0000	 -8.4380	 -4.0591	  1.0000	  1.0002
480.0000	576.0000	 -9.0769	 -2.9520	  1.0000	  1.0104
512.0000	576.0000	 -8.7678	 -1.0128	  1.0000	  1.0029
544.0000	576.0000	 -7.4827	  1.5959	  1.0000	  1.0030
576.0000	576.0000	 -5.4635	  4.5352	  1.0000	  1.0025
608.0000	576.0000	 -2.3425	  7.3664	  1.0000	  1.0035
640.0000	576.0000	  1.3572	 10.0685	  1.0000	  1.0007
672.0000	576.0000	  4.9497	 12.6502	  1.0000	  1.0009
704.0000	576.0000	  8.0110	 14.8935	  1.0000	  1.0045
736.0000	576.0000	 10.2346	 16.2027	  1.0000	  0.0000
768.0000	576.0000	 11.2706	 15.4454	  1.0000	  1.0022
800.0000	576.0000	 11.6919	 12.5553	  1.0000	  1.0147
832.0000	576.0000	 12.5309	  8.8518	  1.0000	  1.0059
864.0000	576.0000	 13.5573	  3.6444	  1.0000	  1.0079
896.0000	576.0000	 14.5569	 -2.2907	  1.0000	  1.0055
928.0000	576.0000	 15.4159	 -7.2794	  1.0000	  1.0013
960.0000	576.0000	 15.9952	 -9.7772	  1.0000	  1.0047
992.0000	576.0000	 16.2698	-10.5973	  1.0000	  1.0072
1024.0000	576.0000	 16.3395	-10.7314	  1.0000	  1.0103
 32.0000	608.0000	 -8.8436	  0.2720	  1.0000	  1.0185
 64.0000	608.0000	 -8.7795	  0.2734	  1.0000	  1.0191
 96.0000	608.0000	 -8.6488	  0.2686	  1.0000	  1.0136
128.0000	608.0000	 -8.3906	  0.2468	  1.0000	  0.0000
160.0000	608.0000	 -7.9230	  0.1870	  1.0000	  1.0001
192.0000	608.0000	 -7.2107	  0.0524	  1.0000	  1.0044
224.0000	608.0000	 -6.4792	 -0.1841	  1.0000	  0.0000
256.0000	608.0000	 -5.8333	 -0.5779	  1.0000	  1.0049
288.0000	608.0000	 -5.2316	 -1.1224	  1.0000	  1.0065
320.0000	608.0000	 -5.0757	 -1.8595	  1.0000	  1.0121
352.0000	608.0000	 -5.5458	 -2.7258	  1.0000	  1.0034
384.0000	608.0000	 -6.4165	 -3.5277	  1.0000	  1.0004
416.0000	608.0000	 -7.5370	 -3.9362	  1.0000	  1.0032
448.0000	608.0000	 -8.6837	 -3.6304	  1.0000	  1.0006
480.0000	608.0000	 -9.3805	 -2.4902	  1.0000	  1.0052
512.0000	608.0000	 -8.9812	 -0.5511	  1.0000	  0.0000
544.0000	608.0000	 -7.7729	  2.0628	  1.0000	  1.0011
576.0000	608.0000	 -5.8183	  5.0500	  1.0000	  1.0020
608.0000	608.0000	 -2.5615	  7.8269	  1.0000	  1.0013
640.0000	608.0000	  1.2256	 10.5921	  1.0000	  1.0043
672.0000	608.0000	  4.9940	 13.2976	  1.0000	  1.0115
704.0000	608.0000	  8.3104	 15.6758	  1.0000	  1.0004
736.0000	608.0000	 10.8464	 17.0768	  1.0000	  1.0056
768.0000	608.0000	 11.9647	 15.9394	  1.0000	  1.0152
800.0000	608.0000	 12.6319	 13.0508	  1.0000	  1.0042
832.0000	608.0000	 13.5542	  9.0991	  1.0000	  1.0114
864.0000	608.0000	 14.7106	  3.9464	  1.0000	  1.0043
896.0000	608.0000	 15.6239	 -2.1759	  1.0000	  1.0006
928.0000	608.0000	 16.2427	 -7.3953	  1.0000	  1.0000
960.0000	608.0000	 16.5521	 -9.9737	  1.0000	  1.0080
992.0000	608.0000	 16.6477	-10.7928	  1.0000	  1.0011
1024.0000	608.0000	 16.6497	-10.9171	  1.0000	  1.0052
