# timecode format v2
0.000
16.652
33.305
49.959
66.610
83.259
99.912
116.563
133.217
149.867
166.519
183.172
199.828
216.476
233.134
249.784
266.435
283.085
299.740
316.392
333.046
349.699
366.356
383.005
399.657
416.306
432.952
449.607
466.259
482.911
499.569
516.215
532.865
549.518
566.168
582.821
599.473
616.125
632.776
649.432
666.084
682.736
699.396
716.039
732.689
749.342
765.995
782.645
799.298
815.951
832.605
849.259
865.908
882.558
899.218
915.864
932.516
949.166
965.819
982.472
999.125
1015.775
1032.429
1049.083
1065.731
1082.384
1099.043
1115.688
1132.346
1149.011
1165.648
1182.298
1198.968
1215.602
1232.255
1248.919
1265.562
1282.210
1298.862
1315.516
1332.168
1348.820
1365.467
1382.123
1398.774
1415.426
1432.094
1448.730
1465.380
1482.033
1498.688
1515.338
1531.988
1548.641
1565.291
1581.959
1598.599
1615.250
1631.901
1648.557
1665.206
1681.862
1698.518
1715.166
1731.814
1748.464
1765.121
1781.768
1798.420
1815.072
1831.725
1848.376
1865.028
1881.682
1898.332
1914.984
1931.636
1948.290
1964.942
1981.596
1998.250
2014.903
2031.553
2048.203
2064.853
2081.505
2098.159
2114.810
2131.463
2148.118
2164.765
2181.417
2198.075
2214.727
2231.377
2248.027
2264.677
2281.331
2297.984
2314.635
2331.286
2347.939
2364.591
2381.242
2397.894
2414.545
2431.201
2447.850
2464.501
2481.159
2497.809
2514.461
2531.150
2547.762
2564.417
2581.066
2597.726
2614.370
2631.023
2647.676
2664.327
2680.979
2697.631
2714.282
2730.935
2747.588
2764.239
2780.891
2797.543
2814.194
2830.846
2847.513
2864.153
2880.818
2897.456
2914.109
2930.764
2947.413
2964.065
2980.716
2997.370
3014.021
3030.671
3047.324
3063.976
3080.628
3097.280
3113.931
3130.585
3147.236
3163.891
3180.543
3197.192
3213.847
3230.499
3247.152
3263.800
3280.455
3297.108
3313.767
3330.410
3347.062
3363.715
3380.365
3397.016
3413.672
3430.323
3446.976
3463.626
3480.279
3496.930
3513.581
3530.304
3546.886
3563.537
3580.189
3596.842
3613.493
3630.146
3646.817
3663.470
3680.101
3696.753
3713.407
3730.060
3746.712
3763.366
3780.016
3796.668
3813.320
3829.972
3846.626
3863.277
3879.931
3896.582
3913.230
3929.883
3946.535
3963.191
3979.843
3996.496
4013.146
4029.795
4046.449
4063.104
4079.754
4096.403
4113.055
4129.711
4146.361
4163.014
4179.664
4196.316
4212.972
4229.619
4246.272
4262.924
4279.576
4296.227
4312.883
4329.536
4346.185
4362.837
4379.487
4396.139
4412.791
4429.443
4446.095
4462.749
4479.400
4496.051
4512.703
4529.356
4546.009
4562.661
4579.315
4595.965
4612.618
4629.268
4645.921
4662.574
4679.224
4695.878
4712.528
4729.180
4745.832
4762.489
4779.136
4795.790
4812.440
4829.092
4845.745
4862.399
4879.053
4895.705
4912.354
4929.006
4945.660
4962.309
4978.962
4995.617
5012.272
5028.917
5045.573
5062.221
5078.876
5095.525
5112.178
5128.830
5145.492
5162.134
5178.788
5195.438
5212.091
5228.749
5245.394
5262.045
5278.697
5295.353
5312.005
5328.656
5345.309
5361.958
5378.613
5395.266
5411.918
5428.567
5445.219
5461.886
5478.526
5495.175
5511.826
5528.481
5545.132
5561.784
5578.437
5595.087
5611.739
5628.392
5645.043
5661.698
5678.350
5695.003
5711.654
5728.303
5744.957
5761.610
5778.264
5794.919
5811.575
5828.220
5844.868
5861.519
5878.174
5894.824
5911.480
5928.131
5944.788
5961.433
5978.089
5994.736
6011.394
6028.044
6044.695
6061.355
6077.999
6094.650
6111.301
6127.954
6144.606
6161.259
6177.910
6194.563
6211.214
6227.868
6244.522
6261.197
6277.823
6294.482
6311.150
6327.780
6344.431
6361.083
6377.734
6394.388
6411.040
6427.696
6444.343
6460.995
6477.650
6494.301
6510.953
6527.606
6544.268
6560.906
6577.560
6594.212
6610.867
6627.515
6644.172
6660.821
6677.478
6694.126
6710.774
6727.427
6744.079
6760.730
6777.384
6794.043
6810.688
6827.353
6843.994
6860.645
6877.297
6893.953
6910.629
6927.254
6943.906
6960.555
6977.207
6993.860
7010.521
7027.179
7043.815
7060.474
7077.119
7093.773
7110.424
7127.076
7143.732
7160.379
7177.032
7193.684
7210.335
7226.989
7243.645
7260.292
7276.945
7293.597
7310.250
7326.902
7343.560
7360.204
7376.858
7393.509
7410.162
7426.817
7443.467
7460.117
7476.781
7493.422
7510.077
7526.727
7543.378
7560.030
7576.681
7593.333
7609.991
7626.639
7643.291
7659.942
7676.597
7693.247
7709.899
7726.550
7743.205
7759.854
7776.506
7793.161
7809.812
7826.463
7843.113
7859.765
7876.420
7893.074
7909.724
7926.376
7943.026
7959.682
7976.330
7992.982
8009.633
8026.291
8042.939
8059.592
8076.245
8092.897
8109.551
8126.199
8142.850
8159.503
8176.158
8192.807
8209.462
8226.114
8242.764
8259.417
8276.069
8292.723
8309.372
8326.022
8342.676
8359.330
8375.983
8392.634
8409.297
8425.936
8442.590
8459.251
8475.896
8492.548
8509.198
8525.852
8542.500
8559.155
8575.824
8592.455
8609.109
8625.760
8642.418
8659.076
8675.717
8692.371
8709.023
8725.672
8742.325
8758.977
8775.629
8792.283
8808.934
8825.586
8842.264
8858.890
8875.541
8892.194
8908.848
8925.500
8942.151
8958.801
8975.455
8992.113
9008.765
9025.409
9042.062
9058.713
9075.376
9092.019
9108.673
9125.325
9141.989
9158.626
9175.277
9191.932
9208.584
9225.236
9241.888
9258.539
9275.195
9291.845
9308.497
9325.146
9341.798
9358.451
9375.102
9391.754
9408.407
9425.059
9441.711
9458.363
9475.015
9491.666
9508.319
9524.972
9541.623
9558.276
9574.927
9591.579
9608.235
9624.884
9641.559
9658.191
9674.839
9691.492
9708.143
9724.795
9741.448
9758.107
9774.752
9791.408
9808.056
9824.710
