 32.0000	 32.0000	-27.0208	  1.6424	  1.0000	  1.0021
 64.0000	 32.0000	-26.4567	  1.6952	  1.0000	  1.0104
 96.0000	 32.0000	-25.2793	  1.7971	  1.0000	  1.0349
128.0000	 32.0000	-23.4981	  1.9332	  1.0000	  1.0084
160.0000	 32.0000	-21.4254	  1.9652	  1.0000	  1.0015
192.0000	 32.0000	-19.1734	  1.9961	  1.0000	  1.0003
224.0000	 32.0000	-16.9939	  1.8662	  1.0000	  1.0008
256.0000	 32.0000	-15.2819	  1.8671	  1.0000	  1.0002
288.0000	 32.0000	-14.5059	  1.9438	  1.0000	  1.0024
320.0000	 32.0000	-14.9003	  2.0382	  1.0000	  1.0002
352.0000	 32.0000	-16.4552	  2.1101	  1.0000	  1.0012
384.0000	 32.0000	-18.8888	  2.1487	  1.0000	  0.0000
416.0000	 32.0000	-21.6506	  2.1613	  1.0000	  1.0007
448.0000	 32.0000	-24.1827	  2.1680	  1.0000	  1.0003
480.0000	 32.0000	-26.1109	  2.1951	  1.0000	  1.0006
512.0000	 32.0000	-27.3353	  2.2621	  1.0000	  1.0005
544.0000	 32.0000	-28.0305	  2.3657	  1.0000	  1.0013
576.0000	 32.0000	-28.4523	  2.4889	  1.0000	  1.0002
608.0000	 32.0000	-28.7283	  2.6234	  1.0000	  1.0000
640.0000	 32.0000	-28.8438	  2.8108	  1.0000	  1.0010
672.0000	 32.0000	-28.6540	  3.1733	  1.0000	  1.0003
704.0000	 32.0000	-28.0578	  3.7877	  1.0000	  1.0016
736.0000	 32.0000	-27.0616	  4.6539	  1.0000	  1.0035
768.0000	 32.0000	-25.8371	  5.6420	  1.0000	  1.0095
800.0000	 32.0000	-24.7170	  6.4529	  1.0000	  1.0063
832.0000	 32.0000	-24.0695	  6.7631	  1.0000	  1.0040
864.0000	 32.0000	-24.0656	  6.4401	  1.0000	  1.0006
896.0000	 32.0000	-24.6797	  5.5562	  1.0000	  1.0006
928.0000	 32.0000	-25.6986	  4.3661	  1.0000	  0.0000
960.0000	 32.0000	-26.7263	  3.3106	  1.0000	  1.0006
992.0000	 32.0000	-27.3894	  2.6046	  1.0000	  1.0012
1024.0000	 32.0000	-27.6185	  2.2839	  1.0000	  1.0004
 32.0000	 64.0000	-26.9082	  1.8040	  1.0000	  1.0071
 64.0000	 64.0000	-26.3576	  1.9049	  1.0000	  1.0070
 96.0000	 64.0000	-25.2240	  2.0713	  1.0000	  1.0194
128.0000	 64.0000	-23.5031	  2.2657	  1.0000	  1.0138
160.0000	 64.0000	-21.4559	  2.4020	  1.0000	  1.0054
192.0000	 64.0000	-19.2112	  2.4620	  1.0000	  1.0007
224.0000	 64.0000	-16.9908	  2.3195	  0.0000	  1.0024
256.0000	 64.0000	-15.1560	  2.3019	  1.0000	  1.0020
288.0000	 64.0000	-14.2380	  2.2945	  1.0000	  1.0009
320.0000	 64.0000	-14.5106	  2.2816	  1.0000	  1.0004
352.0000	 64.0000	-15.9893	  2.2580	  1.0000	  1.0010
384.0000	 64.0000	-18.4149	  2.2282	  1.0000	  1.0000
416.0000	 64.0000	-21.2295	  2.2028	  1.0000	  1.0001
448.0000	 64.0000	-23.8695	  2.1940	  1.0000	  1.0002
480.0000	 64.0000	-25.9281	  2.2157	  1.0000	  1.0011
512.0000	 64.0000	-27.2175	  2.2831	  1.0000	  1.0059
544.0000	 64.0000	-27.9468	  2.3846	  1.0000	  1.0186
576.0000	 64.0000	-28.4017	  2.5011	  1.0000	  1.0041
608.0000	 64.0000	-28.7074	  2.6268	  1.0000	  1.0012
640.0000	 64.0000	-28.8499	  2.8035	  1.0000	  1.0006
672.0000	 64.0000	-28.6828	  3.1551	  1.0000	  1.0030
704.0000	 64.0000	-28.1032	  3.7559	  1.0000	  1.0012
736.0000	 64.0000	-27.1221	  4.6118	  1.0000	  1.0069
768.0000	 64.0000	-25.9040	  5.5978	  1.0000	  1.0091
800.0000	 64.0000	-24.7741	  6.4185	  1.0000	  1.0128
832.0000	 64.0000	-24.1083	  6.7326	  1.0000	  1.0068
864.0000	 64.0000	-24.0789	  6.4035	  1.0000	  1.0025
896.0000	 64.0000	-24.6583	  5.5073	  1.0000	  1.0028
928.0000	 64.0000	-25.6437	  4.2827	  1.0000	  1.0098
960.0000	 64.0000	-26.6488	  3.1745	  1.0000	  1.0025
992.0000	 64.0000	-27.3086	  2.4279	  1.0000	  0.0000
1024.0000	 64.0000	-27.5859	  2.0663	  1.0000	  1.0003
 32.0000	 96.0000	-26.7896	  2.0978	  1.0000	  0.0000
 64.0000	 96.0000	-26.2625	  2.2948	  1.0000	  1.0080
 96.0000	 96.0000	-25.1955	  2.6050	  1.0000	  1.0001
128.0000	 96.0000	-23.5584	  2.9580	  1.0000	  1.0125
160.0000	 96.0000	-21.5715	  3.2487	  1.0000	  1.0022
192.0000	 96.0000	-19.3371	  3.3822	  1.0000	  1.0429
224.0000	 96.0000	-17.0211	  3.3013	  1.0000	  1.0031
256.0000	 96.0000	-15.0170	  3.1501	  1.0000	  1.0004
288.0000	 96.0000	-13.8673	  2.9460	  1.0000	  1.0003
320.0000	 96.0000	-13.9208	  2.7283	  1.0000	  0.0000
352.0000	 96.0000	-15.2209	  2.5332	  1.0000	  1.0000
384.0000	 96.0000	-17.5462	  2.3843	  1.0000	  1.0014
416.0000	 96.0000	-20.3823	  2.2961	  1.0000	  1.0006
448.0000	 96.0000	-23.1524	  2.2658	  1.0000	  1.0013
480.0000	 96.0000	-25.4226	  2.2787	  0.0000	  1.0064
512.0000	 96.0000	-26.8134	  2.3464	  1.0000	  1.0041
544.0000	 96.0000	-27.6380	  2.4396	  1.0000	  1.0126
576.0000	 96.0000	-28.1802	  2.5376	  1.0000	  1.0020
608.0000	 96.0000	-28.5638	  2.6389	  1.0000	  1.0003
640.0000	 96.0000	-28.7746	  2.7909	  1.0000	  1.0000
672.0000	 96.0000	-28.6638	  3.1208	  1.0000	  1.0002
704.0000	 96.0000	-28.1238	  3.6885	  1.0000	  1.0032
736.0000	 96.0000	-27.1857	  4.5151	  1.0000	  1.0156
768.0000	 96.0000	-25.9967	  5.4837	  1.0000	  1.0082
800.0000	 96.0000	-24.8728	  6.2975	  1.0000	  1.0145
832.0000	 96.0000	-24.1959	  6.5973	  1.0000	  1.0099
864.0000	 96.0000	-24.1394	  6.2407	  1.0000	  1.0049
896.0000	 96.0000	-24.6623	  5.3311	  1.0000	  1.0062
928.0000	 96.0000	-25.5881	  4.0663	  1.0000	  1.0236
960.0000	 96.0000	-26.5402	  2.8972	  1.0000	  1.0042
992.0000	 96.0000	-27.1694	  2.1034	  1.0000	  1.0009
1024.0000	 96.0000	-27.5484	  1.6436	  1.0000	  1.0001
 32.0000	128.0000	-26.7958	  2.4494	  1.0000	  1.0162
 64.0000	128.0000	-26.2893	  2.7725	  1.0000	  1.0093
 96.0000	128.0000	-25.2956	  3.2784	  1.0000	  1.0005
128.0000	128.0000	-23.7516	  3.8523	  1.0000	  1.0131
160.0000	128.0000	-21.8408	  4.3432	  1.0000	  1.0043
192.0000	128.0000	-19.6388	  4.6078	  1.0000	  1.0405
224.0000	128.0000	-17.2604	  4.5584	  1.0000	  1.0000
256.0000	128.0000	-15.0772	  4.2593	  1.0000	  1.0001
288.0000	128.0000	-13.6668	  3.8146	  1.0000	  1.0007
320.0000	128.0000	-13.4511	  3.3367	  1.0000	  1.0008
352.0000	128.0000	-14.4679	  2.9222	  1.0000	  1.0013
384.0000	128.0000	-16.5501	  2.6201	  1.0000	  1.0000
416.0000	128.0000	-19.2778	  2.4537	  1.0000	  1.0002
448.0000	128.0000	-22.0450	  2.4026	  1.0000	  1.0142
480.0000	128.0000	-24.4099	  2.4135	  1.0000	  1.0059
512.0000	128.0000	-26.0071	  2.4730	  1.0000	  1.0090
544.0000	128.0000	-26.9979	  2.5486	  1.0000	  1.0075
576.0000	128.0000	-27.6714	  2.6157	  1.0000	  1.0031
608.0000	128.0000	-28.1654	  2.6777	  1.0000	  1.0004
640.0000	128.0000	-28.4686	  2.7920	  1.0000	  1.0006
672.0000	128.0000	-28.4341	  3.0923	  0.0000	  1.0011
704.0000	128.0000	-27.9435	  3.6034	  1.0000	  1.0079
736.0000	128.0000	-27.0901	  4.3717	  1.0000	  1.0165
768.0000	128.0000	-25.9725	  5.2911	  1.0000	  1.0004
800.0000	128.0000	-24.8949	  6.0643	  1.0000	  1.0000
832.0000	128.0000	-24.2419	  6.3173	  1.0000	  1.0001
864.0000	128.0000	-24.1879	  5.8967	  1.0000	  1.0009
896.0000	128.0000	-24.6538	  4.9789	  1.0000	  1.0062
928.0000	128.0000	-25.5169	  3.6733	  1.0000	  1.0089
960.0000	128.0000	-26.4147	  2.4350	  1.0000	  1.0014
992.0000	128.0000	-27.0074	  1.5871	  1.0000	  1.0002
1024.0000	128.0000	-27.3767	  1.0902	  1.0000	  1.0001
 32.0000	160.0000	-27.0262	  2.7662	  1.0000	  1.0126
 64.0000	160.0000	-26.5486	  3.2097	  1.0000	  1.0163
 96.0000	160.0000	-25.6249	  3.9020	  1.0000	  1.0182
128.0000	160.0000	-24.1715	  4.6819	  1.0000	  1.0072
160.0000	160.0000	-22.3326	  5.3580	  1.0000	  1.0436
192.0000	160.0000	-20.1940	  5.7990	  1.0000	  1.0009
224.0000	160.0000	-17.7896	  5.7943	  1.0000	  1.0006
256.0000	160.0000	-15.4497	  5.3748	  1.0000	  1.0003
288.0000	160.0000	-13.7769	  4.7056	  1.0000	  1.0004
320.0000	160.0000	-13.2796	  3.9691	  1.0000	  1.0002
352.0000	160.0000	-13.9266	  3.3393	  1.0000	  1.0021
384.0000	160.0000	-15.6251	  2.8866	  1.0000	  1.0000
416.0000	160.0000	-18.1377	  2.6457	  1.0000	  1.0015
448.0000	160.0000	-20.8412	  2.5739	  1.0000	  1.0053
480.0000	160.0000	-23.1893	  2.5953	  1.0000	  1.0144
512.0000	160.0000	-24.8859	  2.6554	  1.0000	  1.0015
544.0000	160.0000	-25.9985	  2.7133	  1.0000	  1.0051
576.0000	160.0000	-26.7821	  2.7434	  1.0000	  1.0041
608.0000	160.0000	-27.3687	  2.7533	  1.0000	  1.0014
640.0000	160.0000	-27.7401	  2.8061	  1.0000	  1.0004
672.0000	160.0000	-27.7509	  3.0344	  1.0000	  1.0001
704.0000	160.0000	-27.3148	  3.4980	  1.0000	  1.0007
736.0000	160.0000	-26.5999	  4.1795	  1.0000	  1.0004
768.0000	160.0000	-25.6106	  5.0012	  1.0000	  1.0008
800.0000	160.0000	-24.6479	  5.6794	  1.0000	  0.0000
832.0000	160.0000	-24.0812	  5.8595	  1.0000	  1.0006
864.0000	160.0000	-24.0619	  5.4028	  1.0000	  1.0005
896.0000	160.0000	-24.5471	  4.4044	  1.0000	  1.0002
928.0000	160.0000	-25.3872	  3.0448	  1.0000	  1.0008
960.0000	160.0000	-26.2580	  1.7465	  1.0000	  1.0005
992.0000	160.0000	-26.8605	  0.8329	  1.0000	  1.0003
1024.0000	160.0000	-27.2622	  0.2676	  1.0000	  1.0003
 32.0000	192.0000	-27.3925	  2.9465	  1.0000	  1.0128
 64.0000	192.0000	-26.9295	  3.4620	  1.0000	  1.0150
 96.0000	192.0000	-26.0426	  4.2602	  1.0000	  0.0000
128.0000	192.0000	-24.6391	  5.1423	  1.0000	  1.0056
160.0000	192.0000	-22.8348	  5.8857	  1.0000	  1.0223
192.0000	192.0000	-20.7947	  6.5185	  1.0000	  1.0149
224.0000	192.0000	-18.4092	  6.5767	  1.0000	  1.0049
256.0000	192.0000	-15.9589	  6.1038	  1.0000	  1.0022
288.0000	192.0000	-13.9976	  5.2994	  1.0000	  1.0042
320.0000	192.0000	-13.0349	  4.3837	  1.0000	  1.0119
352.0000	192.0000	-13.2851	  3.6144	  1.0000	  1.0357
384.0000	192.0000	-14.6950	  3.0859	  1.0000	  1.0026
416.0000	192.0000	-16.9575	  2.8193	  1.0000	  1.0015
448.0000	192.0000	-19.5019	  2.7556	  1.0000	  1.0044
480.0000	192.0000	-21.7663	  2.7989	  1.0000	  1.0175
512.0000	192.0000	-23.4700	  2.8684	  1.0000	  1.0083
544.0000	192.0000	-24.6349	  2.9154	  1.0000	  1.0109
576.0000	192.0000	-25.4721	  2.9138	  1.0000	  1.0185
608.0000	192.0000	-26.0989	  2.8747	  1.0000	  1.0018
640.0000	192.0000	-26.5003	  2.8647	  1.0000	  1.0002
672.0000	192.0000	-26.5606	  3.0086	  1.0000	  1.0010
704.0000	192.0000	-26.2365	  3.3712	  1.0000	  1.0008
736.0000	192.0000	-25.6094	  3.9380	  1.0000	  1.0000
768.0000	192.0000	-24.7746	  4.5983	  1.0000	  1.0002
800.0000	192.0000	-24.0115	  5.0935	  1.0000	  1.0004
832.0000	192.0000	-23.6372	  5.1186	  1.0000	  1.0001
864.0000	192.0000	-23.7537	  4.5655	  1.0000	  1.0000
896.0000	192.0000	-24.3131	  3.5074	  1.0000	  1.0004
928.0000	192.0000	-25.1573	  2.1522	  1.0000	  1.0004
960.0000	192.0000	-26.0071	  0.8715	  1.0000	  1.0005
992.0000	192.0000	-26.6154	 -0.0485	  1.0000	  1.0001
1024.0000	192.0000	-26.9742	 -0.5768	  1.0000	  1.0003
 32.0000	224.0000	-27.7826	  2.9010	  1.0000	  1.0017
 64.0000	224.0000	-27.2988	  3.4045	  1.0000	  1.0016
 96.0000	224.0000	-26.3902	  4.1838	  1.0000	  1.0235
128.0000	224.0000	-24.9731	  5.0414	  1.0000	  1.0104
160.0000	224.0000	-23.1473	  5.7568	  1.0000	  1.0020
192.0000	224.0000	-21.1021	  6.3614	  1.0000	  1.0200
224.0000	224.0000	-18.7234	  6.3970	  1.0000	  1.0251
256.0000	224.0000	-16.2605	  5.9517	  1.0000	  1.0109
288.0000	224.0000	-14.1654	  5.1875	  1.0000	  1.0327
320.0000	224.0000	-12.9196	  4.3110	  1.0000	  1.0033
352.0000	224.0000	-12.8438	  3.5848	  1.0000	  1.0257
384.0000	224.0000	-13.9214	  3.1087	  1.0000	  1.0020
416.0000	224.0000	-15.8574	  2.8965	  1.0000	  1.0032
448.0000	224.0000	-18.1382	  2.8828	  1.0000	  1.0370
480.0000	224.0000	-20.2263	  2.9636	  1.0000	  1.0145
512.0000	224.0000	-21.8381	  3.0521	  1.0000	  1.0347
544.0000	224.0000	-22.9715	  3.1027	  1.0000	  0.0000
576.0000	224.0000	-23.7787	  3.0893	  1.0000	  1.0171
608.0000	224.0000	-24.3624	  3.0240	  1.0000	  1.0037
640.0000	224.0000	-24.7216	  2.9740	  1.0000	  1.0002
672.0000	224.0000	-24.7795	  3.0466	  1.0000	  1.0005
704.0000	224.0000	-24.5259	  3.2957	  1.0000	  1.0004
736.0000	224.0000	-24.0201	  3.6982	  1.0000	  1.0001
768.0000	224.0000	-23.4051	  4.1237	  1.0000	  1.0001
800.0000	224.0000	-22.9412	  4.3429	  1.0000	  1.0002
832.0000	224.0000	-22.8714	  4.1282	  1.0000	  1.0016
864.0000	224.0000	-23.2249	  3.4273	  1.0000	  1.0529
896.0000	224.0000	-23.9192	  2.3305	  1.0000	  1.0042
928.0000	224.0000	-24.7863	  1.0524	  1.0000	  1.0000
960.0000	224.0000	-25.5878	 -0.0996	  1.0000	  1.0014
992.0000	224.0000	-26.1378	 -0.9061	  1.0000	  1.0008
1024.0000	224.0000	-26.4345	 -1.3443	  1.0000	  1.0016
 32.0000	256.0000	-28.0820	  2.6275	  1.0000	  1.0041
 64.0000	256.0000	-27.5388	  3.0282	  1.0000	  1.0128
 96.0000	256.0000	-26.5488	  3.6511	  1.0000	  1.0023
128.0000	256.0000	-25.0469	  4.3401	  1.0000	  1.0083
160.0000	256.0000	-23.1322	  4.9166	  1.0000	  1.0025
192.0000	256.0000	-20.9527	  5.2600	  1.0000	  1.0036
224.0000	256.0000	-18.5403	  5.1704	  1.0000	  1.0095
256.0000	256.0000	-16.1676	  4.8351	  1.0000	  1.0114
288.0000	256.0000	-14.1311	  4.2914	  1.0000	  1.0333
320.0000	256.0000	-12.8314	  3.6800	  1.0000	  1.0102
352.0000	256.0000	-12.5764	  3.1851	  1.0000	  1.0240
384.0000	256.0000	-13.3694	  2.8906	  1.0000	  1.0024
416.0000	256.0000	-14.9508	  2.8059	  1.0000	  1.0002
448.0000	256.0000	-16.8915	  2.8733	  1.0000	  1.0010
480.0000	256.0000	-18.7128	  3.0002	  1.0000	  1.0054
512.0000	256.0000	-20.1265	  3.1148	  1.0000	  1.0591
544.0000	256.0000	-21.1277	  3.1921	  1.0000	  1.0271
576.0000	256.0000	-21.8176	  3.2035	  1.0000	  1.0014
608.0000	256.0000	-22.2780	  3.1573	  1.0000	  1.0000
640.0000	256.0000	-22.5290	  3.1128	  1.0000	  1.0000
672.0000	256.0000	-22.5389	  3.1500	  1.0000	  1.0011
704.0000	256.0000	-22.3297	  3.3003	  1.0000	  0.0000
736.0000	256.0000	-21.9688	  3.5235	  1.0000	  1.0598
768.0000	256.0000	-21.6225	  3.6820	  1.0000	  1.0037
800.0000	256.0000	-21.5217	  3.5862	  1.0000	  1.0003
832.0000	256.0000	-21.8252	  3.0939	  1.0000	  1.0031
864.0000	256.0000	-22.4791	  2.2234	  1.0000	  1.0526
896.0000	256.0000	-23.3511	  1.0978	  1.0000	  1.0038
928.0000	256.0000	-24.2556	 -0.0678	  1.0000	  1.0008
960.0000	256.0000	-24.9970	 -1.0378	  1.0000	  1.0004
992.0000	256.0000	-25.4599	 -1.6726	  1.0000	  1.0000
1024.0000	256.0000	-25.6872	 -1.9965	  1.0000	  1.0000
 32.0000	288.0000	-28.1827	  2.2060	  1.0000	  0.0000
 64.0000	288.0000	-27.5571	  2.4360	  1.0000	  1.0094
 96.0000	288.0000	-26.4548	  2.7833	  1.0000	  1.0031
128.0000	288.0000	-24.8054	  3.1437	  1.0000	  1.0045
160.0000	288.0000	-22.7180	  3.4089	  1.0000	  1.0035
192.0000	288.0000	-20.3872	  3.4949	  1.0000	  1.0060
224.0000	288.0000	-17.9539	  3.3546	  1.0000	  1.0014
256.0000	288.0000	-15.6381	  3.1048	  1.0000	  1.0214
288.0000	288.0000	-13.7238	  2.8622	  1.0000	  1.0534
320.0000	288.0000	-12.4934	  2.6289	  1.0000	  0.0000
352.0000	288.0000	-12.1900	  2.4771	  1.0000	  1.0292
384.0000	288.0000	-12.7976	  2.4442	  1.0000	  1.0001
416.0000	288.0000	-14.0774	  2.5280	  1.0000	  0.0000
448.0000	288.0000	-15.6831	  2.6890	  1.0000	  1.0002
480.0000	288.0000	-17.2003	  2.8594	  1.0000	  1.0007
512.0000	288.0000	-18.3513	  2.9976	  1.0000	  1.0011
544.0000	288.0000	-19.1755	  3.1217	  1.0000	  1.0004
576.0000	288.0000	-19.7237	  3.1916	  1.0000	  1.0008
608.0000	288.0000	-20.0573	  3.2086	  1.0000	  0.0000
640.0000	288.0000	-20.2167	  3.2157	  1.0000	  1.0001
672.0000	288.0000	-20.2047	  3.2598	  1.0000	  1.0002
704.0000	288.0000	-20.0637	  3.3424	  1.0000	  1.0011
736.0000	288.0000	-19.8673	  3.4043	  1.0000	  1.0587
768.0000	288.0000	-19.7884	  3.3123	  1.0000	  1.0036
800.0000	288.0000	-20.0419	  2.9185	  1.0000	  1.0001
832.0000	288.0000	-20.7122	  2.1611	  1.0000	  1.0007
864.0000	288.0000	-21.6665	  1.1289	  1.0000	  1.0002
896.0000	288.0000	-22.7207	 -0.0204	  1.0000	  1.0002
928.0000	288.0000	-23.6684	 -1.0738	  1.0000	  1.0006
960.0000	288.0000	-24.3529	 -1.8598	  1.0000	  1.0005
992.0000	288.0000	-24.7305	 -2.3196	  1.0000	  0.0000
1024.0000	288.0000	-24.8946	 -2.5320	  1.0000	  1.0006
 32.0000	320.0000	-28.0691	  1.6774	  1.0000	  1.0033
 64.0000	320.0000	-27.3526	  1.7062	  1.0000	  1.0060
 96.0000	320.0000	-26.1518	  1.7189	  1.0000	  1.0023
128.0000	320.0000	-24.3331	  1.6587	  1.0000	  1.0078
160.0000	320.0000	-22.0275	  1.5126	  1.0000	  1.0110
192.0000	320.0000	-19.5093	  1.3289	  1.0000	  1.0094
224.0000	320.0000	-17.0059	  1.1475	  1.0000	  1.0002
256.0000	320.0000	-14.7482	  1.0729	  1.0000	  0.0000
288.0000	320.0000	-12.9534	  1.1541	  1.0000	  1.0605
320.0000	320.0000	-11.8499	  1.3418	  1.0000	  1.0021
352.0000	320.0000	-11.5956	  1.5725	  1.0000	  1.0003
384.0000	320.0000	-12.1185	  1.8237	  1.0000	  1.0015
416.0000	320.0000	-13.1609	  2.0796	  1.0000	  1.0184
448.0000	320.0000	-14.4535	  2.3274	  1.0000	  1.0656
480.0000	320.0000	-15.6676	  2.5361	  1.0000	  1.0009
512.0000	320.0000	-16.5662	  2.7086	  1.0000	  1.0004
544.0000	320.0000	-17.1746	  2.8697	  1.0000	  1.0004
576.0000	320.0000	-17.6151	  3.0124	  1.0000	  1.0001
608.0000	320.0000	-17.9135	  3.1238	  1.0000	  1.0001
640.0000	320.0000	-18.1014	  3.2211	  1.0000	  0.0000
672.0000	320.0000	-18.1843	  3.3141	  1.0000	  1.0002
704.0000	320.0000	-18.1952	  3.3704	  1.0000	  1.0010
736.0000	320.0000	-18.1955	  3.3137	  1.0000	  1.0007
768.0000	320.0000	-18.3290	  3.0344	  1.0000	  1.0000
800.0000	320.0000	-18.8527	  2.4119	  1.0000	  1.0001
832.0000	320.0000	-19.8019	  1.4489	  1.0000	  1.0006
864.0000	320.0000	-20.9850	  0.2928	  1.0000	  1.0010
896.0000	320.0000	-22.1769	 -0.8703	  1.0000	  1.0592
928.0000	320.0000	-23.1522	 -1.8313	  1.0000	  1.0021
960.0000	320.0000	-23.7856	 -2.4680	  1.0000	  0.0000
992.0000	320.0000	-24.0975	 -2.7854	  1.0000	  1.0005
1024.0000	320.0000	-24.2149	 -2.9089	  1.0000	  1.0630
 32.0000	352.0000	-27.8739	  1.0576	  1.0000	  1.0027
 64.0000	352.0000	-27.1523	  0.9071	  1.0000	  1.0122
 96.0000	352.0000	-25.8486	  0.6040	  1.0000	  1.0034
128.0000	352.0000	-23.8812	  0.1367	  1.0000	  1.0110
160.0000	352.0000	-21.3622	 -0.4205	  1.0000	  1.0171
192.0000	352.0000	-18.6383	 -0.8427	  1.0000	  1.0273
224.0000	352.0000	-16.0093	 -1.0361	  1.0000	  1.0349
256.0000	352.0000	-13.7352	 -0.9353	  1.0000	  1.0050
288.0000	352.0000	-12.0215	 -0.5460	  1.0000	  1.0119
320.0000	352.0000	-11.0597	  0.0411	  1.0000	  1.0007
352.0000	352.0000	-10.8981	  0.6145	  1.0000	  1.0013
384.0000	352.0000	-11.3958	  1.1076	  1.0000	  1.0007
416.0000	352.0000	-12.2274	  1.4982	  1.0000	  1.0189
448.0000	352.0000	-13.1951	  1.8043	  1.0000	  1.0662
480.0000	352.0000	-14.0703	  2.0337	  1.0000	  1.0014
512.0000	352.0000	-14.7002	  2.2260	  1.0000	  1.0003
544.0000	352.0000	-15.1449	  2.4245	  1.0000	  1.0002
576.0000	352.0000	-15.6026	  2.6461	  1.0000	  1.0004
608.0000	352.0000	-16.0501	  2.8663	  1.0000	  1.0007
640.0000	352.0000	-16.4724	  3.0763	  1.0000	  1.0001
672.0000	352.0000	-16.8301	  3.2512	  1.0000	  1.0001
704.0000	352.0000	-17.1088	  3.3256	  1.0000	  1.0008
736.0000	352.0000	-17.3512	  3.2051	  1.0000	  1.0006
768.0000	352.0000	-17.6049	  2.8322	  1.0000	  1.0001
800.0000	352.0000	-18.2720	  2.0830	  1.0000	  1.0003
832.0000	352.0000	-19.3554	  1.0065	  1.0000	  1.0000
864.0000	352.0000	-20.6344	 -0.2115	  1.0000	  1.0007
896.0000	352.0000	-21.8671	 -1.3694	  1.0000	  1.0725
928.0000	352.0000	-22.8214	 -2.2635	  1.0000	  1.0008
960.0000	352.0000	-23.3947	 -2.8033	  0.0000	  1.0004
992.0000	352.0000	-23.6614	 -3.0291	  1.0000	  1.0018
1024.0000	352.0000	-23.7491	 -3.0969	  1.0000	  1.0620
 32.0000	384.0000	-27.5745	  0.3084	  1.0000	  1.0014
 64.0000	384.0000	-26.8982	  0.0371	  1.0000	  1.0145
 96.0000	384.0000	-25.6285	 -0.4726	  1.0000	  1.0045
128.0000	384.0000	-23.6738	 -1.2015	  1.0000	  1.0201
160.0000	384.0000	-21.0935	 -2.0090	  1.0000	  1.0018
192.0000	384.0000	-18.2274	 -2.5481	  1.0000	  1.0034
224.0000	384.0000	-15.4437	 -2.7047	  1.0000	  1.0453
256.0000	384.0000	-13.0573	 -2.4462	  1.0000	  1.0095
288.0000	384.0000	-11.2902	 -1.8246	  1.0000	  1.0011
320.0000	384.0000	-10.3240	 -0.9807	  1.0000	  1.0002
352.0000	384.0000	-10.1507	 -0.2055	  1.0000	  1.0012
384.0000	384.0000	-10.5297	  0.4125	  1.0000	  1.0013
416.0000	384.0000	-11.0975	  0.8577	  1.0000	  1.0008
448.0000	384.0000	-11.7140	  1.1760	  1.0000	  1.0008
480.0000	384.0000	-12.2533	  1.4056	  1.0000	  0.0000
512.0000	384.0000	-12.6918	  1.6053	  1.0000	  1.0015
544.0000	384.0000	-13.1771	  1.8383	  1.0000	  1.0000
576.0000	384.0000	-13.8681	  2.1233	  1.0000	  1.0010
608.0000	384.0000	-14.7158	  2.4375	  1.0000	  1.0008
640.0000	384.0000	-15.6219	  2.7529	  1.0000	  0.0000
672.0000	384.0000	-16.4425	  3.0205	  1.0000	  0.0000
704.0000	384.0000	-17.0528	  3.1561	  1.0000	  1.0006
736.0000	384.0000	-17.4410	  3.0598	  1.0000	  1.0003
768.0000	384.0000	-17.8467	  2.6537	  1.0000	  1.0001
800.0000	384.0000	-18.5617	  1.8759	  1.0000	  1.0001
832.0000	384.0000	-19.6103	  0.7905	  1.0000	  1.0001
864.0000	384.0000	-20.8068	 -0.4096	  1.0000	  1.0039
896.0000	384.0000	-21.9360	 -1.5247	  1.0000	  1.0386
928.0000	384.0000	-22.7903	 -2.3619	  1.0000	  1.0002
960.0000	384.0000	-23.2902	 -2.8452	  1.0000	  1.0003
992.0000	384.0000	-23.5009	 -3.0289	  1.0000	  1.0001
1024.0000	384.0000	-23.5628	 -3.0731	  1.0000	  1.0001
 32.0000	416.0000	-27.0971	 -0.7053	  1.0000	  1.0146
 64.0000	416.0000	-26.5260	 -1.0219	  1.0000	  1.0137
 96.0000	416.0000	-25.4429	 -1.5955	  1.0000	  1.0150
128.0000	416.0000	-23.7033	 -2.3919	  1.0000	  1.0266
160.0000	416.0000	-21.2751	 -3.2254	  1.0000	  1.0047
192.0000	416.0000	-18.3860	 -3.7086	  1.0000	  1.0006
224.0000	416.0000	-15.4654	 -3.7431	  1.0000	  1.0011
256.0000	416.0000	-12.8933	 -3.3292	  1.0000	  1.0013
288.0000	416.0000	-10.9225	 -2.5547	  1.0000	  1.0000
320.0000	416.0000	 -9.7621	 -1.6004	  1.0000	  1.0000
352.0000	416.0000	 -9.4353	 -0.7749	  1.0000	  0.0000
384.0000	416.0000	 -9.6032	 -0.1544	  1.0000	  1.0027
416.0000	416.0000	 -9.8437	  0.2719	  1.0000	  1.0003
448.0000	416.0000	-10.1167	  0.5650	  1.0000	  1.0019
480.0000	416.0000	-10.3882	  0.7768	  1.0000	  1.0011
512.0000	416.0000	-10.7802	  0.9734	  1.0000	  1.0002
544.0000	416.0000	-11.5663	  1.2332	  1.0000	  1.0008
576.0000	416.0000	-12.6582	  1.5418	  1.0000	  0.0000
608.0000	416.0000	-14.1091	  1.9076	  1.0000	  1.0004
640.0000	416.0000	-15.6823	  2.2896	  1.0000	  1.0003
672.0000	416.0000	-17.0888	  2.6229	  1.0000	  1.0003
704.0000	416.0000	-18.0933	  2.8143	  1.0000	  1.0007
736.0000	416.0000	-18.6568	  2.7630	  1.0000	  1.0001
768.0000	416.0000	-19.1198	  2.3937	  1.0000	  1.0002
800.0000	416.0000	-19.7502	  1.6747	  1.0000	  1.0005
832.0000	416.0000	-20.6012	  0.6733	  1.0000	  0.0000
864.0000	416.0000	-21.5498	 -0.4285	  1.0000	  0.0000
896.0000	416.0000	-22.4357	 -1.4466	  1.0000	  1.0003
928.0000	416.0000	-23.1001	 -2.2065	  1.0000	  1.0007
960.0000	416.0000	-23.4837	 -2.6401	  1.0000	  1.0003
992.0000	416.0000	-23.6370	 -2.7994	  1.0000	  0.0000
1024.0000	416.0000	-23.6786	 -2.8339	  1.0000	  1.0001
 32.0000	448.0000	-26.4384	 -1.9915	  1.0000	  1.0048
 64.0000	448.0000	-25.9988	 -2.3001	  1.0000	  1.0038
 96.0000	448.0000	-25.1947	 -2.8274	  1.0000	  1.0030
128.0000	448.0000	-23.7940	 -3.5507	  1.0000	  0.0000
160.0000	448.0000	-21.6535	 -4.2641	  1.0000	  1.0008
192.0000	448.0000	-18.8583	 -4.5643	  1.0000	  1.0006
224.0000	448.0000	-15.8644	 -4.4065	  1.0000	  1.0000
256.0000	448.0000	-13.0985	 -3.8293	  1.0000	  1.0002
288.0000	448.0000	-10.8485	 -2.9422	  1.0000	  1.0001
320.0000	448.0000	 -9.3815	 -1.9451	  1.0000	  1.0011
352.0000	448.0000	 -8.7844	 -1.1516	  1.0000	  1.0010
384.0000	448.0000	 -8.6458	 -0.5958	  1.0000	  1.0039
416.0000	448.0000	 -8.5504	 -0.2225	  1.0000	  0.0000
448.0000	448.0000	 -8.5125	  0.0325	  1.0000	  1.0003
480.0000	448.0000	 -8.6380	  0.2257	  1.0000	  1.0000
512.0000	448.0000	 -9.0694	  0.4054	  1.0000	  0.0000
544.0000	448.0000	-10.2286	  0.6632	  1.0000	  1.0010
576.0000	448.0000	-11.9540	  0.9806	  1.0000	  1.0011
608.0000	448.0000	-14.1680	  1.3657	  1.0000	  1.0004
640.0000	448.0000	-16.4757	  1.7711	  1.0000	  1.0003
672.0000	448.0000	-18.4708	  2.1288	  1.0000	  1.0000
704.0000	448.0000	-19.8569	  2.3495	  1.0000	  1.0008
736.0000	448.0000	-20.6091	  2.3415	  1.0000	  1.0001
768.0000	448.0000	-21.0856	  2.0439	  1.0000	  1.0003
800.0000	448.0000	-21.5542	  1.4370	  1.0000	  1.0009
832.0000	448.0000	-22.1063	  0.5813	  1.0000	  1.0003
864.0000	448.0000	-22.7005	 -0.3637	  1.0000	  1.0002
896.0000	448.0000	-23.2495	 -1.2385	  1.0000	  1.0001
928.0000	448.0000	-23.6588	 -1.8934	  1.0000	  1.0001
960.0000	448.0000	-23.8925	 -2.2671	  1.0000	  1.0001
992.0000	448.0000	-23.9838	 -2.4027	  1.0000	  1.0000
1024.0000	448.0000	-24.0077	 -2.4306	  1.0000	  1.0003
 32.0000	480.0000	-25.7256	 -3.3674	  1.0000	  1.0099
 64.0000	480.0000	-25.4528	 -3.6196	  1.0000	  1.0014
 96.0000	480.0000	-24.9011	 -4.0634	  1.0000	  1.0027
128.0000	480.0000	-23.8677	 -4.6397	  1.0000	  1.0473
160.0000	480.0000	-22.0840	 -5.1520	  1.0000	  1.0126
192.0000	480.0000	-19.4718	 -5.2137	  1.0000	  1.0032
224.0000	480.0000	-16.4784	 -4.8378	  1.0000	  1.0002
256.0000	480.0000	-13.5423	 -4.1000	  1.0000	  0.0000
288.0000	480.0000	-10.9757	 -3.1239	  1.0000	  0.0000
320.0000	480.0000	 -9.1308	 -2.1184	  1.0000	  1.0037
352.0000	480.0000	 -8.1896	 -1.3872	  1.0000	  1.0012
384.0000	480.0000	 -7.7106	 -0.9116	  1.0000	  0.0000
416.0000	480.0000	 -7.2651	 -0.6080	  1.0000	  1.0005
448.0000	480.0000	 -6.9724	 -0.3932	  1.0000	  1.0011
480.0000	480.0000	 -7.0252	 -0.2210	  1.0000	  1.0023
512.0000	480.0000	 -7.6248	 -0.0553	  1.0000	  1.0014
544.0000	480.0000	 -9.1932	  0.1839	  1.0000	  1.0009
576.0000	480.0000	-11.7259	  0.5118	  1.0000	  1.0002
608.0000	480.0000	-14.7372	  0.8966	  1.0000	  1.0000
640.0000	480.0000	-17.6963	  1.2917	  1.0000	  1.0006
672.0000	480.0000	-20.1458	  1.6375	  1.0000	  1.0005
704.0000	480.0000	-21.8011	  1.8612	  1.0000	  1.0004
736.0000	480.0000	-22.7368	  1.8861	  1.0000	  1.0000
768.0000	480.0000	-23.2312	  1.6672	  1.0000	  1.0008
800.0000	480.0000	-23.5315	  1.1885	  1.0000	  1.0001
832.0000	480.0000	-23.7650	  0.4991	  1.0000	  1.0001
864.0000	480.0000	-23.9804	 -0.2690	  1.0000	  1.0007
896.0000	480.0000	-24.1701	 -0.9835	  1.0000	  1.0001
928.0000	480.0000	-24.3095	 -1.5207	  1.0000	  1.0001
960.0000	480.0000	-24.3868	 -1.8276	  1.0000	  1.0001
992.0000	480.0000	-24.4180	 -1.9370	  1.0000	  1.0002
1024.0000	480.0000	-24.4271	 -1.9580	  1.0000	  1.0005
 32.0000	512.0000	-24.9857	 -4.7265	  1.0000	  1.0115
 64.0000	512.0000	-24.8494	 -4.9134	  1.0000	  1.0104
 96.0000	512.0000	-24.5278	 -5.2456	  1.0000	  1.0156
128.0000	512.0000	-23.8556	 -5.6368	  1.0000	  1.0192
160.0000	512.0000	-22.4533	 -5.9149	  1.0000	  1.0165
192.0000	512.0000	-20.0924	 -5.7318	  1.0000	  1.0177
224.0000	512.0000	-17.1688	 -5.1454	  1.0000	  1.0022
256.0000	512.0000	-14.0867	 -4.2538	  1.0000	  1.0003
288.0000	512.0000	-11.1616	 -3.1894	  1.0000	  1.0004
320.0000	512.0000	 -8.8590	 -2.1731	  1.0000	  1.0005
352.0000	512.0000	 -7.5045	 -1.5026	  1.0000	  1.0015
384.0000	512.0000	 -6.6468	 -1.1080	  1.0000	  1.0005
416.0000	512.0000	 -5.9124	 -0.8712	  1.0000	  1.0011
448.0000	512.0000	 -5.4692	 -0.7007	  1.0000	  1.0000
480.0000	512.0000	 -5.6082	 -0.5419	  1.0000	  1.0006
512.0000	512.0000	 -6.6221	 -0.3651	  1.0000	  1.0017
544.0000	512.0000	 -8.7867	 -0.1228	  1.0000	  1.0011
576.0000	512.0000	-12.0229	  0.1999	  1.0000	  1.0001
608.0000	512.0000	-15.6545	  0.5628	  1.0000	  1.0012
640.0000	512.0000	-19.0413	  0.9228	  1.0000	  1.0004
672.0000	512.0000	-21.7231	  1.2321	  1.0000	  1.0006
704.0000	512.0000	-23.4750	  1.4395	  1.0000	  1.0003
736.0000	512.0000	-24.5866	  1.4842	  1.0000	  1.0006
768.0000	512.0000	-25.1293	  1.3351	  1.0000	  1.0001
800.0000	512.0000	-25.3063	  0.9740	  1.0000	  1.0001
832.0000	512.0000	-25.2672	  0.4386	  1.0000	  1.0009
864.0000	512.0000	-25.1508	 -0.1649	  1.0000	  1.0003
896.0000	512.0000	-25.0232	 -0.7289	  1.0000	  1.0002
928.0000	512.0000	-24.9253	 -1.1537	  1.0000	  1.0001
960.0000	512.0000	-24.8679	 -1.3949	  1.0000	  1.0007
992.0000	512.0000	-24.8522	 -1.4774	  1.0000	  1.0002
1024.0000	512.0000	-24.8514	 -1.4911	  1.0000	  1.0002
 32.0000	544.0000	-24.2979	 -5.9279	  1.0000	  0.0000
 64.0000	544.0000	-24.2686	 -6.0502	  1.0000	  1.0321
 96.0000	544.0000	-24.1467	 -6.2664	  1.0000	  1.0275
128.0000	544.0000	-23.7420	 -6.4989	  1.0000	  1.0236
160.0000	544.0000	-22.6715	 -6.5747	  1.0000	  1.0133
192.0000	544.0000	-20.5950	 -6.2013	  1.0000	  1.0384
224.0000	544.0000	-17.8001	 -5.4522	  1.0000	  1.0012
256.0000	544.0000	-14.6095	 -4.4253	  1.0000	  0.0000
288.0000	544.0000	-11.3159	 -3.2530	  1.0000	  1.0001
320.0000	544.0000	 -8.5386	 -2.1855	  1.0000	  0.0000
352.0000	544.0000	 -6.7920	 -1.5360	  1.0000	  1.0005
384.0000	544.0000	 -5.6451	 -1.1888	  1.0000	  1.0022
416.0000	544.0000	 -4.7666	 -0.9944	  1.0000	  1.0005
448.0000	544.0000	 -4.3432	 -0.8523	  1.0000	  1.0005
480.0000	544.0000	 -4.7341	 -0.7001	  1.0000	  1.0013
512.0000	544.0000	 -6.2255	 -0.5091	  1.0000	  1.0007
544.0000	544.0000	 -8.9401	 -0.2586	  1.0000	  1.0005
576.0000	544.0000	-12.6561	  0.0528	  1.0000	  1.0001
608.0000	544.0000	-16.6285	  0.3866	  1.0000	  1.0001
640.0000	544.0000	-20.1603	  0.7064	  1.0000	  1.0001
672.0000	544.0000	-22.8667	  0.9748	  1.0000	  1.0003
704.0000	544.0000	-24.7248	  1.1565	  1.0000	  1.0001
736.0000	544.0000	-25.8298	  1.2141	  1.0000	  1.0003
768.0000	544.0000	-26.4182	  1.1181	  1.0000	  1.0000
800.0000	544.0000	-26.5492	  0.8432	  1.0000	  0.0000
832.0000	544.0000	-26.3454	  0.4193	  1.0000	  1.0003
864.0000	544.0000	-26.0079	 -0.0613	  1.0000	  1.0003
896.0000	544.0000	-25.6620	 -0.5103	  1.0000	  1.0006
928.0000	544.0000	-25.4017	 -0.8457	  1.0000	  0.0000
960.0000	544.0000	-25.2563	 -1.0321	  1.0000	  1.0005
992.0000	544.0000	-25.2207	 -1.0902	  1.0000	  1.0009
1024.0000	544.0000	-25.2174	 -1.0971	  1.0000	  1.0004
 32.0000	576.0000	-23.8085	 -6.7399	  1.0000	  1.0008
 64.0000	576.0000	-23.8367	 -6.8224	  1.0000	  1.0002
 96.0000	576.0000	-23.8262	 -6.9645	  1.0000	  1.0015
128.0000	576.0000	-23.5811	 -7.0949	  1.0000	  1.0003
160.0000	576.0000	-22.7218	 -7.0485	  1.0000	  1.0001
192.0000	576.0000	-20.8561	 -6.5703	  1.0000	  1.0011
224.0000	576.0000	-18.1785	 -5.7296	  1.0000	  1.0014
256.0000	576.0000	-14.9303	 -4.6146	  1.0000	  1.0009
288.0000	576.0000	-11.3795	 -3.3565	  1.0000	  1.0010
320.0000	576.0000	 -8.2632	 -2.2347	  1.0000	  1.0000
352.0000	576.0000	 -6.2395	 -1.5730	  1.0000	  1.0005
384.0000	576.0000	 -4.9179	 -1.2350	  1.0000	  1.0002
416.0000	576.0000	 -3.9965	 -1.0524	  1.0000	  1.0023
448.0000	576.0000	 -3.6607	 -0.9174	  1.0000	  1.0011
480.0000	576.0000	 -4.3061	 -0.7605	  1.0000	  1.0003
512.0000	576.0000	 -6.1762	 -0.5547	  1.0000	  1.0002
544.0000	576.0000	 -9.2710	 -0.2948	  1.0000	  1.0005
576.0000	576.0000	-13.2482	  0.0093	  1.0000	  1.0002
608.0000	576.0000	-17.3386	  0.3219	  1.0000	  1.0001
640.0000	576.0000	-20.8046	  0.6102	  1.0000	  1.0009
672.0000	576.0000	-23.3184	  0.8439	  1.0000	  1.0010
704.0000	576.0000	-25.2006	  1.0033	  1.0000	  1.0006
736.0000	576.0000	-26.3145	  1.0657	  1.0000	  1.0002
768.0000	576.0000	-27.0358	  1.0044	  1.0000	  1.0002
800.0000	576.0000	-27.2050	  0.7812	  1.0000	  1.0002
832.0000	576.0000	-26.9372	  0.4223	  1.0000	  1.0001
864.0000	576.0000	-26.4870	  0.0128	  1.0000	  1.0001
896.0000	576.0000	-26.0224	 -0.3690	  1.0000	  1.0001
928.0000	576.0000	-25.6733	 -0.6511	  1.0000	  0.0000
960.0000	576.0000	-25.4859	 -0.8032	  1.0000	  1.0002
992.0000	576.0000	-25.4676	 -0.8410	  1.0000	  1.0002
1024.0000	576.0000	-25.4657	 -0.8436	  1.0000	  1.0003
 32.0000	608.0000	-23.5666	 -7.1255	  1.0000	  0.0000
 64.0000	608.0000	-23.6158	 -7.1931	  1.0000	  1.0062
 96.0000	608.0000	-23.6505	 -7.3034	  1.0000	  1.0004
128.0000	608.0000	-23.4777	 -7.3868	  1.0000	  1.0004
160.0000	608.0000	-22.7216	 -7.2896	  1.0000	  1.0013
192.0000	608.0000	-20.9719	 -6.7807	  1.0000	  1.0001
224.0000	608.0000	-18.3687	 -5.9091	  1.0000	  1.0010
256.0000	608.0000	-15.0947	 -4.7543	  1.0000	  1.0023
288.0000	608.0000	-11.3931	 -3.4460	  1.0000	  1.0019
320.0000	608.0000	 -8.0802	 -2.2848	  1.0000	  1.0007
352.0000	608.0000	 -5.9043	 -1.6045	  1.0000	  1.0011
384.0000	608.0000	 -4.4972	 -1.2611	  1.0000	  1.0004
416.0000	608.0000	 -3.5697	 -1.0780	  1.0000	  1.0015
448.0000	608.0000	 -3.3077	 -0.9422	  1.0000	  1.0010
480.0000	608.0000	 -4.1199	 -0.7792	  1.0000	  1.0003
512.0000	608.0000	 -6.2109	 -0.5632	  1.0000	  1.0003
544.0000	608.0000	 -9.5074	 -0.2957	  1.0000	  1.0005
576.0000	608.0000	-13.5987	  0.0076	  1.0000	  1.0003
608.0000	608.0000	-17.7062	  0.3111	  1.0000	  1.0004
640.0000	608.0000	-21.0812	  0.5826	  1.0000	  1.0000
672.0000	608.0000	-23.4455	  0.7933	  1.0000	  1.0004
704.0000	608.0000	-25.2233	  0.9403	  1.0000	  1.0006
736.0000	608.0000	-26.4185	  1.0062	  1.0000	  1.0005
768.0000	608.0000	-27.2153	  0.9668	  1.0000	  1.0001
800.0000	608.0000	-27.4203	  0.7663	  1.0000	  1.0001
832.0000	608.0000	-27.1401	  0.4314	  1.0000	  1.0000
864.0000	608.0000	-26.6532	  0.0475	  1.0000	  1.0000
896.0000	608.0000	-26.1456	 -0.3104	  1.0000	  1.0000
928.0000	608.0000	-25.7617	 -0.5734	  1.0000	  1.0000
960.0000	608.0000	-25.5583	 -0.7129	  0.0000	  1.0002
992.0000	608.0000	-25.5996	 -0.7322	  0.0000	  1.0005
1024.0000	608.0000	-25.5894	 -0.7353	  1.0000	  1.0003
